916773455
449405063
1565883242
1918082317
1928381696
818481035
1542913598
1608037252
1767801423
870359104
147623749
1222199506
1428876800
1212567888
1052985165
521621292
1774648396
892163202
249596832
1034062247
1745301434
1682942767
1746472667
246289958
122855373
1882984021
746221614
652382650
268873495
1864219233
382359818
1185646950
166140649
1948243060
956245619
2094522345
619240447
351675569
1555075949
239558223
1222034674
1702699698
1461757729
503427826
767783938
367259246
1025049118
394948687
1259422448
1274645951
1429010934
857240234
810105070
1027999953
1103530192
932960444
763500326
1849751806
1585343094
1032373822
1566487392
1967702912
70537124
1732628041
1768462325
1026782744
1679666738
240219124
1378458313
1087259039
479777347
453009339
642475090
1941535076
956437165
1410259028
161310674
1981486284
1805207715
1420733123
1108648587
1086735001
130489709
1918753657
2114734954
1234019902
704230453
730751633
936288060
142089900
1763125455
355291804
2109792812
1833662579
2087919845
1730771489
712961675
1620102935
1970990614
2091419989
559878327
303284313
396945680
1202353417
97335742
1353382846
465128797
258646416
1187385482
122852865
1679379539
148550421
1209587866
1809869249
2067304078
1176839173
896405503
624050884
1907590806
1832693563
766140784
1523232613
40501720
728449948
1209411544
2128421565
311737790
1922373220
1601040853
135244756
1866309561
13435532
438529069
115771593
1215788949
535864811
1469154439
1680917746
794511228
509056273
1803770611
326407119
657606694
865874830
2136276368
577427125
2042714003
885198223
1201478009
1802821161
570408139
1967618793
1178570126
610909859
548585093
240498022
591847776
860322883
15387594
45404981
995567639
1881697155
58840513
1434096709
1997468749
1274629462
1969961520
1319139540
808063561
616989100
1828195814
464350524
943396220
338318860
1330225354
932188940
915745985
1225455709
1817387164
2117223994
880793222
240311655
1937359139
2059363348
851221514
338460585
152377723
1443069290
1198783468
167765317
1488474272
46867460
2049462473
1547314785
1480964169
1899447574
674460600
1303442041
1071103466
1482524161
1920431142
751815632
1946874685
716343714
1090134493
1129616392
1648532654
2005880478
207588453
1318436170
1975620825
1088381676
1558747825
1765496316
1000261376
262485691
2103956901
1152639099
1705554982
1155256722
1320404417
1046545606
1202124182
1222383242
446376743
535604703
974347168
1120837343
1839046744
2045450634
455877856
1611994238
649782619
255268894
180854304
1739917112
1384885286
1829386959
1598313942
1592473739
1000339481
1426451119
533371767
411603659
1044463788
1533633144
674089350
1000937041
538788595
232160684
8710115
1859193012
1278706290
1210834297
934092606
1725083034
1746439000
1908439774
698436729
1438002097
1806406761
1154314586
902512687
308705732
1409583480
1083366992
2048622844
646985118
765270303
1499453138
91975209
1765609784
778420610
625346977
29729795
1822884398
11496473
703819146
676337791
550285068
935979830
685047907
261994433
67202473
1895882204
1196087039
1792285507
1494837557
957043166
343238588
785356006
615966279
1497553174
1687868693
924672011
759653006
623752037
825811207
1406638124
1389022340
177780697
1498613334
1007148477
956201307
2123960311
1036878272
631602057
2135456784
1740697418
1307939849
538258204
529193601
1992987756
800252637
596396074
1741386312
1996339677
241197933
1088740221
805899195
584436521
1874096227
1421865474
2081989696
1414481273
199053837
694159054
2038233310
1024865044
2100797179
1279772003
1202645741
1451926865
139436832
11363401
1428403528
1176315104
642965458
1416376664
769528875
1950905307
1954634868
1298722476
1796409415
607403858
1895118550
1390312080
456259887
2136316483
331568653
1262159082
573269356
58181233
536540908
507775404
1472662506
735594745
1201934459
1363412168
1760459789
1155247990
495700523
815621882
459691207
635137355
826985283
1888094735
1811452460
1469950742
1156987751
433497687
1273372401
964138971
1732220163
922298169
1571542829
1479855065
165126601
2027802716
1468687900
496695254
1142478150
2041957256
554876487
1679019058
402249013
2027538993
267130155
1604183472
1243467514
2027589944
611947814
1739168037
695728179
1071639021
226821745
1522713462
812250108
2038274205
845180556
1969237859
324288244
2118552958
785893182
2056508407
893367479
209952364
1388879824
1058494080
90271432
710084076
1555189334
1232749583
604557684
2110065822
764284993
1006806697
1990121167
1031415149
463506521
1086105033
911521445
1075454335
677789423
1607249624
2147093356
904611168
982479439
811859816
795401725
1827659995
633614027
1119689969
1798729305
1419507210
1028714728
544613136
1629459574
270110904
1603107216
1719731006
980194980
1010812903
804996941
1584752664
973395077
1569281935
444075714
816032596
453213436
907582235
1902137630
1364734881
1983036571
432443405
824500858
1982646279
1337054573
1806980297
647022448
2132456298
1487156644
1280636475
1104662619
1138402302
552660037
2133377347
1683015438
34635963
256004603
1138639007
1754366970
1236199583
1968262
411880263
673468599
975363339
1981162198
1117544313
1791395935
286891986
2025126549
1546049917
1651626868
1860679472
1978493322
328644078
1695842103
1168064247
2135624375
195380903
1153036897
1475297371
1476017379
110215868
466216025
2028677416
96109567
1747816
2063313380
352114170
1140386823
1670196702
1588313753
1142355085
2082076965
114298705
2117718424
1915755516
1231843018
1761630711
55163854
1109485919
1160196981
1706790722
822681743
991206655
2035434800
371040199
11787255
2023575527
566421102
1164824152
1351389251
2042438481
1275040021
1817605276
1923632250
1371149588
1819353092
1839461982
1723263759
812256267
1362175036
1164093864
1954611352
1296768353
1278392569
1924846128
1065040221
362751940
1538993192
1120204076
1472237859
551706525
679511150
147435955
1542913180
567462303
518476154
1554700435
443554182
1084897256
572040940
1794943433
979852090
1847080961
1465065062
756000692
1070746901
1136934506
447979026
646527012
1949190774
1810154062
1810620877
1756318478
959438767
941529798
1533680959
2024478989
1304281738
925190503
997199417
629035950
1476897028
1676710567
776471905
872326560
96689222
1294948059
279543348
540243405
232361667
851584288
187703190
1212213757
551181601
1652768252
1968214449
1621928502
642219111
268709827
120971867
443926237
2078863889
1931592744
52761067
890819009
725638894
1586442026
767814350
2029920633
364148881
1765013767
511472935
1841045909
1294240686
1287944840
565888822
1390929909
435409251
845432170
1931173314
667770918
1697016458
2118876504
1879984676
100714411
1624161109
1700715477
1722642913
118896572
1969425305
1843614780
562822809
1900805546
1627723876
615583876
644140907
205879123
54542255
1411955257
88316108
418691136
1029485376
599789043
112253398
176242415
1887733883
678142220
1567172324
175659486
1523574390
1350861990
843430404
1073107200
1322254846
575931432
1173821611
798932307
129163262
748980876
917828879
2098588567
445112009
1480651688
1851910465
2072835885
2096235565
348567725
131231360
3294172
1760522982
219547468
421985308
642524711
819336511
534238706
818767126
559586746
1212380926
238455802
735246232
588471668
1589317792
1578676637
1661578868
764088990
7124421
687916831
1563021298
136287683
1436897708
333366529
87392602
1882009717
1814018218
1939303068
1807361954
1762770135
140387145
1938593315
1766064307
1900910127
10657135
40565967
395951190
829993647
574804674
