2032072251
2003012864
98598834
1190949753
234706555
1440284720
1568847719
294753865
1334204261
1124229691
327903047
1808740371
1784323632
1866945386
1399644455
1633957901
1628009388
1903231808
1120153754
1193724885
1626964703
1826223075
1462486503
7589307
426651968
1424608727
703458023
2016187259
1135187716
1923349240
1793074069
1019776320
1778878457
1891672904
63242425
2013585012
1184473976
1632090144
160855229
371194589
608836188
488758277
32451313
245676172
208220015
1432095768
1879634074
1836229404
1187843928
852304180
882470641
667324983
531043607
197473496
674914290
957695575
1622082223
1378372313
826399186
609786292
1154237906
471989608
1629562612
785632715
216178864
1692805037
651734079
1400652840
1177411533
812589308
1771847429
1786247721
1301347585
1804298742
2031923894
1509567601
1088910862
1764074320
1198313357
129271142
468894852
2080783998
796596126
999938459
130773847
1471510416
1957634035
1752856070
702399082
636549573
215158714
1856636988
1108539181
1844721326
494786055
1324718045
1390042715
1146520134
577887237
419970601
1959109442
202251019
58734674
1112973380
2006549761
2090658568
475057333
947976976
1707249240
1673370690
1077248118
28660444
1606671040
1873844244
1028598904
1737444887
1197871013
838749291
1342817310
1900270095
1475298864
1557976024
1609423435
436354398
1255213703
2104209490
1761072443
497772770
1103245976
191476033
917743371
914871770
393727052
976478046
2027845150
252793165
919652966
355418835
1200770141
479418559
2028789525
130534612
508079003
1487976918
2004378856
1536677907
1077938157
1054766221
227943550
273271819
807552668
1703242415
1831247844
269492455
2139596813
938977899
226218297
1753185608
1436750669
1329464273
1944661641
207010393
96852396
190905045
1183488439
2124697546
443698211
2103141405
332632734
1644468352
435076316
213938611
1775002964
943155320
1701915529
1631898173
332349579
632370039
539180746
560293130
905641858
1346733415
116051897
589406054
1616225870
108165062
1528383953
1842444168
1861350670
817650975
1024424793
1658528664
1024661368
1121277189
1849433709
60666159
1098491088
145648272
16323916
1431123822
1790116625
451400233
1645062433
1417635941
1394555553
1199494315
902050466
1726905132
1831864354
1441231213
139714614
590022564
640480980
255766511
1179428619
109223202
363931573
560328924
1951667370
77798596
1377979899
828608516
1736327260
255157619
1949885705
1438277321
315823778
900893145
1583925594
332147695
184533319
1226558571
783547928
1829595753
496710864
30619833
881606420
1398761331
1757524965
565987126
692508896
1897239580
1156009690
1332989876
5522443
187954661
1442213078
369454017
748283586
1246396801
447252613
2126263485
2075005317
36096225
233937457
1877407374
1474373546
549761235
630816872
910815492
881908930
815350191
2137374063
1665456858
497462296
486601280
1696076691
1379068716
1885362611
1306118009
1945055842
430387859
1055873941
953581885
1763377735
1061396384
1141536546
1058107165
1430850401
1889820132
157020318
1878103014
1868599970
84541987
1914199239
2102537427
1961949362
1241089138
504815014
