1865336537
1485520933
1370755975
1270188144
654699005
1092266318
310196119
534975555
1514528514
1645399032
1332164757
1840355654
1338820592
448861827
380624317
812279421
1518187823
200823603
2014299614
134211283
86286474
2004807798
135166083
1909528918
1085893850
1532839078
1495461079
747678109
509042365
968357793
2110672805
226895255
306395078
1333945132
1497083399
961094083
278727803
1807279519
1496069638
1793256317
1305194903
680750748
1486128324
496531847
1129612575
1866752641
1308811269
500316750
2067576244
1175627235
634528034
6379070
1032951385
769694117
1915907988
2118845235
155049547
1263885419
719039696
664091912
84759564
682228853
890987167
391154643
2016173986
240586919
1352248726
147418141
2047866438
700834717
1940674458
1205577693
1381585465
1279319134
1702109540
363714392
998588127
863437161
864031142
918680723
2039064397
1498559176
925059793
924532134
120769645
693484133
895893722
275819192
1957369552
1614933418
939911105
2042129117
149678624
1830898272
285800112
18368962
2071485191
1638048838
165787103
1971867981
191399907
2106461561
1029962026
1572985372
1238297048
584587919
1936699764
89401527
1448025080
653247259
1008082251
1339605829
4322787
1933142044
116654316
125092433
479142530
1012548038
400911625
289028434
479997808
1340822730
183673903
629676432
1024237355
469474015
648045394
948238898
2107522854
813832497
772623232
151439113
772810411
1802585258
1724424486
2011107459
239689529
1513640602
2100508986
1687714610
19404213
961107589
879836791
23727001
746765986
996491107
148819434
1225908516
2009039145
549731059
1514936950
341553306
1890553790
1698610854
971229738
767307497
20601221
1619275133
1715546395
2128124075
285623982
340685979
132079541
1058434393
2143271238
1856504027
922058204
235477119
1222660981
875083543
1923191729
1242065195
1836191132
655544873
1265792196
435473470
1652035980
1414611630
1661381986
1513591478
1964342689
1028835289
1855144784
1707412831
579962495
678890874
327236680
600563716
150682359
