1605884661
1915801759
389981488
1926698248
687963293
1772371802
138638859
387656366
1702857514
90093294
578878526
1700779431
321750014
2135172570
1201169859
603077402
2021828083
144587530
1817775030
5777579
295353437
20631767
258335409
1010349054
998303069
905088467
773903878
641981117
314399811
1459471207
1599592370
1920284472
1227789319
1989573858
1699499072
1915752612
1614462012
1838137932
155925330
1169835878
1928231226
734803856
723131662
102497592
722492778
1924301521
705574994
596837214
2068889051
375866376
602614793
216758840
396498143
860950202
1227107894
1394801213
1766038669
2001011772
2036782330
2080438480
1312999332
1488891052
1853239304
393305003
1330981262
1405254728
161573967
797959626
1095909012
317499297
1967795505
876656590
1052303153
543443519
979154182
1774795932
320261392
1684729177
224149498
241666795
2060595553
826764291
458425635
309610049
1687714493
1685533529
1704411262
1306269514
1539061653
1593709944
1239224346
704577337
935117348
944980002
1097882340
118614962
202751082
1259456307
916574588
1298660095
1576955604
736886445
27833037
481775110
1280329964
1006987220
109087394
1600591356
544232749
333236892
1842258151
457344654
1160001183
153200138
766954703
700232028
1838733667
323882317
2006501542
1230311673
1917592261
1098242240
1934889010
705225961
2043222242
885287703
823840923
98489676
2144744010
1740415512
1397149771
1574215967
329818309
1424982809
2055991077
1610148274
284486381
17594823
1063255982
828719130
350831715
758030486
1286063784
1510832898
911230624
2053018488
63581278
602480644
229417157
2070082820
1832792317
2147009419
1020841412
1620197679
704751732
916580006
358001734
1528592656
1015069682
355262097
1121524520
264735806
1929478064
1451342829
1689718615
1837985493
914007455
1974204996
1855580316
1977263438
655440478
58928383
587810276
1941504262
1569761281
1499040900
1847039102
1633342559
2101521544
2076456260
1555941731
1786830213
2075982031
429299495
1259544245
633250115
1345879501
1617545979
14359123
213465535
1972808076
1135883643
478201341
1754802492
439742825
20436308
1445304337
1353750280
1994641304
1153401005
1183530070
502598134
1212329388
1771340346
296618749
634607021
1122897599
2143657851
120465932
1076935495
2072630463
1676407663
716282061
2001128846
2105707158
1975826306
486895314
1304103011
1445888637
501254437
1517568547
1271213066
1637138081
1995769888
878531910
2076880906
2016206197
176352600
1283147538
1863363853
1329753605
319193961
218478340
394599346
2090534307
515097089
1029206367
1065948258
511271292
1149672300
2142883754
436418108
678596315
711682167
290063306
636819826
540024825
776958620
1940922837
1985913462
1278213058
1311007736
1109642880
767867491
1159293977
1988174791
697264749
1028016526
17043743
1980412287
743896731
1346797348
152122600
962375071
1741396694
95173260
1477472160
623119414
1161121518
1988743453
1772791714
1156521624
277677913
303904381
1868203791
567741219
940724207
260744968
1344699840
734163397
99174783
475429250
2045171133
1208817663
1243296741
1056981462
1049508806
1940561490
2084997988
1066552549
1773490129
681411072
265866250
1925612730
1643786143
2007262944
2020785990
973774656
482898710
1034423860
815034461
108206776
43461837
1092712374
412111158
1911665628
1660453593
1352835365
24926949
857669785
2086998762
124101732
1333099035
1984686248
1332919395
428912128
894184062
234944554
221989970
831698403
1301497103
1995480100
1513109475
1567363353
1773609182
1009411970
1427142650
1646911524
1983186626
1910041360
533851736
650737439
2018248137
577313573
1743449813
282875647
341495554
1256419759
1635711012
366422503
2114089544
1575226127
490524235
1299704932
1412428727
1823443630
1728617060
159129141
2058388184
1950607031
990827544
1212401640
1798603483
356453371
632281345
1424729017
1365865342
2059423995
924156893
1201568320
1821981708
1458008629
1852305760
1692746197
2035322203
1448271925
1975621844
229334109
557208036
1463849208
595756612
523813933
891591687
1086280847
1823518865
156536766
762240829
1404652277
315665908
673145366
1207775660
1306493452
1885547006
858895495
1662946824
370344703
136140864
881328518
282285051
1060297757
2082896838
2104266759
370822739
1787718950
1649529308
258661294
1088507228
1477667504
487995403
1645715264
794033064
1083752015
22045549
1685624752
22549214
1845564414
1842161518
784790043
1102733044
10343778
1457935409
163025056
1316837231
1195998767
1021920552
832300407
1566343471
1158061416
1713628925
1848628522
70875526
1649042115
1805411633
441698265
1289277418
1307457293
700359559
230300998
637641149
1188354962
1876016262
1431674213
124623329
1898061812
969815317
147172543
1596142578
664493188
931962586
551391974
674836966
242414348
714417031
1991674197
1438413115
1736337583
676490956
857272938
746915351
242636233
558417812
817790877
1891678349
216345797
1259489142
1033472119
1523803090
1959848701
1263773117
13960591
1000720015
992305731
1445634805
1125343344
742883895
267966474
1272515887
191542826
932459662
56994826
742934800
1607296629
299409174
1457351831
1451487178
1737822289
1046205766
2127978135
447611580
1793121118
223130720
1006029392
463428347
2114809069
1222375190
1722917490
1000797540
598694632
1535282543
117087009
612655224
388518911
1109392741
2058290029
1513862255
1852276636
178772855
638894495
2043819462
1111232518
695889321
639270615
571045499
995298495
2096622446
2022532677
585637136
995344565
2003027164
1033248716
640982035
78674237
2039278109
1104410382
45999658
1114169651
679844224
1046797199
1712864283
67643120
1163884208
178035859
456162031
125793301
88842240
1970024286
1978069938
267615096
461435133
1874405752
1378847614
1157324454
366192719
1949893113
5139301
315331518
1824942142
590776438
1310676083
1680485659
1624025154
1951658118
1759159896
1515819615
908584852
1805159554
482505618
1588429077
704473105
47886254
1656072197
1868357314
225922113
2112234228
1994150615
314764354
1934774866
1824736905
582379450
248726352
1551659010
1961227064
1406050806
1917851729
1763636529
1411190108
85699599
1441095023
2001966546
1396375682
974097034
1478508052
1200550152
585773282
846844020
2109135005
243449189
1329349638
1550080434
947922294
1377235892
1058668983
668795960
1603158006
1023419563
515462928
1917922360
810710781
192716185
352818162
1059437133
1744375195
166561578
318004292
1514743277
1930198107
1729194400
1600442876
1223809482
1583677298
849334911
50422869
914701702
2049885063
636196151
1761545722
2011536420
879645340
943411713
1414133206
1827567635
173163957
325318541
348879947
1776321963
1348738104
864342875
1546760675
11965238
1057059061
1899578837
1071402371
653950608
2066140415
1389406663
21210237
1848854874
971117415
1621653114
925180709
407311065
323504377
975603578
1322012768
225905792
1611799729
936074842
89958565
343961422
1879486555
1504091771
24045409
2052650513
1829410313
372925356
1681488828
1030664769
1237268232
1080765856
1042630007
146843645
832861045
2114032379
800794253
751517813
1355955394
822004491
452889039
179589162
296173957
1378069748
586900227
619678334
206189678
1908912995
845584126
1817989408
697504190
935542691
14467182
429507097
292150815
38512591
334673962
2121561128
