1531389953
1903466527
1347182027
550819721
72554661
952651114
1404726
1424552358
1540029416
517513824
1192466668
1613182835
1865659262
2077916309
1104039248
1784135498
2084966832
1922502674
1585440503
1432346838
382081339
397942700
898683914
1898978170
1310048073
925774516
949335107
1991049824
2051832523
552444625
994722454
1435738828
308427504
194420833
1986558549
380982165
1147071948
1987963275
1805534523
539617716
357993452
850517544
5316903
76169066
780950205
1109356151
1860304564
718433389
884375178
1298261419
3296580
1266456517
1696204120
901980494
1017951040
858768545
1827755010
1967286147
702334722
1732103885
372247125
1697057176
1020359066
680674629
1891478010
859433967
1061656795
891066310
699913595
719707670
1430684026
1057907047
1570225214
1436000929
1134076113
203691772
397873433
846897029
922125161
1282248611
2145158448
925421741
401221480
1693878920
1827402235
1419172520
405163818
1507673597
1238975020
1107498540
1092293835
1611222145
657072068
2112652901
144413126
401066430
824603220
1206069921
1292132740
1524516815
1925777592
575333118
434940214
1348519158
2011334048
1569016327
1552210930
261723833
268429708
326852444
1543972444
266104509
1252274185
1945193924
1959983429
932192773
1216882797
217663599
292382722
308374169
1325162139
1384676557
1919596314
1982234208
1349845810
2064009440
235816990
26965383
1122595714
1527949731
1551482198
900889658
2103282849
1986422413
101925168
1967133249
1407955092
1654136099
81373434
1676384801
1980988543
1625345878
1942489310
1085779080
1423056155
1754989091
2017971853
492455304
1972652691
162870928
800829473
1150331182
1547547485
572942139
985081742
749909648
489467931
1220898733
776875031
1612063645
601364816
180873581
365469655
557164017
19812346
467394824
376813619
1427767439
2121530923
458187053
956668592
1955035818
2083532932
751674254
893331250
1359105439
359179697
763819456
1851560743
184348740
926690384
504906568
1334679923
326754221
1077848707
172278017
1076663869
1567316638
1393176750
1853538900
1031896636
1994541566
2034412482
1397366291
404221936
2054224828
1864761115
781035555
1334508619
1838808390
1239222608
143693563
1646360560
1175271892
895367817
392208163
386893683
1254547515
1156027619
90970778
1438896255
2082718003
595877346
626092530
261988576
1673726053
798370548
1338652446
1093559044
44063650
1044707698
2125455680
2038605217
931636532
1375338323
295343505
838377713
1092615791
1076379060
25402684
783940533
168118020
169096248
282817446
1343389913
1064464065
675025609
1730283596
171527932
1831053228
1821254375
1610424188
1766287583
269648073
89033070
2028276159
1943374127
887403618
1219444957
889449523
931467269
116669008
867421555
822588838
1048305540
95276230
1117932343
1886683253
1187892021
46827755
1912085938
1971832555
214945775
2081182186
107166353
1558335688
998162603
782191962
1141135637
1169690536
465761542
814906364
632631076
84565477
1084554437
721664146
2112841636
880444916
1609067765
1184802946
1769894439
393051386
1301471954
489832346
1215640224
202293846
585108577
186088919
2088977100
1773000598
232916674
1853579390
1597349505
447862449
1787277928
1704515858
2006198138
637956883
339224172
999850127
1807647419
804985714
1814756491
292794847
889551191
751827280
1014458994
854909180
1632272197
476043111
2039712126
1254682988
869094497
1193700432
1744515335
2084734721
1395994278
182140264
123339992
1337487730
1955140862
356256666
1043583472
1405006720
804119115
683377752
962038930
662833605
1321334636
1301263103
1662683732
981498407
2106248817
1329956575
1274293255
848316361
2081783856
141268601
1703225541
1566572405
617311712
1595454019
673771745
1486406209
641670803
270803432
1423657282
2037665081
452943696
1546997274
1227669164
260600911
1903253940
123768988
1665607631
559889407
807146741
480162913
1222723013
2128481377
1781426016
737923097
962496136
1740191186
2067879673
89305743
441023899
2002179881
230574344
2144249440
1421268638
847886056
1592219811
2095040383
186808617
86406966
218360168
1610465899
2124072047
671303864
1009979525
1204257563
931904775
765749817
1328026552
450028758
1325639225
2135173293
930191672
400878590
2116171022
564134040
1138801687
931183510
156841578
1059197712
1020489254
597865477
913893945
1251063598
594631269
187678935
2098949655
39367432
135235671
138274624
125774398
353595839
1748740524
102362798
1024899703
611236401
1306620361
1956804479
1376986219
487163265
259349589
555141796
474852910
1189541261
956020386
443540284
1753675302
2094822073
1374723795
1910516880
1006536138
247729401
360898710
1920430083
1498792999
955529979
2108109019
1450259006
994897412
95861042
1588533631
1120671810
449456881
1189790507
1223034608
1474356584
1801026908
382171322
1283677415
1030529479
869334587
1543027005
1585671275
1344187498
585084618
394208013
1787727782
191276272
341546439
1014967929
2101793153
1348082577
1262697330
315208215
1121029012
614006682
1270738194
1081654383
2064265688
118151958
1177515425
1505315671
1238823769
1626972306
547622530
314374729
953845243
201165791
696546051
90039010
1231695270
1565880639
1633066015
669882898
762584489
70666986
1064090911
402828623
261943258
1405637350
1417796553
216252763
606236279
533010235
531460978
1727265292
1147016917
1802199173
661436027
1063798958
1920351131
1838951453
421630981
1011691252
1318440111
969253512
1326065982
124801706
1170419303
2022612033
214840717
254630925
1441009024
1847906732
924513823
56109865
1918573718
1988604735
458938489
33033329
1246758437
1876735042
249286092
1852994717
262261629
780747071
1432776361
1409278547
435462596
2094212388
325593857
208330079
1785680193
747224838
1220021332
956636657
1716478350
398603666
1081438363
739414005
273732051
1296279080
994044931
1714741076
996702165
1918558754
1770850941
767792235
1759679841
82305782
800825564
858954631
1959040824
1050111657
564465700
73818806
1830858728
1997242061
1483097353
118837676
1943970801
1808691210
327167755
1582167347
408432400
1547189087
391320356
2124910751
1945792753
1472758719
716841108
72041157
621554152
1710886039
1786782233
1618256317
1481961146
1410149526
238564904
1094157339
1492455309
1039390469
1953111970
1304012485
2089502126
370094022
1377831291
1772877206
219852435
713444996
1891714882
16339589
374652558
71398989
1598506936
783084959
1618588077
1989827292
760512062
1416897182
1315102363
1477353170
1488938339
1936656515
1040755562
1128236924
1407429184
375233060
390902803
1645994089
1469390399
1883358112
537900910
1275018722
1039886949
479919388
1645112744
270234593
105312946
1864965180
983679589
1997027828
1881304769
1358332148
2068426817
1332328057
2141417107
1539531246
1174671701
754445521
808944781
342290416
84315043
150399472
131463284
1125070605
1278636397
1538892468
1500303665
1669539200
1037402909
822210417
1405413664
1575303819
2097229139
297816965
2055223207
1594858235
568051558
13052505
1312339767
1551731148
2010080333
1046160888
762579648
1931023503
231005297
756513107
1323071101
1405676998
1510958628
2132015882
1747967415
1595273671
134931707
1879430699
572860629
1413568104
1270839519
2073164294
935623656
160758781
747891063
193553672
1736062600
697636554
491370637
1643802160
145011142
1059422196
1656854665
1457350909
463669696
1519451351
356028150
1226249344
1302991206
587033447
1982762451
478578659
1992710446
1346237431
463110894
1593194213
794027454
598042601
1325141264
1366888083
2011610705
448497135
1292568730
799750713
609255916
2040459793
993304385
197834869
590612700
1484675022
1841637029
735623842
396613570
1351008046
45491103
860283266
722975749
401519253
2086532610
2025966955
988552701
1921811413
357061967
833779499
1120565196
820172861
279490064
1914592651
1418215462
1604631328
1133997086
1282342519
2053128463
279082168
2082093232
514900732
172058314
927913969
712735601
762671014
265105343
406888982
1498294856
661718914
1757897028
1543785959
1522002180
333389130
1945305213
1461051143
211872437
786374266
1235378908
568934404
1620153765
208460457
1389107265
1899643829
2123053108
659839079
1356791509
1109566546
1942181598
1262436324
1388648715
1876791182
1777337056
1560707029
657221503
342589009
175894395
922326847
749477991
1674189251
1584045761
359891372
1070491562
958564293
693280502
868313127
272131788
905152939
1654687393
1507510697
1474087344
1127357510
1715971154
715710961
879517691
1691540614
1375550041
88825552
653623512
1170247991
1351261877
2042272227
899555526
981115285
1455495608
1556777029
1323704295
1631390003
331620228
2073182286
1158095606
1915665989
285590010
81103521
726746635
978870512
949416648
998878423
1884023452
456620394
358905472
1210627148
1583977904
2074876626
1926338109
316011948
1618933592
1154404502
404837500
125073457
177168846
1756099377
19862036
1076724372
589731015
1475357645
486017753
1913435310
959264000
817637982
1839133948
2117359607
585820323
2124723959
50979480
1312566958
956110823
1000396128
163961734
692650627
1457016522
522867206
1903277775
893510779
450260185
1682132237
1209522727
2069193777
689053091
1614360227
46783586
866221937
1222975957
66645623
1942946309
1812706972
1542003268
281480415
1578658634
353783620
1099118397
1270308934
323659579
1684938720
1247549245
374639059
850022031
56176421
1375035188
1013983765
748827048
684568062
1536850971
504621176
1578078841
1987111156
39269765
640117920
1908821286
728322856
106994500
1955604872
1594544794
1329970457
2022250495
1390007455
995193781
1416770115
1671487870
426368767
1770553736
623122619
1696677701
2094213315
160577692
796743299
321368727
1010599723
852919720
1696403915
2024583488
1601746768
233488329
1413950811
2106367944
1811567171
1253578320
2145637709
304201443
1014915958
726476918
411195943
823037182
173538064
1741166400
697804030
1563545519
588876533
2114574145
1087549742
1015245300
1737644233
1710672361
564439354
1684373901
1871250053
1361182653
2005742628
734366128
66618725
1554662895
611465968
1668365493
1788151224
2025416780
1627249790
1452234747
1131511452
1625403851
1756436191
2146427410
204397121
20148486
821980944
377935185
1761314887
1519784974
1941480705
202707772
1486875472
881546799
1217953073
1077036057
444735512
1782392427
613926310
168501918
996091432
472185290
902868046
1062710157
2026848185
1514334015
583592002
1667515762
1392267147
63358144
972266861
376294951
1688761996
581219404
375238713
1893159117
601367891
1197219657
123610655
215199130
569520984
2065091360
417906902
2056396456
799154511
1635859975
985948865
1243890023
1270768754
1599875176
1412391941
119376538
2072060466
167776340
1182086695
1951425004
1682110355
1765678698
1471457118
926893854
1829036842
296240331
1303188805
1370315190
877459736
1678427518
1115990660
1478827627
728163527
1239601315
1694026757
1297684511
1157209027
2111933659
1206597319
1956363538
1600309987
45062537
1052769913
723595093
1644937713
317678207
842971632
1569514531
485454547
2025058327
1373455887
20081254
1643253377
697429357
946975108
1324806572
993669689
102680265
547638114
1871129425
1781107783
1663628774
1202473404
361787662
755746441
749016513
1659472174
1912955468
713466524
718585845
1721835358
166292863
763648382
627121624
889887957
261102447
944799831
1732859589
1830616979
1430254378
1610434268
1056589218
1450335632
1106203998
1754018576
249827092
283526922
600204617
352507357
831165036
323850394
2133615140
347310163
1526323798
347919154
1103056604
127856663
2007391328
868528425
841323187
578493526
442880135
1007616051
1342141908
1070001759
1897504008
1603244356
2014801590
1482879949
1286377687
1297572320
945830569
195483257
600424304
2052034567
1949501833
850251396
188077841
402222802
1202758753
1019242878
726073196
1188890245
1366553041
104913346
1536809400
322125997
232770009
1396717080
1190654422
1074093197
1975210606
1633534558
2081709248
1169868867
556052669
1831729608
625629575
423370612
1167125909
1912007262
1720942932
2112956478
2107490519
173883589
2017507398
1909508705
1024134985
58101591
164247859
79410091
1077344469
890321056
1268300336
296413862
995234402
657626088
618539860
1228004412
2054343169
1809194282
154613961
1882070127
1295245192
88839561
904455346
1851297862
1920569169
1530084921
127184826
940211430
1294608535
1848127758
905684260
1254615407
2022011347
775708010
1016640464
898662685
833809602
1180888323
978072776
1911154071
2071209379
98889464
60084286
918960134
756515553
678624146
2146964546
663375074
340334780
154094859
397961553
1635579973
242934420
1302416900
1339394187
16019941
685018173
1466579013
956231371
1979626709
1167223123
1861915631
1086758468
1041750823
490139994
2103398932
1940413508
1323949596
1136803607
771002636
1087620019
1060529339
869892100
1147704305
1979489473
1626407653
1826328451
1978970371
142299079
19179584
2133065230
540260633
1654759557
228516002
1842677533
846670096
244535943
380212058
165765461
1200767314
212355119
1332988584
915199297
1299113587
227255759
1405339291
1255028871
20185619
581805239
244348831
791188255
1669425259
1304878170
1661080356
669645916
1136883995
1140004361
348490720
968370718
1282303441
367670304
953952300
1822564074
2022429861
1182468302
1517757959
721616309
1427004245
1897970017
887381770
480287911
2110325137
72886706
1395487208
1261955076
300142466
653342852
369500300
320328085
1235148091
613849131
1111516341
757089702
1918727301
625113049
1426735619
908127648
1765117410
1775226339
1876498366
899937203
2142896643
682967018
575017629
2017842856
1865435320
2092775588
591975517
1144955917
1843261958
1479357287
1625243828
1806103447
1552243993
873247388
920574875
1852386459
1526590240
1290075175
25230897
614254684
1903924306
1136747238
1371344386
1675167959
1761860287
650596357
435811959
1379494049
278339048
164826677
131947605
273752043
847793695
706965234
144111251
565745367
652257175
736086768
1710701284
348035485
67960407
1188461464
6655284
1620204401
2061708853
927230159
1325107212
1440815445
69821687
1350338109
2055070129
1973745993
339601699
1278930868
1501430305
2101461986
1929527225
1937242264
1333472388
60382626
2102068942
1465419993
334134669
802378989
24901579
478245921
1368124357
677158754
1214332689
931341993
1025194239
1282293097
2119803458
1031849523
755013850
2034028663
1959079683
2080121062
1327360460
2028901370
1282975524
1234946942
1855163715
1622577223
366394162
1209110372
1576555562
148437739
998868989
762544302
208820365
953454283
80480647
542955035
1755833272
105382226
1021200956
976473981
782540981
88049997
1907815975
1807735220
1370343094
1880135785
692101096
2125356944
1766680800
503697131
2057994359
946557612
385114853
1193486235
34020906
92794920
668579810
400415068
1301905293
97651724
548852808
153290634
860196026
757673173
1106744917
940676673
1300628208
715094541
1046058900
174345516
1691568523
1828599881
262395514
1451900850
1488851453
1632738608
1184552987
33468901
1610611905
803750139
537166032
1521122616
1750307751
922280885
567125203
1784328658
1015075806
1235705013
37260078
169497451
1333356738
586112886
322788085
46069116
1343786060
1429533002
986745790
496930620
2144627543
2032804690
671276137
1688712418
1713920923
933671651
993129620
1055288728
418926611
30198959
1088757630
2029538516
833949098
1625923662
1403177484
436773202
400720900
1970302687
73618212
1415796706
1058524053
110878290
1585294157
244397143
696991177
1908082242
290466259
2040777237
1190131596
1277212049
390224209
1187275491
1162533091
1061500346
728504262
728970366
1995171997
1721633882
1784259095
266614961
1751832842
725533077
148669829
438298292
203973091
1551847314
875071494
604693991
1374666353
948689706
2020490697
285706758
1059567997
1458301206
530103901
1756559174
1218899800
820570161
1649852763
261547748
2097782210
2040076972
1448823240
1112831654
954093671
29843854
1841802020
801782020
1751477736
1478577467
1068396981
1355826930
56626896
1217066811
1794125223
260599988
621430477
521713069
865293979
1996096830
1470402776
738301029
134319941
382487125
49118587
664423842
2139046299
1268018388
1484994003
1641415414
1529566136
1435292566
1534008738
830905728
400640572
340618761
860749582
94958944
1142400782
464743671
1573536412
63314115
1820570601
1630163308
1280380926
1467212176
1890763296
1901811403
1988925246
608573628
1750424586
1311844374
1346874657
1884744527
1694331499
1395993244
401684721
1685894150
516527984
1886678725
1179825916
2046094121
1174487643
566351006
729516201
1575128215
906969768
1590265784
1670087159
2049370550
2055009455
1096139923
2112684665
1728096408
578819584
1245581944
1047824937
322099232
999909699
889266535
930672860
602850637
53627261
130063869
340111516
1747958760
1526057114
741796238
1286369262
2042585098
480991315
318711530
1941195571
1655478958
885062536
523228125
1083123525
1792032304
2113493909
605727036
1693919206
2021019716
1701866960
1659120224
1601632476
133202896
757218520
501973765
455302128
1757128219
1391240300
1385974989
212495209
1444867561
1516038858
552606725
1045342673
894612324
1294402963
184228287
789713775
1775394278
502939817
583425698
1283389588
1388002354
1106653823
219029465
1032551010
1072664084
824756502
578986569
946200152
379139814
90623145
400348981
512342710
847841665
902322746
967644838
457486236
146079399
206136179
669981445
1590946960
1722175038
1222588171
488805986
469303714
369507486
673034273
1259017489
2144901765
1175974091
1842443188
1280807705
416492797
801613363
1499837171
1449043807
1874277448
177110025
2028030376
672993952
556249839
2118653521
1073342933
1068592549
819011538
1975665680
2036237387
1276497775
2121745079
94889919
1946479220
1565208391
1817064957
1021583743
2054014377
138885023
1391091230
579565003
1397902513
1388509347
1755539094
1092862053
521833404
24548243
1894475416
2021670575
1473592050
1621269216
51296952
1354138779
146779521
607546791
1325308652
1220122454
1676139340
2144320191
1048304486
1564893080
1273334318
1022565917
1659782999
1072329890
440290661
1329364308
2093913634
346821390
1468249331
1337521216
926386393
718668196
578546915
534441839
1811530249
1100380319
558990082
1558522018
974567247
2032582133
1032307586
1025864199
1239237264
1179087107
1633410991
417062268
251725914
1162066683
413898811
1300030400
579476115
1687233129
175112670
91775466
612079372
615403331
1421139774
558509358
962224721
741905458
1896030574
1888611115
1460573654
327093841
275569306
1124620256
1427474160
834559389
535658626
254557759
719657874
1567966212
1280421959
1958895138
599569672
766349302
228473758
851295586
1928415985
642372570
3842338
360408453
182122051
178955008
452183919
794201423
794358339
1873323694
1352710781
1756583061
467745504
1101257707
1497710528
1928319158
1428351548
1773279834
905455766
708342061
460355575
1441114392
962899820
1180013449
861596957
95838131
991424939
1461166629
862187433
1219898698
164978567
643119771
1862271268
168820905
1003528224
2044393319
347775914
1455712143
691111095
1142134253
1181552189
2043821876
751233666
1649297693
997595936
101460546
1430133204
278463836
1874740381
188105322
986805897
187612308
1629219715
1949705718
1367625758
343333024
2045543849
211567049
1804499653
760247635
1431465747
1969478220
1403367406
1146253367
2138299125
259411982
1043163039
338591391
1715124125
1734274134
1480725645
749192667
1630612362
84475663
251006712
480724650
185936210
1681139916
759188487
2060676591
1869245239
1745994384
100805251
1350981306
1548216454
1468431009
1694314330
1446276656
1679998059
1351330335
59040643
963980158
1173324907
1462408049
2110233526
1164140384
1721820031
1005912917
1502731776
1289460508
592703403
835973773
2038653175
75832117
920449436
142176240
556556768
1106385646
1823316156
1315745255
1019578589
1545077747
914255991
1120383841
748575405
314988798
441331202
295406087
1761265454
2121329261
1646736422
1820306097
937825772
672577681
1135230498
900575650
1836718066
709566881
1906488567
1191966194
1999027389
351708322
2027939967
1890196917
427540439
800905755
2032373157
984097207
1907291402
1708205665
152358814
779386343
1105799765
1066614806
1899770184
1854375170
1381603604
193617739
2297610
995385410
167463352
1649034032
668207859
1105289124
174128066
1803438357
2005864774
2010846132
365521590
1764869693
1055328678
217065331
2116578015
935784997
2107262248
396634807
1736690752
1992151757
1380732014
1496498506
1552873775
1533090829
128401202
511189892
452221987
2028171386
218081414
1833825591
74305477
220379024
681727353
241768830
1869413057
1349935212
1347057954
2043541123
1005889921
1205439081
1906903607
1371411511
822825126
814748637
1588476842
791919494
1750533634
1548255443
1188554301
1339740738
1392923552
421802667
688755597
798313679
1954893496
817156799
1309503571
259631835
697844537
1527584986
2093457426
772150015
1747964010
627701131
1013918845
1469893419
1977636343
213493151
1365950894
836042616
1418932232
1125370853
59970479
94273711
1940119490
1648447322
886193205
1543169476
1049219117
2074747506
735426567
294659021
349066525
1424182164
1092972701
156476374
93855315
254992624
416108209
791699852
1782577610
362081988
1563849867
1383057973
989783119
430285064
705467744
819935815
643778216
2071418639
1655978431
2062710448
1049305844
1715948911
9500511
841941687
1216912585
895693716
237627515
118648054
822957574
973054082
413307075
1172024100
249752598
1506279776
1328500474
343607913
1761272401
1744608683
1135307766
1396366363
2106690671
551673985
631940688
948990143
981959050
1337408433
1768925958
1625737266
1261343424
1277420741
1540964066
163165620
845886004
1550464578
1005107307
2062798589
298674646
1242734823
33962995
1121632221
68305257
447270071
146172673
318057856
1953549847
1474673147
661665769
1567338600
1071798182
1796973535
816221316
1031005206
201163873
1448162004
1979995349
1183122923
638086789
1601437659
661376541
1899430213
731374752
54856959
2062595834
1577260757
1605321537
920219493
1492575698
1903996184
15470668
1526538694
878144757
83775926
1973808765
1024317430
401833782
1779874964
351506929
1063499551
1199729917
1423305111
712989439
2015951233
306826669
914153312
1316629589
139338370
2097276235
1954716379
1740776029
611169128
1706662944
324667134
666026087
1621775130
1901927891
123863977
394510976
1247019941
2027860161
409981644
626074987
758521270
493757570
452400104
1782838700
895591352
84791421
2134345629
1959090904
1284521338
1410167092
524596695
1152988923
1716993762
1438750007
322134864
1856332132
1388542594
129367595
1449624514
1999711722
1836030540
1774291648
518254161
1310322022
1528735891
642118138
1704832998
628272184
522494651
2114814643
1254347172
1281015921
461088565
1706747276
916370973
1356679918
1791538697
903232954
1168287174
928576387
165916399
1692883869
2081565310
1882910161
984150228
256216527
1591758645
225209174
385584122
893899511
77437248
74131014
520707511
595691409
1384453037
2049443402
1237809548
941802387
530231939
1760304199
909133382
1784579111
893836473
1370221948
1343842739
1810207446
579418218
987897789
565956753
1747705392
1916474176
731873152
1293105613
1850555839
467299665
129772193
2106772366
2059058310
354981367
344872840
805474174
432418615
419003855
1326181685
1028110024
1803456892
1228141440
118435924
597775631
1758373379
1878740124
1506909014
1395468842
625092949
729647314
591827933
287816747
1309065532
1579725722
853773500
909287276
1348716251
1585646652
54909241
1051788442
2052946317
184681434
1011077160
1964520980
539662801
1355950000
622511506
972081416
1774953855
1948693191
2000191440
1430927099
1029350983
2118627365
2028702731
640240714
1849883841
1388128097
2035709556
327493142
2117775411
480053842
615309889
1279357295
2059779564
1469083390
41160923
1261012167
907246394
96070164
165316961
812709064
280751598
1176394121
629746396
820414399
384860474
1252257902
1792495815
12330681
1053467445
1645203607
1443257781
2082818429
1616347324
1324476864
575575495
1318747517
565121313
463801404
1646240659
535413076
943855246
114066901
1814770371
856151162
1583150291
1855931294
2117163330
342913037
1952001458
134996643
1155622101
85269408
1311390765
1785368497
905683807
1696251239
890142751
550695974
1708581920
1943610197
48415933
1004356053
1878944978
1664763258
181349269
307036825
836027127
746470582
770838229
334784139
1281883658
1714693475
448851040
949170381
423360990
2032001331
657618027
393040672
227430720
462135837
528037315
1383052822
547405245
1839428080
1020937671
1453089052
1388195671
1911080423
2003785026
949293944
1707206972
2052200960
1953649997
1438668302
1569480570
2134999267
1745705127
258024049
733986201
369059709
592808188
2015869860
2083753184
1041659228
817556593
359630526
926176911
1475174621
752671198
1153607632
1937310458
1280708514
389176806
337232056
972652946
1410114477
1790321108
213364970
1173711252
1646622487
1162658914
733434576
1551339799
968825263
24619230
973336721
956340882
1770324358
1231360770
1690327084
2139384067
1824168959
1558713296
2075653603
718344539
228786241
287800482
1644521451
1703960862
1040471680
650645435
1493787673
173696546
1039822241
1831019729
1146349493
302453070
1473857189
1359714463
1476164323
972996028
374889729
62115251
376852179
1343714992
86734482
1350188900
152572227
1857058840
434066023
1842899311
1848959259
110751334
1254128959
1777129214
829095873
1482915200
2064929696
326133676
1039392415
957917729
976779111
385696440
1131614275
2016601352
69232521
130480120
171570775
1543089710
1490194583
1647735098
368602091
1865084312
1709850349
745454270
1061315657
1796584831
2095643171
1213887884
1506160023
382225546
909303547
1207635634
492976880
15948858
837281201
1322072753
1498864058
754727249
1648206430
390772825
1712644978
477501893
776469265
696775606
346619598
845701786
827255726
518190373
241307849
169966662
18441823
609909940
2035050974
1728292172
1355364210
948882983
1377393356
1303523733
15287219
736069731
1685749279
924590766
1943705366
31242511
940539624
633502919
1353315265
291920035
1388230168
854038047
682692860
953391499
1331539940
1459162126
1650167105
1678159538
157380264
329939183
48866263
398688113
499905845
67308086
1008598053
387473172
1795600259
216478616
1336356155
1025509967
1520002349
1351643375
1761579698
1058267981
128750493
1557801416
1089510492
1069290118
43820687
295342109
1361210153
1432050856
1149380156
2043903013
237958707
333436449
1355581491
1888125812
2011595987
1512961756
70581347
2060462251
1911649869
570487193
2127770337
772764275
957960365
1775886948
989242891
146832872
653913267
361761592
1498476247
268009318
1420029573
1627226741
1825810734
362056418
549033211
1869631422
657398527
1910243364
1154198630
1806778684
1806662729
1392157337
2140215133
1014760573
1132799501
2004327472
380238681
1203380848
1917306075
144404902
1773868041
1897592765
917169177
584344758
1525996065
1906412068
731177631
32425685
120690013
82170230
300435003
1540719586
1709396971
2126245737
1902776004
110946534
1848393511
412690884
2021189898
855108493
71985920
1680368980
99782182
64717405
547645905
1232581683
2069044877
927884586
288478884
1838867305
1072289488
2062346925
1588976422
1989458666
499208036
967488839
1748387086
1230385667
999914524
1869077099
1312555897
1300349527
1262313038
874469221
1279111617
1017605394
985415755
980021480
1430296278
859122006
1835129974
1502282198
392007338
1934912156
1566999603
939653243
1020010192
1488560833
1867537829
1308489076
1179944490
792343669
1223352353
621437264
634318687
1722560389
1588926103
235222126
805462408
441356980
2104299225
2118018306
1741706507
1219128615
845003879
873334476
89250362
1830419634
1853355957
1519546640
542057992
1541002283
874345191
934065330
1328430791
293861146
1873718573
200957335
1782421979
1593772754
1509446411
814882821
238632776
585315117
1436320085
872951463
160391858
877762541
1108173589
965854267
1319119521
1064989167
936388925
913342380
136634134
1781392804
1786676857
225884496
1464328790
1492549166
1745431137
2006386783
886067801
472292680
792968465
67014944
766153826
519203391
267972280
401092158
2112976145
1777418691
1215974979
204125273
215250160
504811417
1077076737
375642019
1382573958
37766678
1341496286
554209831
1102755845
130401563
1467552211
1239389980
1911794367
1106745420
1465274476
1228639509
451810938
1063221965
1087542644
1337878739
1535514645
1880511110
1404893684
154184824
252230853
1672865964
555276982
217723350
1302801007
1771251961
421848624
1518051168
128579730
1498925361
1893693187
1511153688
1536692039
1087705825
2065363519
491964237
1218107388
1385432083
1731354217
982418107
344693855
1049145045
63573968
796504794
2112367011
1151116613
2134383533
1500398008
884144075
1391793569
1654582832
1136374928
917175885
62376166
1354098278
72493245
1833628128
1775946902
1590544413
1962207858
1127388615
1336753952
1325877899
516597007
276976129
1243757770
1008561244
1495083517
481706205
592431813
330017976
826400061
1641576858
393591944
1622904855
1606460221
1544708557
1609804740
959374582
281368984
854114662
466473766
1417743912
1771290547
528849933
624358543
1843783792
214994413
252821797
1286844557
29718623
1380210413
476114861
1355596522
1896807420
753090990
451870645
757885016
100690859
933576850
1350316829
430708835
1759976911
844410039
824300780
1235398118
303386613
221525689
697719211
1262761195
502894674
1551833873
1729234961
1920638586
1175640772
110601246
397513481
871940917
325595659
650335279
11301826
355314283
2030545692
487416688
1710910805
1779869464
1240507678
15297802
390270832
1341198538
948874653
1740587661
1771907373
561367916
437514052
448724505
1796766035
740900665
670250195
347001598
2003661860
1173144869
1898835471
1585413174
946299807
926992595
1696014420
1343813289
1798933512
2021610080
1994148568
1810235339
229440715
1877210612
150168379
1940351520
1509596428
1390676057
1955649323
1899867260
584390947
757040328
1492971273
208814673
1318408244
1930485325
657539178
967690631
523902343
1327789373
1314692229
380080555
353450594
1066044052
1965493729
1299750402
1993036648
1514024502
496080043
1644486512
1388150934
342744963
1307238203
1617591649
72471927
1457406582
1410459521
1582068355
700598992
1218625196
1334451967
1284989939
1975665524
679939592
1493804612
1146590121
462941269
3860143
2114280752
986843612
1331649516
1281489334
1366924168
1685100111
200049738
1184934249
837366865
45602738
551475103
1333446908
1690089251
1939626037
1676191871
849843806
1409734038
1748663798
159766741
672709912
1183248505
860365733
1891335108
370216824
2145355672
1719516985
1050156416
1491676637
718623458
1513097685
1495536780
685420562
352457650
679702648
1966909896
1719381818
217319111
19475987
756832419
1054685976
65078725
1308307523
240649236
1755167976
1100449912
1916841107
457528135
362700303
1518021257
617294876
1035410215
553786114
1477660609
779261675
924002938
1475532633
351295012
1974159354
819725622
1069918470
1339773392
167778754
1755339033
1692231042
847481403
1574765281
1264129212
1064800514
1594241268
2020961631
2119486491
1659319994
1181785506
212652079
1267004322
134751771
2129493187
1724532457
497452074
1500030796
194343685
1532862289
2053816911
1672004294
164640316
830336201
1000053280
515935329
657011908
1819778902
1585853799
1996785300
1987557657
1193709184
1541532694
687555412
620990818
658178258
1752355926
67748438
531656241
1724358769
1727068432
1713441748
1937010849
846589107
1848193519
1919020388
423637916
198161945
1271567536
617981602
1731024234
1177900799
142502248
1895664550
2008237001
1142555528
264116231
517765261
814850783
1849970031
367066913
654924792
896195567
1908599607
1342480204
1517186385
419294217
947352482
1584934824
950950458
524227604
1164519608
516908558
313754805
2011108715
217618429
85291545
287262984
415780374
1356859081
905244586
2146804608
387276233
1047746834
1894985511
248029586
42818715
11618094
765794847
857669498
1861588125
1132861760
1512594290
610300045
893977719
707590846
2127486430
1313271936
1654943328
1564937606
116738746
31687284
581973567
633647305
345442089
445598634
851265734
430733634
732861618
1267046109
1787592716
1638106204
1266367069
27385301
538369391
1013868932
275414887
581188106
1025487027
1041209734
1438857604
739591504
26587846
803968246
1349891549
920565565
1511559092
1329894332
86353853
1019018772
747348290
203092599
1050706057
1329321857
836739904
1396148146
1774920492
1688005639
1826881781
360298462
807568100
1466990849
1998404667
2073935169
1494376150
389290410
940320454
1769791037
970478516
1965807481
663517123
261852472
557915337
690104969
1065820718
1907806887
1610670534
429896162
1090217571
1697024387
1448914934
1837565861
1900116986
352137343
1019404071
589373243
1748285490
646840915
129895234
1427683623
1007139377
937463334
747190824
858060396
863914855
94083326
1247350806
1804235309
1863874363
70345674
1622559142
379907838
332198146
32990832
1070012807
1398018864
1940797719
533199693
1827915026
883531642
82740432
1129346313
573613855
1982857418
1481483656
1593017926
424747013
1082285498
92375193
554642247
362485473
1099514571
1492105581
1109676297
1957574967
208536789
1203759623
1057442126
2012772098
920150338
1127787800
1487847593
1300058176
1459985947
1520838425
222587335
710521163
1314152496
755787028
390952542
50200490
838527460
1520298855
623814345
673901231
854298863
69348624
1098648244
1936584362
161723817
1653290492
151586187
1261238388
997912425
1261262485
1071329708
1206449214
317538460
2128771834
1071737665
1237688799
1109075986
412101610
390263327
421578285
1932940035
612850663
1132099449
1099608883
1368637691
1523051991
1149809373
59681504
895867198
1773623718
733582735
1750166061
1842972342
1832230979
1539266775
2004696160
1338037823
1690852963
1118450900
188466601
804631800
42296960
1394915815
1122170260
23585146
319169832
212375411
1132661133
731271442
602638739
1554239418
516727829
1215489402
538855219
1616336712
436643445
2061907210
618662437
496324949
810290760
244802508
1229907684
412973174
2087774850
914655016
1952239949
1944987362
105209191
1495609264
915954615
293675792
152757416
958251575
1688591608
1274927677
981836722
2007761440
1487303088
2114497855
591549235
2089941827
1521253625
1108277064
1157947581
2060108845
577130129
1594591027
1974532407
1195792566
2090915976
637339520
1440595074
1173340013
1050312694
1380886277
2087995029
855068995
1178389991
45720572
203194612
2094344606
339396365
355952028
905112534
2027987973
1630879705
1886949256
1888265765
970699146
1853963463
332331352
913157325
1227733440
1440608417
2071104907
1140358637
2017738546
1518212286
967407397
1066047464
1461644614
1604746917
359158891
487500979
507575963
1740045168
428012360
1362644958
770951511
473732933
1565839570
717812470
813129298
1921791599
1622925004
693633623
1405187656
1362390612
434415740
228403154
1068870427
766747093
1141560480
149120219
59871862
1065181739
1289478857
2077610408
435910377
109402606
996174224
1897554991
1714149523
1355333115
237572323
74241838
947894635
665584683
1436886796
1718846147
1139317616
855242719
289174969
1952446914
629550670
1912099973
498596889
2034738326
1127006937
933012630
115657833
48393716
1699759723
1257218313
197513935
1759631585
174916404
1486992792
1689758345
610826781
1596395398
538448921
360898124
1163061273
1893782037
598470447
1237303111
694193024
1264055131
526706260
265555523
255889099
1381948979
554730492
60852366
2011499649
319346817
559449255
1898754327
1446353754
1492461885
2014412160
1494747470
1044737960
1124146825
1692261406
656885897
1299063229
1031770550
199160594
1909890010
480682301
737609516
123304487
1643743574
483907905
721774934
733563038
1178100929
1985830065
1260269298
1443656453
94235517
494734629
1998386945
155087883
358750630
170250115
714537138
110021309
1616603869
59515376
2124433470
963867692
1104253336
1101096647
508645450
1761139234
252676229
1540416000
1960299828
15082591
2021098301
550425696
138387078
1517358228
1034333601
860162013
103437618
64950883
698508430
1363706916
1508607336
792743947
1858441545
1359510633
947831830
69708527
1529760748
1662368969
179729836
998880970
1721884345
156679658
1962748662
678654033
1257776306
323910464
292309619
1510452535
1864326464
105125800
1525535126
1737941118
655551496
1663922205
1107815698
1689885098
376600570
1211253316
1754835981
1075109000
427476584
1115959669
1867852948
138434481
327986654
668201130
208143008
1857747403
183086451
387872844
709144725
1904970796
544552503
524409739
436141182
1802328809
848320203
728450801
1165297696
565163019
833576601
543349174
155620489
1489128098
59787731
1263436187
1031529548
436388301
327205855
638881881
1511497302
754682439
1754841550
1231866602
893116920
2082828204
1900067732
1101259928
1793091959
2083154184
1489132773
354753036
1840641332
2033685276
879162775
129298866
1688530437
1727482978
857749668
706344485
145162350
1691326269
1249693659
300782839
1032970719
1309481391
1564219027
2064500267
1745869692
1891424882
555898500
1109883346
498623674
163256402
194266300
1391740594
98600959
2094334033
345516875
1891692918
2030004569
1834649648
98962307
1723162253
1720851276
978125082
1852461120
1261898065
558124413
562727140
1968242550
703286763
106569761
1070452561
1004069602
1139540481
232450304
420804981
1056557100
1978319997
164746216
1612455601
940719695
663369890
1775712003
1134985996
2055110484
1874312962
1081836381
253143711
1618522233
964357302
2087793359
1717484540
540035907
1661160987
548125974
245013379
775575404
1106250387
807740519
596334306
1809537150
914310281
1666786868
666123105
2053850762
1899237172
1086928086
962924214
1730073521
1251674302
427896167
523309569
1915044192
56124523
1658295565
1822671029
1930437485
592648298
2075814740
1401476070
1557005600
2016124452
971476962
2097041507
1529801791
1519602937
194571239
157893548
478369676
1002311758
754227854
140423179
1916622039
273531074
806546284
1822989153
25284599
1893474370
638429720
1755358120
997665025
1066325887
131184041
765225569
1122450410
1789479606
440412950
905404248
234644256
368744043
159396670
1791649856
237384847
1130873633
1741207716
1767186638
502992922
1935778955
1925080186
981362598
790607065
531824393
1121785777
559745457
805355467
1928332061
235250962
830640066
1674322784
873680682
438514539
524504161
1940006570
569698580
1289729730
914973332
211694539
1730142681
1820377580
446338795
2098886724
1979774251
90505004
188787923
963164236
1831712720
1955974561
1466157158
1620008027
1733571100
300036108
263131444
117911845
1421821886
822876901
923267312
1202670299
1058127864
1753907379
729509435
1931808546
44938270
1254013596
1724331468
614636850
396259679
491821153
826331389
2126402360
164715085
1272670185
2077805436
2144489336
1363175189
119109711
960169924
1047404261
2075084272
278843434
519928640
1661171724
578879543
783060084
1779083569
2000701429
1605936986
554867234
1055888080
516581202
161290965
1785397516
300906100
206229235
891927464
2025237569
820866085
1288187143
369575074
1647197475
1267105855
534290159
772384012
1197427643
531295848
2135559201
1316537354
1491465772
1035479814
1244137979
1770309207
1555408454
757826055
201705102
190984890
389425977
54922883
1796921876
944293211
1110810963
166019430
1105584176
748724831
466925531
1311813411
1640652296
344679452
2132679496
781355791
714254526
1632393323
2048461647
1248544685
257293687
1098405642
1779840533
245369240
267459349
1123822658
1280849054
1511597328
746648217
688773860
121939735
948353319
879758751
511365712
1003276202
529196979
1455658923
2114087165
695216410
413759451
715328349
1162141941
1725572862
208496997
1506821393
1710768711
989852788
73592271
1195678386
890830787
1322136956
1452972074
1989236430
954493842
1698341314
109212131
2078316500
831706721
1620809459
677481069
1520480581
1742749194
1625834388
252755684
106631259
481626942
781952664
1562290182
448230459
1477169074
1976049634
1163558808
491827367
1554138848
1372055805
1998648760
1117423911
214424946
2072241031
165618650
1105255733
1246894339
1618590724
947008515
53904533
1169448390
1056220646
2132221033
2001155111
529546457
662218454
1374152045
124812004
140569194
1626907729
231443263
622196136
261376745
1793733445
1070426596
1738545819
1622299431
86501756
82889538
1028954632
1458557562
2081538298
2146378543
1672982508
2006295681
164513545
630754593
1105706373
1783104269
1577763109
1159610906
805069012
486500107
1144348292
658740475
1016046565
1806566746
2032892520
1140858569
1947135941
1512316602
1372301832
421848429
1773693347
1018551629
1492275025
1364755519
493367413
1578776782
1447645057
1522322045
889850696
1381699708
1521216940
415349556
1240511741
1685730486
1046104149
198734466
1321351107
476383610
1358345373
2126420119
962883718
355210017
637676947
1978930283
14293115
523085819
972305204
1961429056
2035402421
197123388
235793838
1661612121
1215675017
1728068863
878883992
1709042430
1159361997
179045401
1083880827
2049212693
1560745109
457614120
317078601
653773203
2143344606
1363182751
852507669
1317212065
1839566361
63369394
1296148537
654966431
418579411
1933825484
486413066
432872527
309427655
1458718270
246817935
197346429
1655841658
482611773
1858958550
724033028
63196989
590358894
285591810
1222558986
769404295
1369472638
1124288032
182665757
1827086758
1441366633
836438960
1822947716
657065736
1688946629
992676133
349148450
1752316024
141341022
1004114881
23411787
2075166506
1490527948
456284314
237110514
801762570
703102250
434456943
310120581
1185714023
145931845
1034153609
1248911012
736290739
1319745419
323986351
1505695034
541734409
1448274383
1688360791
221337519
742157368
377316103
2044285235
1399223105
2066262733
889477721
1748371555
1671095109
1030818743
605002788
1694506896
958501602
2095530736
3307563
1195612116
749809659
706409813
1630069059
1059930240
1892123836
1776000904
2094083849
993551201
364807995
1266345620
1317537552
1870503029
1808080030
618328287
1411380173
2029417549
1360485655
1788696276
1926219137
612225112
1707475361
668213210
213113019
1231086822
1699031953
818115808
778110071
510049907
766162896
781417634
1705662023
1515972555
1487827447
1188247434
428419147
1232467635
816764690
375019348
78535188
1181572685
1641364969
1396072740
904592067
1301961351
2014401027
168488592
1183895252
1227403035
1957184868
962630741
1839628147
1517176582
1630843951
2052741167
600779756
1182392257
723373327
1378889827
1692442164
1489536223
12823813
1250620540
858025131
1500651260
291384326
1286444278
585635248
1108149017
1661463627
664170436
142238054
1155344948
2060243177
1046830121
309822651
1927160556
1215318713
1493717903
1007079943
1025019934
308864997
699224443
394712868
1939708948
604481962
995492624
974617557
1327855289
226898804
519576074
669907864
239722617
1770196614
1527932995
1740373878
2061580940
666893626
178525478
1022246309
180873605
842695914
1164484364
1336218553
755455443
63830837
1646041204
535132352
1279149551
992275459
1542212295
156685837
1301140456
93953090
551398705
1093365757
698435052
1546891329
2067983314
2026290341
1773790133
440075740
548714558
2013512751
62788706
2076647553
1606402981
2124369647
596057531
1784928459
999132308
776931136
480140725
16133024
2113149689
1235596169
79963862
1611707245
1770728521
1359113413
456499057
1165457168
1515799250
1757639513
1259410259
2067197955
703521622
1957845311
1466605636
624021289
1836652005
1092912122
1064097029
237882915
958941225
1126885736
167046820
417860558
1103771735
763104352
55305369
2102904043
1540035488
535446094
2119037068
1505701530
1771042263
51517282
969925127
1394287136
1410630695
1426424184
412260657
778946297
1036580050
1671670916
698660604
1740101672
1482032579
17782592
216639313
1171200936
1110694714
1280736343
1409083851
2069635939
260138431
1576130672
340012849
1363910166
191751376
395318218
1319330561
1731786864
930764313
1290883981
1090004746
554322928
1342401263
2059929874
1948610065
605548310
1338870410
213387074
1384494607
227966812
1885057990
2083155211
1968068485
1219606921
2100937804
37224150
243324210
1064148870
1317960493
1652408061
986301162
1578098924
1081055085
1326314011
794525442
1272806461
1721632230
2113856004
857109678
504912895
1257256337
1947114424
1059235823
452173953
1859560650
860362240
1057722263
1050947413
1073749314
294733223
1278914225
811323656
230404786
1099499062
2030930578
183858942
1136723213
126771140
1248007813
307200058
1779179201
86825327
1885298983
712750639
1413139338
532340777
1985557100
987287920
498713133
695183130
1492200815
1755969471
494813907
403952991
60659776
206890909
1264315231
1118382039
1257838322
190580898
1413115262
389268900
1001904554
1643520049
1488767962
885351484
1827378991
478007527
1012122624
927903156
785207586
643818178
1014728483
523022921
1356568817
280384174
1055363698
1194642269
1267672094
1554076832
1889825400
612389262
1162562655
237155659
1016342253
1223222431
444046568
133173836
194120822
1701884891
323754734
1607236085
2091153791
1325659289
1103272486
1432438105
63527125
783167829
1910445633
1075649750
1711070986
548169571
1719467928
578315821
1071192492
928553097
858699995
2126556190
2123195366
2126372090
1533149374
1865537118
591277704
548228381
2102692777
1607619957
1771450812
399255698
1740793793
1965571635
2101140589
2064548528
1425324072
2044810732
1242724169
381112910
1329765189
1306251294
1164280739
1092727174
234417396
727868077
1640896745
1953885324
1306183899
564605589
734954773
17400246
543678132
710666492
2143772336
2076827506
428719962
587566392
477572240
383929092
47702701
101539404
783184790
1788496495
2067111039
736841731
1705561375
1344951463
634168815
800801896
1726064373
1963934004
2107053190
742861465
909177531
193986939
1470729542
402590628
388615
629429793
967196218
735343389
646830040
1510874350
1446009881
643118728
1440218208
1874729843
1230685121
1917790448
111175287
1278387822
2019329853
894360077
919400669
1938957244
1631201808
477478396
1136425060
117886975
1278280292
715005785
2081820980
1237849835
1457867250
843514863
1431836774
781113145
1246105491
1432225389
1410542938
65818061
20085130
2057372978
1576692411
1466095011
553008059
869426972
1193341207
1783693180
639733772
1304516494
914597354
511579977
51392924
1833998024
303053574
1682594732
163992772
1439478634
1800481708
1442273065
7000771
1734819040
532639252
1464868022
430850255
1964476026
98497519
1676955746
1249217767
1509040457
1742773808
1269302898
1418929788
1171982571
587914261
1971937847
2041409543
1781255468
1608147379
533659668
938288315
375261085
1045239645
989681239
61775461
1348293219
524792323
225768234
640288205
177790383
1668041299
647288977
1912609423
53196903
2112156999
195976030
2017672929
63170870
1872931777
1119407048
1572211327
1468221937
241226298
843657467
492720860
829140560
668111666
386646756
462912380
128775397
920306424
1401200695
504036483
1965546069
243398286
565811944
1166355641
768190610
791580178
1806643846
945980993
312137829
306449175
711106769
365334732
271122526
907082799
235524013
334293396
632530928
1354931062
1906504724
2100752865
1596157360
602678543
445990078
277814272
1270790210
832636834
740726653
1399565607
1752943258
2141927348
1903602090
1571005679
237841987
321930387
589877672
1006032597
1113510565
249037871
1952013590
1425648395
555487046
515636711
1790983127
826609573
1422719511
2026507141
1160902969
2055250439
1233954555
919924045
2008519657
682628267
1522602589
307026087
960442540
645909151
1139662921
1701169193
2045474758
745122531
1695612893
1801593201
168644562
1933454880
2123523588
758522235
792003829
1089550505
1007560106
596533772
367715252
1563047152
1112170483
11214732
242173077
387406346
2037721873
1403076047
295173138
1124192780
175516444
156209147
1806821047
1698119033
463235234
619779939
196544536
1602898155
173465484
94535647
200537038
1869078378
1896128848
369181600
1655049610
1872168788
1127703835
299569792
814235645
2135263941
896103564
1181950898
1550827446
2008274047
1193165630
1793000523
248196746
1083403855
1048592922
543369884
60112987
1224109367
699579031
1866934034
774744752
1162814265
339230326
971289289
618228772
512695810
1065824936
818765810
234290540
814470136
1187947410
1889340151
539155276
168167598
41426295
1353390921
155947891
937529859
387858171
1706775337
798320258
1581023801
1352292213
1046517004
516944008
253401487
1589886888
577056995
1477510854
141982271
296507382
104771959
1304796536
635737708
1076061248
1923025308
1148433518
2141886184
594307470
1382724059
808872672
1782254881
1124580562
1348027948
1950422479
1166006857
553935221
2106370370
2103536716
941793393
1665662060
754373326
375333546
870470625
1800890331
892277555
1123872112
1243293571
1469334550
453899319
1385275843
1765841932
558671278
542588731
254095992
1634732526
318130392
1402529511
1629135062
912437862
637769922
290524086
547209095
1762350484
1638552034
350147926
780873693
45003607
309034649
736926761
986797000
1974696709
1491300087
1362130547
697683686
1144706770
106924454
1821555798
240516694
1576259004
127971469
1625792537
1194617289
686642747
20897620
1448713281
173891625
339028012
703759144
1803026687
1251465875
1341529066
2093550773
1798674970
956395902
1584619159
1339249
1737269595
1629622767
310373898
326712708
468936119
137586959
1818012796
1831066666
835270645
815235918
1937991120
509342795
1055752612
1366766477
637314265
534061501
413900118
1323957012
554959122
1862613399
1497848638
893987134
418888896
1153391677
2145453009
1760417962
1099458803
1796644332
569330217
536594314
1797983581
159116164
18733433
2108357479
485828873
487669553
98460790
156358021
171252571
933731435
971593939
2109243692
1443074230
2027346552
1328526521
2080388495
413924405
1742426639
1256861860
968883527
1457556390
607226850
1862870662
1876445286
1760618527
1860840023
1489379601
712593682
1510000707
2058709818
1249187997
1160500640
70342334
1267921430
1121374471
556171207
1755590983
1219835261
712529228
1926843555
6083048
1684123168
1888603599
1449157279
1563986072
1069646472
1382062126
1977910477
664589463
491440338
799310357
2122145853
1098667188
514697371
1851107492
711802068
228053746
1193003445
1424395750
1738054454
1104229615
526100099
751071446
1174571949
1794021530
1872445918
1730743157
1402128865
944797531
295788737
1181488772
950880580
1979911905
922608723
252554211
1396414329
1992255195
1634616337
1226841159
509361010
2126056676
2026151516
484023216
1077240216
393365239
187647060
1789042284
621418985
1380650505
1065954387
211989791
337396472
1592054486
963061238
1511968421
1238592368
688023508
1095227930
493237586
1632821039
1391016668
1674726358
436217971
1223444925
449851434
688772182
472375607
294622981
175904872
1699216766
803983992
154477900
1577884634
1288007208
1231718116
1971249873
1475654268
873276753
445185210
708821125
1939231140
657175002
1046217597
1383801978
1620236240
410702370
474910699
160776100
1505930301
968148285
1793597139
749463321
495390995
82331463
1972908246
945242429
771103645
297800205
1239865411
947008517
1997016971
2043849403
1101486417
1427417957
1184372963
185720886
1251184182
512543583
1058997639
1696369393
1221364708
850745131
206060747
120098657
87063461
1826296987
530801027
561974160
1987073087
2036731328
1530122445
1633186578
638711001
2025513441
1715518041
464135600
823272222
339138039
761935805
2063137633
1286146556
611469129
1959503388
240149326
2038887086
996392703
425870212
1142587621
1508936286
1484867851
691473366
582817346
188129334
897534113
702916003
275192795
576347452
1233717031
837166956
415936891
1122964711
219805753
2049123469
1761675713
97835546
1617157863
78327665
921107769
1956295902
840263470
836761754
1094958810
1451732599
648781495
1335108136
1343136038
1645174198
1760978348
338240011
1006626837
1098362551
1029713377
1589444183
1286491885
1927247490
144876539
1561684681
356111294
1378593570
251367989
772048185
354074633
471173742
673688006
2115750346
569009289
143362221
46594363
1490117058
2099658123
886857834
179395164
1047133286
191106785
828176659
234757774
1534242823
325867210
1995736123
1872482834
1332494047
946615026
754712563
774454582
85623264
534476405
919331121
1647307945
890587699
150441043
1898675934
1662635884
504515677
222366028
188840243
472782375
791375317
332202464
519376739
134008727
284376940
1406234573
313403892
1331510226
1597341358
1141580551
1566268000
984100534
1467447761
1414520475
709099720
652458160
213651854
1463812284
1426912743
299275118
1998288689
198760216
1946583063
741392741
349201260
1697775349
256544977
853716937
1920141377
445385220
1326499312
564033047
777587685
1845876051
698041774
1061964625
1104626976
1011445666
245991203
554484687
5542570
1812259203
1538585221
1472990331
1079296031
100201293
2125448492
1292947885
1564013577
1404877587
1592223003
1414818619
1603637803
1391322418
8727712
1952839063
941614119
265272689
659072352
714271848
710657910
1985571665
1278304895
1488245595
1683964068
1976346670
402726572
641107397
840308688
648717775
1195592084
845851258
313493330
586693657
171357942
1392789361
686894950
149322786
538253598
103424880
1554200373
2130476601
1518243499
1010354528
1374315371
1526971211
815709944
168445842
1792243900
1474782296
882717691
355418162
1312870313
13538938
1843663757
849350734
1989885608
98906681
1490458131
682710649
747624456
538566567
1528561907
1061117787
1125260224
1699919849
306423500
1812155174
1849242635
844677099
1915580054
1255959360
827670052
1286339905
118830241
54501776
665827468
934540185
222947618
310587721
261838833
1105665309
666005883
1574709147
1119204248
362185993
276576233
961606208
461092674
1767034364
1644316857
1208717131
158117283
1025395117
122351270
1283377507
577831318
428774770
948049033
279590306
1273451869
716145440
1535549666
2101121922
2002485345
1654379907
8140050
520829166
441436444
231087668
831416887
703275278
1336752978
1497422770
130500777
308473578
1859608763
407077010
1270079786
173217790
26627726
766912996
1381934921
184745009
1792308113
1504286191
1468122516
222655783
1933060961
268687901
502246089
1059029183
984833341
2037795756
1012667457
839835039
1544692015
1020807507
1360664205
1986128460
1251895175
44597444
541920090
441164505
1542020214
672420867
749638083
1254145330
1079497877
2019717870
1427363120
1106125603
639147218
661814393
1290870612
283971683
18616936
611509480
506627466
1951677897
880197381
1008873556
863223432
1865030723
899185664
1875890889
557382114
296394031
749214748
1918046319
135038843
2001109924
1962643763
676958933
294790781
1357180329
1349379800
1044428865
463842011
281394029
916663087
1891205131
1387519632
1555810305
405535876
530906596
1839781988
424152812
1142416076
198925806
228347062
2022613458
1207799362
1091570494
1740160533
2106985026
819977736
150058999
255895410
1569192484
2068105318
390934253
1422818760
1883265433
1067893187
1717609542
1092962114
269789339
614554759
1556804126
551183369
1531217846
1300525609
1938703001
939544503
1706061486
322125950
631842843
2130214298
1464542026
830768649
211077712
1339671836
2038568012
1302648207
932348721
1998069390
2122625943
1082407720
106481152
1544334779
1003029390
497415406
819669892
738811175
1565308593
389795786
1831773290
1835097932
1004350545
1241093768
238797653
388084743
394135729
30017007
1327629246
2100197215
352142957
1959472089
2082927866
1816684983
642757090
146521930
1008873172
533841454
1449170137
1941221893
384427197
1424312432
876145966
490908349
821163564
1879175356
988323755
1640833456
470502884
406148700
2030629242
154792526
93762985
887496139
1395886294
332560638
1275580882
1790022023
362577645
455726480
1742735591
714720602
267714921
1678179809
383921938
910472011
1824701739
1392795110
1444313466
1126388229
1186533355
1828740663
403217013
2062679321
172165364
1224380577
1794371030
1160489120
717730385
117390266
1566637820
600875979
272182792
1660400805
1488372118
1668069086
1992961444
616469352
1310607461
208055441
1072195832
905859404
922776044
1339910753
436555565
1306697982
102899117
113773657
552009444
1547212583
1240161886
1738542799
1228469598
1643378899
1653738473
1400634962
720275829
1300625855
413640434
1438006214
1418016121
1980278255
2038882194
1690198913
1493195412
1379770664
1210784351
1338673208
1996240017
373908164
1546728650
920952201
1279767569
322021046
113379307
1716323134
1628719028
216278424
1830096791
33244824
1763491007
922775029
1771787623
844476957
418670281
1278042448
97628271
1138946110
431184655
511268706
429468676
1849200776
344063313
320867222
1391916041
1837258725
1700637887
455216744
1028448286
1549394256
829124909
427693288
322862809
2108892478
749714334
436242116
1677731964
230949714
652520540
1360345108
264194538
268527899
135636489
2035982161
1113004856
554306770
1166540962
1210633128
1693252880
1597725617
1721901834
2122721557
1299442746
2065965147
296105131
543875139
1755740224
1996743018
999091884
636704862
1398653626
1828216793
1064398150
1721516436
1789625623
1814112484
10274904
1319873939
2045062198
662795445
532735399
161773088
931323344
668371889
50271602
2044328201
1222678659
1216812564
1107477681
768447892
667054533
681895867
743685801
1966497279
600377366
1039790932
362888771
208633942
889050303
1361980655
845338805
140220281
1042713800
1909736955
1861736717
684855775
1576365792
1872011622
2004729714
1473944342
387323419
389981466
1635717431
1318646763
1058353355
1685989033
1215491316
133548366
755317949
175485349
901996258
1422372482
857381216
1645682059
1241386114
1457758582
537989344
1604274885
1666392525
1427039647
818771892
364247682
1567259928
1861485692
126500989
1281512998
398857819
1702866781
1006040972
256103885
1029327476
1393364391
646085351
517561259
564527506
1704438706
56066644
1780018823
1837987073
811384593
1955504172
592499683
86273427
665401741
90698095
1327659541
2123160323
628687439
784450778
1642069200
2055727086
1603222670
2006316882
1475503366
1317224714
2132817872
609532716
1716082533
1688201005
1615573688
1972186419
570044833
861454431
470788122
1087606092
1425981938
27743181
1143672736
1058517113
1865730254
1955057329
866537637
310746289
2041330757
1531939378
401444384
1221506650
1507616054
1030131823
2005957429
1002201606
938375261
1461696451
861034841
266394980
631437518
846369065
875927696
200036403
387086422
344017737
24739174
957131256
1205472168
495527297
2044737348
483970458
523270478
1040926437
1542487571
241517084
848500118
261541561
552263373
742347227
1793480939
953707758
1963853878
1153613345
1983839581
1822327659
8331304
774731195
1136540462
869366145
1041126175
1767977980
1715735210
1917053871
1968014384
2102821632
113587960
1992753558
912469240
1319060129
340797207
809722941
1803030587
864067685
1850649378
1198034511
1105584769
551665848
1459576072
1657848143
1294013076
1105573363
464072253
1110383306
111703061
300428186
785227317
120034365
1075159381
1921767779
989400510
2116285556
1542262112
557652072
1885855780
1362792848
512990056
1999443740
1208062758
1425459297
1171020221
1548859966
87698590
826567161
265444003
1938347968
2024601672
1371028773
342530168
1336694096
881393268
1636543244
294783811
1345465521
599442902
406486872
1645893707
1384670219
526521237
573569441
1158954351
1515921747
542371349
553732815
2073573819
280743481
1916525663
439080228
132703574
977104773
1864539525
1303723795
378481091
1952238115
2130290956
643925095
1743102435
2007408980
2014953868
2085632603
1196619428
748863488
1574692200
1491403240
2094329009
26651454
1897890112
1592739068
1411321674
276927702
18824861
422792377
1792849449
561196211
976525192
1718939621
841939692
745567207
10536201
974643266
1722671980
1875075726
130883414
2101153072
1679830193
113690722
597594519
1275448980
2121099703
465064739
1213597935
1170235483
1213928227
640806487
514155075
1160773588
667457942
264561540
606029008
2078779616
541489242
624853870
354088345
186855043
1186050081
1330613537
1905794664
2027989773
2076180744
1916330865
855149392
1651369076
1643922943
986032806
1605038500
1176269488
1099723528
55149371
304234820
1073339583
520214110
1517832756
96091419
1734142337
11155595
610246494
747432277
678613537
874808034
1353461286
609909505
1416297276
1978315156
963997850
1603152320
1016881589
147127739
1361463336
897387714
75824835
1130310554
1752537106
1727193912
626749849
591086264
1184748764
1803019338
1690809793
1239898136
2107254158
616665728
1760112246
1477603266
712757147
1346770936
1488758862
1323003642
2094203213
19888751
50328028
1300180851
629798257
1466625305
1131012359
1593796107
922293977
410300
1740923847
136273665
897798015
1816748682
1266584219
502851473
1396458946
1893334069
1093937738
433724063
1548869759
637263883
1673622199
1508640269
1253929611
1286250797
838759888
1966686759
485538085
180035102
1142206753
432257651
199923853
1192534781
1732438502
829722110
511676438
715967214
276034570
1433970415
716377514
2016958417
1570244081
1614175529
1686223451
689344652
2117027003
935198750
435195073
1063481093
1368922813
1984064832
1700744976
895061364
1345221454
807190939
33828513
36497694
626394050
519366599
216532796
1768600803
951624250
416456649
813651937
536579104
1246178760
1325328375
1252546318
1522213330
611815143
1968923833
1391688099
34575576
1435615714
930427902
723920228
1405159069
1865626652
1159115302
321156514
1087065817
995696486
2021901490
1982127181
193434292
681608782
2015955695
229931986
1308002832
387838646
446464782
929119988
1339462896
862921432
1742771925
1876042000
2109100192
920616652
981104671
1483829874
1532431795
802544856
728034325
1567007371
90676922
1658462227
143443952
1495835992
1376605232
1302559254
1816992506
316187401
150772092
1691410349
150830935
344206385
225535483
19302982
574138371
1533538315
407141628
1020603154
315174655
1746604524
1883524586
2057946580
1475162876
1845141130
831079585
308783899
1181487356
216027732
1111328755
1909521681
1783035104
1202005678
1420500260
1926479056
550358022
649621844
1081554662
219866880
965809246
1232326754
1911277229
1116640181
1576533139
2136812712
1135943163
3187863
1522867380
1543084791
1023791017
1838042035
1142205667
759831955
1748504968
469884895
457489437
432100905
778668795
1638976793
648128637
1889997550
1401014826
283680093
944519580
674031438
62675501
1494877602
1323653283
1144230163
1714744483
141978881
229073270
1478538064
1258619062
1805606409
1467867129
247078577
1808794272
843250861
1790163368
685101641
533809248
784885387
1444933596
134830568
1254770282
1902423033
566931473
2033439077
1393916178
1215060111
1775952980
647447356
1498740204
572988912
1321478795
1561415706
2067866515
497648430
558162221
1635127350
639627311
787235491
966181766
1898246373
445358253
286565247
2145324950
106668877
1129816108
1788004670
791770519
1663625357
425406409
89220467
1798455925
1680176691
1991643501
217903751
1566132121
1238076031
1432963862
1194601453
1885523388
784220418
1767590365
1059518535
198152476
1687973232
1557166965
756314698
1175616934
49310628
1543550189
2141798701
1947557001
1988908442
280880300
1945398303
2095577320
1410696409
1585919325
739864191
926838118
2011325734
829084658
577810395
1544018777
673244511
795714146
962667250
1911320543
81194360
9785055
1649360283
865414779
1777375421
561395170
1063567255
1317865005
2118562135
1819881953
345998292
20389115
1215948495
340313345
1967946116
1057373289
621193645
1765860771
1005466961
2031890054
1204296448
1745331152
811244524
1068138534
426932163
1389054920
464673663
1100176674
37285418
1427340914
864013569
118479779
1437125969
365890204
983894558
1067017742
927285374
2047461813
237399100
898363861
1719860119
583397392
918752976
788324966
923710737
739215444
1845698255
1544904382
357592567
703681569
1429310789
1561889015
301529073
93071665
482543901
728461236
1482126585
947217565
1828637911
1519412004
227074831
545167832
1637891783
1664200800
911058037
474302693
583734895
1838343411
374280858
821133995
589223625
2094140977
1404531387
1507976601
734982295
180758476
99708398
433196903
1725662858
457300965
1136878472
1007489999
2019189981
1438407545
1100561665
354250234
19385134
435204602
1301467799
1848023045
1954616606
1528542630
245707229
1445024741
1045259783
1156765266
1919327434
1628994678
847625030
146124645
302645025
1436848655
92781974
1707176412
797341608
827764270
1887934888
897050006
1260961173
1466114098
1354350972
250355997
326120450
1226057305
1688763542
1426682115
1580307539
1708148676
1861886717
734291691
1408688073
1669019676
115350673
1654395303
966560769
1160610456
663676921
738404556
642121486
1511301951
884529201
944766511
800666958
977311175
504459275
1598008567
1805075445
244910515
347574925
918552970
1711024614
1701925897
1168908967
2037145064
780499554
710188862
1316343531
213323446
270853890
1030746600
947615137
1679541964
552282628
1062965810
1186453619
1518843398
76092619
1850130540
109764306
718214105
1213948844
994293507
1662980617
2014615802
1971604682
19956244
1465140721
1629196480
264866760
1812715647
400265802
1975891374
1367157896
1569174770
1865552790
173803
131879984
1034412673
213497249
402733874
2065159273
1161112386
2082275838
469958254
76594548
1121245809
1988801652
152687167
823892702
2098565958
870901273
2037841546
945375817
386398242
1904973700
769496851
406354486
1222630774
251209683
671221246
887862773
651475486
499628972
107537021
73166608
217698114
107710824
205046592
1252110787
321208073
607780466
1169786413
1482320459
542572657
1639744667
1558915008
1663818466
1481062671
1711602175
340227520
1432144981
435019800
230585418
230037150
821418042
2135559119
999534001
1227772529
1210706245
1250743685
1898993775
2098569018
1902219171
251139100
58622391
1975385779
468837214
166333216
32948723
1720948002
487541289
640729189
743250767
1969861749
1183301846
235511786
1381293109
699636665
1716574457
945411636
1039864185
1001235790
1380431437
1270449604
1231272940
54365831
1258525075
83323293
1282138360
321747672
1334066978
1033648488
272833042
1088802501
1284787588
331455433
916704632
1753624802
497788649
949653355
1327089156
985329939
1590382545
2070339923
807708040
626200743
158368061
41517501
1325837408
1874942518
986929137
218217946
728694660
219876926
1488667550
1959967600
274242758
599708977
2043290894
1556381118
921456649
1229874224
442545958
1194289691
171193078
1727333546
1525745124
1087897710
1333474701
2023533774
2037551066
513080209
861380065
1480449963
435936485
1669088105
2106650706
594304546
1710605606
1285004467
321763417
550051095
1503222413
1050458077
769928022
844406315
862942030
1044170780
1444115292
758749276
453068250
218088293
1988623500
895614209
1412377984
12332930
475464107
790639460
1100230641
1808938808
666689586
990298059
174535370
1528069651
323264374
610471855
1049674108
282431432
1204776401
612796066
1567435899
1526539818
1162847162
923174664
429514248
1932775184
1767580979
1292456278
829462316
1064212623
2051205554
1282530566
1282300916
1892345406
30661127
547195252
1904678337
506125235
1337834713
857425330
167580395
2004524299
1847723389
342115765
1385110303
23504115
952587620
287300763
305935547
9880374
900096830
1873371447
1536420192
2062943992
649062463
1965934440
1848235528
269159795
1110907070
530214196
1333372418
1014628976
1812744762
468189687
759490735
1843405890
1015384939
516685424
202047477
205736004
1374110754
369627872
62776656
1074350495
711743638
1447886959
1097854610
1664331258
1735187722
1403790157
1674211632
487800904
1129677956
1063148177
403261248
1778740420
881598969
104013128
2047900215
1992506040
634227324
1233788985
859651368
299488439
1701978672
1619142103
2142894329
569879964
2135827527
197458158
775615968
1362454633
567086030
838392624
289321480
1278829668
138795935
1387176090
795677279
1873983658
643482600
322405263
214300914
1773160556
1385553440
617562163
1404417328
119668762
721575291
1304833895
2112174802
1355802616
391139233
824342522
1655291055
2093117905
296000978
1650701736
515514221
284344857
1848159894
1291130190
1646799491
267762276
2129522814
1936120971
1546591945
120835102
1175813414
194785576
1994818760
1819296014
517190839
61636026
1444972922
1902744280
679198189
701906603
2022413042
1400773481
2006740498
1987104196
609092449
250396083
663963070
116899856
196030341
959964048
1767601592
711544562
1244308906
1468277838
2002674752
743624749
1736040114
1984713919
532262072
1135148411
2105549021
1708075486
1329933987
1952884133
1379887852
1847124827
2014520159
677377127
1602385459
546234701
1379283730
1477314853
1947008182
1238540580
1316935401
408616983
1488936664
1980898471
525516839
1684967005
793378872
145634783
249027919
2037687778
1613912621
104219024
633828879
1202469087
2088932943
1166090951
190133851
2046998316
726682790
1520067838
1852398801
2106570642
1219709017
1719435312
636464121
674610828
118186365
2015747851
4442033
2065194547
1106804784
1321377434
326327882
448257800
1154792258
851844721
2133224805
1948171130
997479504
234769076
1838375260
463908477
338988100
324720491
1666377565
280437395
1490811442
1856511416
179952063
70010584
1229095606
2032350864
29097579
301320976
1604302529
665561700
975931804
1722488894
533825904
980373838
1640199794
1640630688
154267624
1966527676
2088888488
1309059882
670888750
2074629645
1109747364
1668368254
161915073
800638976
2132276732
500903174
1125359467
1651170649
781340569
468687262
1360198417
961292633
538697846
441810375
846159849
567795425
743131351
302978730
1233357126
1719063156
2025467625
1767183030
551953346
1518183771
1260330070
706220970
1337227799
1201734910
2015280853
2008116549
1128880907
977544569
1529001156
1290795980
1778183546
1513794240
1791699154
756059365
1017481241
425556076
1224746627
230196010
1386848709
1763444474
672006385
85524910
183756251
1415137737
388503641
1417113377
986717245
266487618
1036812759
1538670591
1784671389
149659181
97407913
974415540
1351394091
2112688766
835048442
332791350
942749688
216565950
1623587331
573449586
1730360190
1267802837
1329508951
600357783
1693358913
406771931
830553793
932723974
22732757
1502560178
1018248885
206489008
770214267
1406752526
1623602386
1756931512
1673240144
512931497
1148118455
1310427885
662590679
1245526369
137359777
2013984770
1210731487
972408219
199292473
5997527
1188974169
1822879804
579447113
771850711
943198993
1908956065
1372208494
489074259
168244348
55278639
1421798233
190977105
1557838818
292563470
397466113
180569437
1699315996
2021068499
1937500950
1225072492
386516349
938135757
388016729
1049107028
36178478
525376507
915608150
1246909966
1497784726
1114900623
1252907493
539275248
790296779
1832354607
1311125959
1733495773
1593827024
535850806
75086384
1762071372
591129445
1496884617
1953048477
1484615
1789448088
203030942
182054053
1341280436
76615794
2119555003
418869281
463132143
910207112
806886010
1512239171
946385591
1332262517
280363673
45811909
682563596
1395264297
1298719402
1221838844
38077428
983590361
385481155
1771573201
429933737
921331961
1846659585
44521461
1512461407
1196060555
1997569938
1513946022
838024995
53117233
1696000075
31821783
129733027
1668071430
450691064
592865170
430794895
1257577075
2105104341
1377180486
442355944
237984366
1422992395
1124919540
1633248663
574228149
199274736
1671326092
1557818511
584755892
1295415645
1987752248
1506087853
994591583
2032273710
871065612
43168490
1882360000
237527987
881193485
1935477233
1933528062
913015268
2065210260
1454115845
1363706333
510591782
1884910740
473799760
468212475
1114607578
916155704
706196842
390116325
2041075245
191961857
964344474
92866333
1863287949
374679337
677622225
1011219947
214947938
36226431
2005811530
99738000
907292043
2048980020
1982098000
1144820030
782689857
1770091586
930864445
1695705125
1687818198
237496642
911927810
50926333
2122407382
1385727570
519138808
1089531312
154399627
1225335650
1479647637
47991224
1417297508
296508463
140857557
1133101809
671187801
818479783
2144321756
886135739
854706214
2002649638
985873739
1761998257
1904146010
820488091
759334640
539352219
443096029
1690199085
87573697
2130914228
1927695727
999501507
34356913
1902619461
237745430
553495721
844667125
392145057
1778831372
176831114
440136281
1048645232
473339577
580993838
34263393
1144527378
1399473621
31101502
2030663117
106696187
2033751140
869053208
1868694445
1790413503
1689541300
480545437
182282074
2132637329
23260874
269855771
2116067909
1950956601
1269357279
2941174
1706092414
1507102709
556436896
403275891
1899247766
187784620
580107005
191900399
1236429852
1053446582
772894237
1270693245
50490313
24884211
1301794747
2081153430
131580398
1188062240
802722991
2000274843
830992095
344780643
333336632
1013274169
329934324
356597506
1283129941
298518586
160070459
405003572
301459760
1866162873
1912106281
857896656
121955116
1663870399
1045681276
702062121
1855770798
134627480
1755508704
481181387
1405320726
1805999017
506065598
559631825
1739668799
637645997
1747694065
394908142
490437192
431202512
739688785
823773825
1444476682
1069623110
1180371331
580122975
1368141696
1340441791
985126547
1669601456
1059121016
749749180
380014465
1181076133
266135931
1425695741
1883138254
2121906729
1560323222
1491163310
455604468
818160300
1149678679
961670067
1377792125
741863831
1599316064
978002543
1136771973
2089753256
1409205055
1876460759
766043433
706198089
798600221
1946414765
1286321064
19258269
1139372908
123963963
1688859725
51010276
873713143
2068874190
1232086409
1139849074
1347086284
967741016
1114272155
759925858
311420678
1569876624
1578086158
1461099358
384063043
808394635
55479541
1983379107
1786397178
1192251514
1925648715
1048118586
921228625
544208501
1754316675
1719828846
343139618
893154092
1739087115
1482512526
1017118055
1280463193
1533522802
1890831199
1201853735
618125564
883196625
401456371
1585866580
1997468781
1161382229
1897287258
1419861757
591984739
1210902968
1803924800
1400379375
1266382509
1639820259
1039292905
311150376
1417985326
2087411491
1232379001
1962193827
1694244519
804724200
157849797
439914963
396327667
1640362323
1457033018
1676790860
1026401478
1200380569
731160948
1644527042
2083577195
1132617319
1082909974
1933562328
146515901
832713584
1205940437
738500640
2043616553
862381589
2138880015
1162515414
354718200
1030689273
1473665790
1772703526
970617116
558561144
1587413706
517377987
1363285344
1745263503
957292950
1759613011
1238142179
266842321
1288920224
117060009
1467222890
2020081172
1761587051
1403316437
1005214843
697013377
1189395117
1151730744
1529726961
247851906
1890231385
1425859866
1110233495
1881627752
440891633
1464951695
764833377
1914557423
1090171574
1735450494
325634919
530101632
105344833
1688920263
127881487
1062637784
1301049627
1366023666
1329480105
442486203
1483083675
649219347
315083727
1097187078
2052535785
1320298570
1794200455
1094447254
324545667
1176443769
1342299161
67293404
454819987
305049008
1948921156
895711620
1770000704
566270886
662785396
712688630
154237732
988420315
1242790262
259582565
529856931
1370671749
1322220349
1830906558
589211768
504216806
125909113
2072295443
1153436154
440992840
1021998874
1058488291
1761291410
668715681
5451897
2085837077
1845159450
1347751058
5646833
152495790
1652800067
1954567990
1048207410
1275317123
373355228
1710992806
1988005753
527592960
551929474
1083312367
787175525
1081786405
306500468
2109395875
765209315
895712236
466129033
891118428
820524032
1619565187
1332111268
1842522906
530569830
945919030
363754939
536021728
884272460
61430742
1883772786
889919293
213926532
1389089205
697003635
1262133942
516922680
1070358863
825643101
357444785
1597951823
1377572575
1440757152
237643701
311875332
1747257621
199555928
1077084647
495486209
665684961
1968203075
1316010241
137766501
1152830695
1011049499
668336331
2098749725
1374804439
1204358059
835538537
1436235181
940647198
1725457831
1650161713
182252755
274977818
764812007
699175436
1345336682
1590455108
1056620221
795804857
820544035
349893726
1033448558
1132419367
2097151347
1233004486
62020366
445153908
1898689448
2030223441
1761164150
2036455949
1035570488
624730001
557308632
986836566
1999534440
1761666692
1822375103
1288285973
554830242
1400349286
790964038
737082997
1675327105
1555776046
1436258433
873180139
998747506
345395007
1668984996
1819291542
695288733
554949907
804227261
644956432
1787954393
866247628
1090110340
1539160193
748987421
703790842
1428132494
1784557910
1328520844
1985441127
623910828
1180571636
1599624171
298802283
321373962
6970765
1699151570
1112338000
744053762
1226995027
520630398
32828548
2100175166
1519377905
378223555
1621676514
1191185799
1073512288
29142773
1995413060
1718468720
1817097167
714177040
661095412
1208773712
1463164462
1364886255
489422559
1100238724
545923451
327380038
1724149552
1726495087
1927004209
2022951835
2047869049
1933974974
1574619757
1012723402
530545088
654131136
1533353800
563373636
606822654
905248057
941597191
81015521
2096433856
2015109479
110158294
1944363269
1586094551
1927255461
511056661
99706316
988545526
1974221123
1464592571
1477968085
926976199
2010516022
1805348123
503642103
1589527461
1584868684
379110291
1489912863
1371360010
1953730048
355152617
1901905098
460377537
1888506417
317795087
1067200191
646270827
1259392278
1148215712
595221035
1127018110
1258374007
392100656
565629013
1038145820
903157318
665335329
2026691346
729894793
2129927900
1357175783
1656870993
1992960274
1015040258
13029448
1435004088
452425294
392139739
777433303
1823785304
198386140
1132585920
1578206755
658763677
873608689
1896001842
1725963868
1519879516
1007910472
726695933
2115100552
2134928582
1985069940
359717560
553073948
875732112
1262874878
1218409277
754939811
1992769672
1200853530
2112115594
1502157017
1046330156
979672205
1515186465
333850596
1432097499
1907326205
1111283899
1108399156
2105712345
96386171
539122263
616992374
969994861
287640457
195472594
342390729
1295550929
922168527
310007633
1282995864
759754819
669725194
1836069812
1635486932
1932600072
906995441
242943095
1777886096
2107848971
207575041
1132559465
1006695480
1187247246
500262283
1340546076
471861098
260104840
304346328
1580260254
218333537
400732499
2119382517
835325911
1370727360
259539326
1030798505
1713118090
1555090255
1952967033
2023125723
690602471
565238204
545367269
379188635
53241488
330483694
1286184077
296184583
2108369790
1246549400
503759625
1093445608
105761232
1691006871
1593707891
1446307309
15384321
1853812731
1750653637
1595644575
2072146268
3902488
1567543444
759988531
1374629849
1827082770
1790787036
940264291
1234689378
1596270421
815906366
1925291849
14024978
1361273636
156996837
67266466
1691757330
1443180914
363451050
1652643472
542246666
867210675
598605432
648007899
410733898
44829675
2094315208
426118220
1898642406
1697485197
2021762795
1823305026
1701387685
1441822592
435809909
928533886
1121421714
79113298
1868798177
208627444
1675383719
537220896
2133919294
1689408697
1898494532
143432483
1756675164
1442768214
1586613397
2120126214
947928038
2128860063
839853241
1546533471
629384314
1250587139
1591363146
576215874
1676705359
1342521905
126217423
1550984507
1018343283
1827605109
845323451
1454153193
608655347
1966745165
1533266491
329969877
27888962
1061166562
867190773
14324608
603091612
618201657
157757091
212283128
2060969871
1744370488
184925694
861414261
1725746903
1024778935
260464084
207647570
127882426
1851827231
783863444
1804587786
1046865488
910080868
1208088645
2065208771
590202329
2053412096
1371878316
1198857676
1872673613
757661159
1528827553
1900562575
1818827722
248534678
1914887183
274435686
866736335
2072644274
486718814
780222558
1669531114
671644508
1641636820
1247794370
1696423443
1902100904
1455441940
1824305869
1606444487
91821736
1481410007
505826327
1001902604
542015004
423551451
1592104933
447943452
1795429767
643478962
173133418
405607279
24822867
2073695993
76951353
273357546
1841099529
351387039
1140093881
1766260155
838105853
1920316440
1288307622
1509750361
1414469612
388618344
1058690156
1169086868
1844060284
735512377
628047708
1935882020
69438737
1133874035
790300977
611453741
1557425486
234922262
1059397194
1205371606
878401224
1232530612
1610978885
903224092
1158742957
1687930238
1176581638
852358838
2039317277
169191871
471135346
729939482
2089508311
1759442968
92206195
1356494275
577664
1150896351
378097496
1844637948
1886408728
1006145204
1633036320
1955847465
2140019239
275853649
419817559
1549961078
510775912
1479214753
607849036
1389177136
564261717
71344273
144917580
1723004674
1759274511
1321499218
427879865
1651108140
1490691090
899015211
233563974
1432715753
510974531
325770169
641726381
511552195
1476666520
1019823877
208706495
1215591600
2025969081
1841742815
1023955418
2018504672
2117596465
1443772977
1420982102
480888729
775504082
2028831138
1870065865
1339765799
2100175411
2014983446
915286825
1711966274
1188999016
1343166690
1215590766
532206458
94698253
1449154740
1964922212
605672784
1774924909
459164945
1117224979
1104107781
1478988822
1325931474
172215734
1357474255
1020190642
1196171152
1228495279
990303459
492460481
501993734
1471192188
1267964563
383341224
1193774405
460246714
336032988
1061274203
1375533539
2047999262
102789572
571216582
1116106381
634996030
665914835
417777473
452434594
1271587620
45218735
911599539
241328951
1149326516
243104713
1567260426
1321542250
1600578968
439967420
370229754
681590600
1430270879
862690235
1183584334
753979419
2130654798
1566925558
1947753824
443417864
1902958546
861544380
1818951404
1803474161
964333952
242684338
772096894
1599329982
908599173
1189874367
2051764577
32703145
1235093102
815880468
274032097
236935971
1058985182
1841292523
1558478221
512080502
133776295
1928707976
1193671102
1564047174
643914563
229771788
170542945
627085714
1796697347
2118296769
1070503578
1552172245
832357501
741971334
1208162758
1796691453
984655672
1980259652
1248537788
1893254846
1022650372
1152818717
1925957991
110259826
1968699185
52506440
347195797
880200719
1893798963
1905674019
1392281222
2027575258
1686898347
438468676
1444138784
183329262
668240465
1614681729
810414976
317454164
1585494851
1880918555
1869626409
270368704
475406241
930305520
2067060158
1460061914
763081524
1168114298
1205833112
1785731896
173449367
984307455
1895991723
2142148552
1036813896
95703872
874865624
783129211
2001377891
119663198
663220822
1540792590
558131874
2107359606
1724121853
1226372339
1574557688
387053181
1543826503
1012568891
120488088
1265969265
1282937595
595894330
48791137
1202514105
2055956244
811872661
223144755
1114305708
450120910
396594122
2098613163
198628985
391259027
987943411
294332857
1266124651
1771072623
148227101
1385787849
286809797
1689019691
1943919723
246685755
1265657896
1022808415
1821243443
1652711078
419151270
686328686
1773199166
1685120535
1969266282
221609848
1733911672
1024296739
130082444
398300686
1247441495
1244388152
848421596
1644035617
1195517668
1047050581
2035294644
35977431
1341383438
1153935647
1807050054
1489610539
392239848
2093859851
1031146583
188675924
193061959
149320831
1211484339
2014305402
1802031909
1630635609
553150441
1427747428
1168272497
374933075
1649357276
754700521
1399229814
1779439721
1153001207
499187661
876344225
2001422803
2143223279
2071861893
900989736
2031034275
2107839325
94889527
1037486275
1767405731
1584500066
1429726123
1713781935
468163001
1618402047
1906843894
617483833
682402738
1773665648
272032094
165554700
179332441
1699779522
1333827197
554265516
1201653151
2088527718
1953495331
833609224
1094045278
305199344
1709953449
947984433
300938975
1634331695
1848974170
184489603
1594687372
1943863697
1221975878
1214609455
1380880115
504218353
780907742
1849043117
2122620401
540267988
319043302
657539491
166449989
591075396
823094191
345782430
143371271
9437740
900047947
1345024422
2097965459
706059630
31149998
1044527089
1011258974
1741103447
1992511522
1312197950
1227951494
1694002044
1496687553
675155218
1490382093
571179783
1889764674
723778561
1075398136
523188768
425338030
1050534889
1063456757
744381332
1708074381
1229906746
1335456728
383684924
1575689176
1478827999
393122665
328253475
676368773
343604476
1034313105
707518771
1388131565
2045572080
301138571
1233159439
1210286382
1529090065
779677836
559490287
56761636
122576281
1130670070
1946526310
846354842
58584558
322231430
1271692872
1109119448
1385688187
2016074204
669710181
468111285
1204047285
1053395105
2043800462
535391636
1446517770
224570289
1211760410
1790122246
1258883395
1919279181
1030770163
1156971827
72934104
116445955
219774561
1602024170
896123791
779264848
1658785806
1018700072
1909934918
1457828468
1865054915
1968519476
1780059898
989264139
930155276
1018264438
857854696
1599865457
1486375723
2061901981
505776915
1382692537
449809969
1952294685
1607262827
1661570379
1594933284
718662574
1433365913
478219799
1875634401
1506300017
594665754
2095408962
960840539
1490789545
727190162
472142697
362005970
489641432
1929971165
79577237
310677260
1562547416
1068841376
1240832537
433328206
1926696072
693214346
1919703929
1841114405
1198991261
1154912819
143440727
1003802299
614691998
1805011106
451251935
1333354572
1090893371
929471734
1061505325
449709741
1524137489
1009430639
1410550280
867443386
1736620801
1882692978
1229449356
78778585
1665180495
1309026593
389455845
1080244263
230384322
1630288382
1513572469
9596746
176019081
1285792751
1850711152
1375010342
293221922
1994151879
231328993
907913920
1651679337
682580928
93784844
595089061
1612052663
1155290169
1044798802
988706504
17237160
307865434
1856149890
1753857961
43074764
938115599
1832636546
1708255260
99658544
74608743
641015875
330042866
1704897126
7104697
339639613
1880916207
1292897448
42867117
1108442901
1586119370
2037018996
1339771895
346549642
1541214685
2022352823
440334486
2136303746
1486921838
1595624655
1033618900
328144694
1612861815
1341484335
36810937
1219236128
1384559099
974926536
904389026
945330711
1074585080
978997769
1586346587
1404627947
536411247
1593451284
1744267560
269843806
738865084
1787134677
1378286708
177500806
1676670025
570574955
524050448
1070401062
445444130
964384934
1059221161
1932365969
412525941
2092840061
113027015
2025387756
1286840748
149837952
1097140236
523916200
1124764488
2001529262
1469246911
51865921
833043383
908109850
1456493868
1369454631
354077486
1053277780
1639298437
1092942570
692928809
870101497
1270443376
222115186
1440676452
1794493824
1292516248
1886120583
611395110
204253761
1671002904
1023921051
149610175
1784029919
901825159
1436450923
1933867872
1998965395
1960367123
911148712
1853011009
1282130387
963014633
538570745
42756589
272024853
1908025376
396834076
1325302633
1399840165
1489776646
2018231442
122458015
612736375
92862980
1563134467
259746551
1385379229
1301771402
871141662
1589632990
825290658
1895062713
1739243165
461836930
649404225
1028210441
248221154
500885972
841093916
1159369866
206413334
2123224303
2122384500
744984079
18497245
246925705
505525807
415331321
1572228339
1905365972
1905107967
1442976133
2027823987
370360694
1535839114
1443474807
630107246
773734695
597762561
1501248908
215884037
1423053220
1248827973
1955127203
1884890150
1898232198
835853996
2133111304
251634523
1676947912
1144997522
458047857
1652688568
1119898374
1203031936
1671185813
1366824080
1708557743
2086517134
791568771
1466440067
1844141453
87061256
1346780407
67018500
1622900370
642771566
697125746
249151417
1240534127
50891006
465035455
516103699
1299718979
272679010
253510201
1050467530
1108533006
239137857
1302102053
637997270
1384135380
1760149910
143202190
356550106
815698198
1814388003
1723374186
376772293
1753421489
367459309
1843212360
1450079295
454520566
1042509119
1517097795
2077420936
1685280685
66739893
179088706
778331165
117630899
644124161
1294434864
1417349878
916803171
1547945066
320333760
2025336177
1787082923
1622435813
515849799
1023734655
1235102075
659051990
1380284762
2050800273
325956345
956175300
280088918
2079377835
1323634610
2123301279
1381973482
1778155176
1018326750
751587629
1708092464
556123788
818327522
1887181170
1334454953
935958421
383821683
481406169
205824651
1300624854
2029351235
526158412
1178477383
1668950511
1110577
1694327183
545201518
1236212653
205895525
1925486280
1139529278
531851870
734177933
1419618197
463746057
2057812543
1395435828
1845719539
1688484071
266278930
449823520
1249092887
822402718
1268151042
988790410
9374023
56625815
1372612093
490780193
262450467
525753300
372647780
788608879
1704230683
2041598291
789719456
1251074218
439316162
2025932109
1456969743
217318794
1017977740
1988821614
951496727
290112289
305084023
861825622
1685548117
3319915
402826045
1951827047
453143435
1651918933
626746118
1721294478
493225695
636120141
1777920293
1865837788
1126900334
2040370760
244107440
1499548115
681495991
1948338124
1393662758
1471215448
1051928694
1832978920
1349663909
361414790
2050297715
220158001
202752756
854310794
510270290
507836779
1716136417
48334759
511156694
2118962462
2000161807
964300130
1623397747
479424277
538110960
2116623442
1115544418
168547605
1834977583
94961105
61434718
2079085023
1594509220
742930709
1879939499
840688330
66662509
784384546
526183603
1416326419
1145799336
428997670
1636484420
1348552092
1283308464
2146754711
1856388871
851961233
47605822
220061918
823440048
2047767629
1184362048
299354147
379708258
1722473008
268493942
1495252677
1891020613
2103471525
1590213782
1952455331
2035072900
1037239354
547902393
1767528752
1877927684
614564902
404429650
256627639
2030891321
1550228986
685625309
1519892094
751297430
1968933774
1519163157
460202653
673411359
1566768979
680264571
1496851407
1467052961
1864626619
1796205555
1846761219
1439615979
2064699497
1194530248
1183152945
2020687374
637260382
988124628
1908276626
1674499736
1536027021
1528321730
1404943773
3108276
1932751380
1661571412
2033999597
1335496718
199713074
1406408043
2086794148
21163200
778087552
399513154
694574559
197372884
1079777725
43942319
1664425845
796920697
1840147874
1363703416
89053028
1757363723
410750017
1272205973
1630567449
1048010399
112846954
1391360427
575026488
1648873975
772198510
1979970261
1651982251
557466242
1494058025
1538498201
1892962961
1693771099
797422596
1832273461
1714934299
1575510149
84302967
262025211
1772883033
1164080693
305967530
1289825230
1961001390
2146115404
506044998
2050054418
1755995479
916795015
1174776744
1239079280
1964805415
1287623698
482956059
392348255
789014025
1255154569
224834868
293512629
1812620812
1718892893
1832010830
1558100125
1265180345
481949778
1242889938
832630996
2057459927
1327192906
1094656207
1682859312
343789951
1400623737
825200894
157307693
1399255493
1331245893
59878463
1007767324
100557260
1234655207
99362956
2065362675
374795257
582319016
310227282
1163809283
1837473585
535062150
1457321912
1502610749
106471396
1141849094
913227226
1371651741
1623798872
8633517
56799089
1533775152
1335826423
1151455297
1069150816
1679616374
404595386
1894351711
1836924067
1803850880
1078113956
1896802530
664134556
1178671216
983974090
763497513
1096550244
1358769347
1345816529
1406777526
375094982
1035806466
1941839677
1832416894
390933568
2048311073
826782340
1304160794
1272479166
303097565
1312794311
1329278255
1836872717
501137086
333249904
758539885
33269812
737845291
505407948
1870193879
394212523
1583521904
1619512762
1058347079
614709473
456003204
1821844592
1711259717
1814772551
1020177473
970553595
42383886
2055983940
764909624
1874800780
299433860
665737049
554099473
1603594654
1938216215
857197038
768905318
1120010823
546586107
1270042404
1453260727
1305125992
1303312217
43622370
1810533941
1026022448
437834893
1246572197
498051562
1496181973
1861281670
954054766
1170542917
1425057739
621343670
43236743
248127687
663727556
2099220683
1013037311
391044688
251170895
1678774361
945144161
1854765549
1469506928
1802341199
476187219
442034103
201443658
1746229624
1895294831
1506569651
902058193
1938917201
1169619944
1928080641
229268447
268708493
278648556
1725450420
2129990164
1232703322
748509689
1407564255
1854046992
791746432
1655691942
370290900
743483467
521245606
761335589
994654362
52536319
1706479750
701936264
1522043247
1361337302
1178123483
1964077351
1562780960
776869459
1711888534
921866963
1678927652
1503322087
2091486907
1459524646
1732590534
212711753
1738173202
1310557306
195218269
823392876
2059066996
1602782524
529956221
703329780
1110990819
900247121
1446813248
1632236425
1661582710
293983962
1684772744
1220578813
995920226
1059332343
434432467
26560062
875926046
1997213427
803429521
440330932
771596743
334873526
1943653020
715600002
1794398172
1528759906
928311755
1385087726
691833565
1123530024
60996954
603416913
578828901
590953175
1306746693
1689819720
1491200297
606076293
1174572497
1005299359
900060256
711861593
78394524
1895980482
1771193936
512826991
1922540544
499636335
362556771
578486418
939967267
1134153514
913359944
736136639
1849753516
560274468
117412898
630581624
1945362194
809246463
1754111648
2006359148
1412663376
185456901
449828676
571926421
1875276621
1941028973
1178002715
902365470
798844684
2078062971
1614227063
877239209
1826559805
1237937352
1390066200
1601616702
1737573687
1752622971
32619472
530057306
739292837
945979416
1266193946
441562706
1506253884
1383606844
1072144330
1304132430
45369659
678772330
1163007930
1458033035
864229232
1612836606
2029959456
592022205
1406381931
1060478523
1494387676
57742968
991057846
961131091
934982177
670134004
51584795
177564729
124267058
1789158482
1930187701
156886530
171732141
521996890
1102865946
1437926087
963559596
461636182
674049283
2035703926
1765768612
719418942
566992609
781292894
29968329
1431221841
246645853
2059927785
2023244046
1653027784
972922661
1370148074
1710770752
1963980507
183795518
498269281
486630863
235380313
675834011
610897921
2024538796
458538064
767784451
48787289
980534954
1870650397
1486713376
1944094551
184802931
13279011
1832314829
1950571543
732697953
251823790
584380790
762666282
1683045631
831026643
675110419
1558806030
336570779
1648033080
781470456
2047341532
1464529940
965265974
398127165
1951160803
1200646288
1073961176
414575077
1077701436
1532499240
1182359528
1126488725
365550547
905526278
465718453
162161450
1090329209
478997464
1994476279
893417105
1211695417
98816422
1477797895
1974361699
1781862053
161340890
501988470
1193184435
497911669
2537903
1974654892
397769553
1467067843
792437218
795896719
1270744998
1993083506
1869857895
1685320075
923301294
1254873488
720195956
2049790019
1620424035
1625722234
368024824
1782585485
568567795
847022288
1629578116
1461984900
2058717705
1728394538
792299147
1885595756
1362772944
953640037
240100579
408473731
1451551707
242638482
235644975
1849321260
1709706325
1028082194
497734331
832967675
873682052
220108579
370804103
1796983347
1474982067
1091000059
1699289718
947922454
569238645
2067314543
583024291
1137806440
766853183
65118759
452307693
678087241
1793513298
1244606840
416199349
1008802594
50763230
656299928
1417276325
1502314937
898938410
1652921301
1204152549
461161087
533519847
1701886881
1294128763
1407201899
1921995460
1664932866
1056701598
1249493879
608449277
608507669
49932685
1177687922
528338564
632956976
168010714
1295191747
698075735
620318407
1973278988
344105385
1864925248
241994690
1352907979
1915688478
898294618
622700657
1270519767
1797233029
128138310
327188668
110910468
661658157
2029075549
1405039231
2068860056
1803587361
922488449
978078007
905597592
1530937726
1586585676
955530277
561142000
2114924240
1588487253
729152715
1262632339
139079341
1349471122
1088427680
483184726
1066912722
1330422370
1836092706
835117552
81233340
311309715
2105637319
1878466369
439448025
285342340
1989376838
1101106182
166934241
1246932421
1022482590
1970521603
21937223
2000560597
728635547
1552874949
1439662625
1684165825
2114016950
1407103217
1125169430
695686017
522251909
1264248771
2045157139
1610679589
1747433498
964586214
793618311
1436042556
1799703766
874851651
1747352271
1757857438
605834373
39316648
2043199778
447727563
1140422830
62650371
1694659984
15421772
2033171974
1716597207
2015982370
614323874
1121988509
1308161347
151006051
1088521811
567780917
1276175481
1784207828
1090032826
392940605
1681881319
553228767
2140374103
498983885
1346847078
1428933011
151204004
74215081
1028801634
1909061442
680049454
1068118282
1804777572
1127777017
61057464
1867427943
674953354
76479236
1753116270
244066913
2092461606
219956496
1366055422
1253139306
370962547
307093585
1820920223
1647138028
2091301413
763469401
2040078633
1625699085
1316698168
2032969088
2124682970
516061598
1314418451
128403326
590276679
195736437
2037464768
1270326134
1263854719
1694758692
250619503
1324912183
1414702988
925572857
1401391420
1020335610
1169639771
1346369378
1240292106
388211545
452025036
1611254653
695305131
125461611
1110909033
639122896
888931012
1003504019
117338333
58145532
888989459
94537656
574207130
55924263
222940982
1164483810
251660700
112922103
287326296
1515515420
1807680795
537945799
692943955
1074900135
1463518657
2094335375
2095235745
485674780
1293221106
1188044203
873886325
1745246142
651815208
1569191456
1870707754
1762724242
60830705
612155118
618744613
178169038
670300651
1507734072
272706694
1244507781
1563658335
495647677
261507943
1815319036
608569780
548834239
1183350808
268766927
1086780039
1876294763
1343667063
402815048
1823146491
1291419160
888489828
968883949
331979716
1762376153
566646443
983794924
1184083962
289870549
599035518
1244914667
902025668
1217780131
1423083705
1572326319
578030556
1695790400
669350452
2141688891
43954429
930858396
1809524279
652524209
1479692635
845391439
921291136
418989026
574202555
117474551
821804074
249865398
1408893712
1710293902
1218749347
1740873428
1325186408
1785395790
577184704
361786722
2075266340
1176220223
1606701389
829808360
246516706
882301446
254651031
824547262
430608198
924001483
818752506
474562627
1854859879
480793137
1127086836
1187068867
1326184577
2048377973
1606057893
1900387132
18368876
280378320
2768882
1427262588
1990672222
1221518229
1020652368
1168374982
859430371
1597837073
1530161704
787213063
626573648
989379445
1617021423
873090354
1871680892
1871672454
1697637617
154805442
648190290
368906475
629368070
355566521
849699612
1756454906
1542635388
28400541
1657349231
1001209634
1928787673
1675718108
1281587954
1931556555
955497048
1124776528
1005591136
1976149417
145667863
1865021508
1426502842
1675829567
504750923
2053076490
517725365
2121772347
778683196
241922609
1845961153
328837165
396728051
346667795
697743640
1026096121
702234317
1547443253
635067380
97386057
1575843794
144932963
1098595691
1357147820
1820651071
232699997
1141220727
628664472
1357476526
2146811864
457330241
1503144389
1864349724
1883833083
1031490308
221616999
1789425925
1549215673
195905698
420625473
1791138282
2041866852
749462639
40382686
241050999
1447206279
1066478807
943285316
847165884
1701546187
1040671374
275526031
1846479151
2139267065
1632673851
1519646574
224483415
626410930
827398
1581959941
625739146
458157639
937620682
342605222
194507074
1969110990
564222222
1983932999
1370843016
760127920
257074825
1014497650
654511124
1006537464
1054880336
895562124
306260095
2121359144
1838847440
1153425980
1675421683
732035166
1428952011
1374417186
723818584
914142214
746580113
948301999
1540553144
747407511
382778292
18808643
1205565151
1320398974
361413865
1400072225
1142026316
925636087
1236521577
365385684
1685764008
1493596402
1379883335
192791484
352650218
287280023
1088353608
658910313
261155519
779717401
1812336293
1936577203
1511752567
1093804656
1163510741
88087503
2007946870
1910090854
1036389502
1401016367
510014718
1419167794
1419825010
1715579869
592083120
1781238875
968168446
1734109437
559391315
57206375
2099495121
97671675
1550802777
1331894808
290463159
1903452995
1619174832
1378816768
414879661
1880330351
11050521
79732306
1669423906
1522803088
1173536963
685451000
1610890592
1034000185
448058206
499796446
287532904
958072924
1918964241
1707357914
526169145
