916773455
449405063
1565883242
1918082317
1928381696
818481035
1542913598
1608037252
1767801423
870359104
147623749
1222199506
1428876800
1212567888
1052985165
521621292
1774648396
892163202
249596832
1034062247
1745301434
1682942767
1746472667
246289958
122855373
1882984021
746221614
652382650
268873495
1864219233
382359818
1185646950
166140649
1948243060
956245619
2094522345
619240447
351675569
1555075949
239558223
1222034674
1702699698
1461757729
503427826
767783938
367259246
1025049118
394948687
1259422448
1274645951
1429010934
857240234
810105070
1027999953
1103530192
932960444
763500326
1849751806
1585343094
1032373822
1566487392
1967702912
70537124
1732628041
1768462325
1026782744
1679666738
240219124
1378458313
1087259039
479777347
453009339
642475090
1941535076
956437165
1410259028
161310674
1981486284
1805207715
1420733123
1108648587
1086735001
130489709
1918753657
2114734954
1234019902
704230453
730751633
936288060
142089900
1763125455
355291804
2109792812
1833662579
2087919845
1730771489
712961675
1620102935
1970990614
2091419989
