129940661
497831013
463420007
1111968762
799409900
1231457950
728116000
1559637406
1374391360
1425318091
417486456
285070876
172410661
2032103684
1100464603
1088604370
2145380829
992148356
1357126707
94083036
2027515244
521356905
639377198
1675259433
984716104
1510148377
368580694
845670703
1527624907
1608640664
2132669331
1657565569
2106471677
448605690
622050683
758397929
1680063640
1350166683
170551687
906971352
628001126
588038144
1192042229
800411787
472658180
145023184
1889016157
470555362
1137171540
1098659217
564638398
1017203137
1620016122
1204015597
544978922
457248578
566680326
913559616
1302919281
2094305233
374716632
1288104964
1604387154
333704661
1736710655
78954189
1092102591
1269290647
1429120873
1262654278
28778352
2057121999
1850692422
1220820581
710050139
175866955
1365843765
451582648
646422317
355531658
1550241865
1211060715
1372734795
1022774339
267592664
1917713717
1480022917
834272990
683789686
635458550
781094576
1058506318
1923563515
237998082
1392210980
1512790522
316952272
336829923
634597521
1746073145
1599484201
663375873
1655711496
1302692976
1884196454
218277987
1478559931
1102556572
669860636
2124982248
1458088230
72618853
1188559315
683339377
1095393193
1456151980
453569446
427932462
142941322
1137359132
