341438739
803140858
1160501397
2060847427
959601923
162991233
2002065930
1441073242
1299335873
232974706
248411159
1172987056
1792130460
262924889
450519482
2094116408
1855136991
180487354
151561615
1637742401
898771544
1820159003
1472049211
375482366
156971570
619438677
1740662418
2123452683
1269776155
781587445
1693350521
1611214894
1584728303
706368270
1524578674
396846578
869359503
1379160956
1837919820
21211728
1612135662
2086330979
1194198785
1256782475
201772220
1644718267
1203415235
2056909211
1825205621
1354976850
1547167965
576493518
1027652205
871733528
951975884
1184623775
1491172205
545154654
1160592810
613464712
1326742099
706459683
77195959
763986755
1412827953
1601774633
1160833333
134703809
833451941
851269506
155915537
298103955
790116837
1350114322
1554886430
991889058
847348941
610818017
901314621
525070915
1965794867
300998938
1101564433
845963425
1172732466
2053540317
2030587200
516421024
451211323
1043696363
1129885736
1777953423
1750156046
1207081695
394456530
1015500352
661372680
1555289863
1150204161
1494824621
259075721
1306119698
1792928577
1049192559
508750373
1200331359
2041081617
1356099314
1811149377
794912590
1881170229
1629460596
1095911529
835251014
327940373
121160347
741307683
211043926
637581371
1192519007
1254740289
1767467108
822988782
857412687
827065155
