902378614
1760222553
241341983
1406005658
1851360594
1798396347
416692931
1474155868
1475766923
1751821097
12610068
2015945168
1846603450
443016525
1186578848
63845117
128739512
149656084
1650109204
760861942
668152844
1415912159
1933236980
1122725745
979368355
1137244975
829685243
949805448
1045545536
386555200
803499943
1947924151
2146777754
1044841926
1206446161
1850654700
695754625
1623139093
1177326920
24037901
1227476542
1189936989
2039983069
926596344
1632953514
1079078269
990441462
1761693026
1228734353
493067018
375071320
1896887197
1908979177
160824653
872129294
740863884
1298069628
1701814538
1690669332
196131516
2088369738
346685627
2144055667
2087663844
1391527554
1203018181
1790834897
2087282179
678673626
820678169
2111320080
1906150168
2010615158
2003819501
685262865
1496085024
935414123
1675704327
1110294403
16664828
21287697
1485365723
1913552026
1930266874
1646190376
638197672
523647110
796776356
192528562
66832795
992907873
133414653
413518422
989479892
73594849
1805045976
45014425
1864429746
1744844508
723688051
537624268
1708680940
482354572
400755778
1565016794
1167617437
1896840803
352947269
695838116
859651558
369612097
717125813
197533633
135680475
499909039
1843724010
773878148
1023556149
493016718
966406710
1090388944
1485924591
1099821363
1503907367
327920836
1173416213
1161469695
372935261
890362311
758830555
1096623313
1427986579
320027848
1578977885
1828742358
1885044642
599111674
1578099513
90508263
1294949790
290267423
460120360
2012075603
487801056
595800836
364500994
184041418
1369678984
1388057143
677058137
188602046
330962440
15499080
1288423410
1834869807
343419916
314355975
848855854
716355178
1204718286
1607686410
1812978491
485221218
1927714258
1244472728
166479928
1665275252
1843584402
1744579441
1755783515
991050544
2034846864
68420227
855642499
375164272
664221063
1220143493
559205691
2033900047
460716988
1236263828
75018446
791679428
1251762908
1363441856
479065587
1595182825
1677797831
1327921442
164054355
735032469
788124204
1977032846
1220253687
568354814
1074021926
1386733615
86146418
770122680
983829408
1841929933
1761173224
871192624
1910350160
469332075
1246356897
427087576
1689475568
1805562588
313503975
2708908
894342768
388522421
794388337
2146105676
1751964277
1273453924
1593804853
1282278460
453891718
1757859208
2017310930
1242015922
1587408406
1090080969
1810370736
513946684
329330937
1896517154
1284069364
1313160345
1590963439
897758940
36869322
1353829952
1367091015
1283226219
1780917528
909082935
941305159
2094421503
911791844
1835647927
335460277
1706180181
1834269955
2087424554
832150457
1280591161
1222219367
1286042176
890966721
1092046649
380574450
330891480
34643970
43461539
844838164
363974907
1939978693
2128907529
1677135253
1383458485
879182821
1714004575
589804789
98790189
849747146
223238669
1007873124
1791052305
170176524
1919664968
1479216584
505636801
1478361501
1166002891
445577708
163028311
299110404
1667797075
1449070487
1190077126
612360076
1829644937
1520968606
647004046
1873106476
218323122
1010978954
1665601522
199747003
540630559
901576359
1078929825
107151486
1491381148
1177720014
956898632
1714619817
38109490
600467289
1884796341
1957774459
2079683873
242949495
1288652312
1098203116
688527203
1451680623
1397313521
208840630
753267462
439906999
821200706
435428752
1960875605
1468204752
161051580
31715079
331700058
1826653102
231462083
872330617
580745813
1310391908
979482103
2072126961
340628274
1936380735
1639263130
378737764
389364376
1376575824
189028575
321564601
1619525319
1477680888
1419767718
160568874
781877863
669597591
369409504
1535145326
1109504590
1190610210
1970574078
922896547
511331314
2131625658
954611626
843031373
1810795113
1186073709
1715361990
244057278
348981969
547360446
168700592
689610243
336257533
1807963722
1068348008
725621910
1037055898
1257376583
1047186511
509097569
587573823
319470581
669666443
1369451687
989068172
1039075947
757113365
2098572762
82202509
580203795
873985661
593533824
564345805
1828597288
1436565197
227657270
867187349
1004443539
471714549
1216169319
1551803985
640415141
1905779562
1888061519
300895215
826643922
466199781
1337951114
2084020506
1513386292
1847048683
524110681
1832856874
369231479
1893562368
674441398
1408307426
503192085
625530513
1490509936
1083395880
1499516174
2084043760
1647741686
1180629814
1373125309
1875398956
2047817164
230085200
199629857
1116502835
1781889186
840044998
874798749
1522467057
1140940214
1701442672
1988666838
331407680
1637979530
1354569482
30972715
14606563
1039942708
400204194
1908168932
1714384107
1808511621
263877369
192430972
1151537909
1347273250
1691947146
1088098021
847531288
725093313
313739682
575446596
625426829
543824882
775076454
1741929664
178230420
1615121452
469244765
1700697477
608578018
23203789
1541880667
939985698
1661183319
748966502
970958414
1675789883
1788909210
1371162608
1436475167
1355809669
1032190581
1700352536
1548240641
36244842
900142138
1092704140
1124342863
1747673426
1817797453
1438082545
175636375
295740634
1981907428
950712829
2037670298
12654200
418350633
359431415
1713351678
1026928652
382635205
1107748697
1966914350
2043818524
1856715199
790389116
1572124759
1498140762
14068077
861116278
706466783
1046258658
413985167
107223777
1082503501
1314127305
1199927917
59362716
914317084
870241722
1497445262
1089953459
1165982356
1331869042
2040666288
1056169006
1344523242
311533273
1415600421
910391272
1338461925
1798235626
2018139970
1157892628
1694570503
1727371521
1948281744
1119211614
1078028635
1962349821
1980327893
1784495419
861124832
246829412
1891719196
1943628333
1560956717
944163465
2002991049
327790153
1814405187
1352952663
1417743612
832903895
537338057
1310926252
1889072901
1881861300
1622459526
1157189674
644768924
813437803
807941653
515425246
1971330431
355028508
95313120
1772128528
1474240122
1173341755
1586994701
1307084367
810353526
300635885
1553913779
554589074
96780570
967386849
1498752539
2099771620
1295177002
1165674078
1305240635
565436967
1998577973
1842578693
1876363219
1740167226
1576956345
1351339097
749873253
74241621
17293253
1557814906
589666868
1988623684
1912843414
684979988
1613268564
1239599888
1858321743
1052779618
399200608
521191622
1353415503
1953114387
1075780696
1450196074
773017588
427049588
1402484046
2068194591
1592723666
560241033
486147910
1443817992
255336078
215027481
1036501570
1832292423
1566366579
1786374823
1906534045
1583659832
1196706081
348717265
1424799868
962065847
1033697253
890584785
54182088
744535348
1943364403
453382696
1265726970
1149296258
259013435
194024019
452008684
1032031024
621073607
1854492730
952741967
66313625
267250116
1438889877
1510131617
522586194
1653917358
399149540
207394970
1072800289
38040715
2113929015
508976473
1234746797
315162632
1933776342
49328996
1348859885
676877479
103511084
2093395233
472758234
556893780
1211638556
1622054492
815907216
1405662575
2074063177
1847938240
2026736182
1781072259
653196559
2093049807
2048322375
2092086436
1455697777
423424922
1598520146
1854847317
630819892
523836788
1892888032
597265259
1032813261
980151181
912427891
819105955
1029480178
113804128
1495983434
1132991262
59715713
1968741668
1689885043
1271354269
1443312513
358308611
529533196
1369892042
58763203
408785730
1003480653
711959762
354351890
904319381
656562550
1810049667
1327744303
107599048
1517413336
1958564195
631435836
1262817720
408345806
1664249098
95485254
1320773697
335871405
1124965432
1434577825
1831854840
110473046
1494293538
1653112860
1800358089
618164160
948941725
11183052
1147697356
171350119
69946255
1556483087
1174830773
781906017
1910834977
2079150154
1438468567
1573400996
1259410809
1546067616
943330684
1070491356
30019804
58664756
1478837162
1694268902
154150010
652127211
2030140308
1279115442
2086705036
1714511500
1389588489
1433514926
1220140712
1042462930
2051679086
21598790
1053645983
1051892795
192948909
1123592238
460892234
1367779682
1905498256
224243563
1299446188
1196483175
1797644559
411373349
595067143
593491595
1481864705
625086948
652156351
813218219
171872202
806306362
1465345430
54528862
2085421804
1404566818
1769040362
1327526645
690598097
841697427
222505928
594793535
863296217
1276151911
1646686330
1056245126
252260501
2107578564
276541161
10275109
184338479
1575987349
1206758285
1981983038
1987360699
1801825428
427990985
1321741756
279428728
1080147337
2134959976
451300931
1886453699
1452821758
505829793
1824391855
709904929
127386508
1004434853
1400503026
969083935
1226940781
1995296561
1832380152
355609044
1494499244
741141630
607869545
1454594160
1017682791
618144655
1638932640
446186493
1824902940
1473432030
286063544
1479244720
1901423016
1607805300
1758673449
834086705
1595281628
62490732
573056756
900619739
568320525
249964963
1610524668
695707033
1254399816
863544046
1664790968
333856949
711356959
1349687472
689465993
58372555
2090829103
1297335539
1512966716
961028246
1915480194
1004415708
1407214739
1592899486
330364090
1693278283
924660558
84303458
1153599936
535850359
918390163
601397916
598341091
1491446919
1502017655
1166661617
1741411883
965058675
1862368650
848328051
1828602721
1379675971
1182185001
392476033
581879795
1871650994
450848588
525225250
1021502885
1963815304
1486253497
789499431
820747364
745984588
234915269
1151111455
291779224
1159575828
1235414913
1445379160
1695426187
6321429
2046777076
146283631
1497768348
1401311084
1312945248
1091696583
218886111
1027830250
1940024635
2047488833
260022573
974725988
292481218
841902369
698893334
743329806
1367127619
1720396220
559661463
705897468
362412003
1380408827
1451882057
597327273
384036634
1743661281
1756903101
1619451548
1041556793
1304845640
1625772977
940850221
1451129271
976057677
194677657
616590871
2067754261
413563769
1644421122
1860295248
313568954
1904443695
687537588
606050172
598862416
1386430922
1349379978
1965990036
959343494
1909041441
524403856
1321755498
1141966621
1976285913
1919082771
1526003255
1572463546
1528502224
997971155
466536691
685864216
476260484
1407386913
2136993488
1452318162
1602064570
606100711
1372588775
2015628339
103038185
1085400375
181713645
2007481881
1772937963
787763817
458860649
1011885237
2137143796
277367037
1971228732
1898701589
801770894
1145500582
893184562
630573159
917099705
271704170
55553058
298118281
1269675325
522089749
983982497
1745935810
1929476662
973492337
1050770324
1384057585
1579593049
275875451
1252202276
1682631234
1361275826
1433915922
1542629467
986730141
74196091
2001490117
1998615378
63856239
131373506
1822360462
1962557829
933144400
820377396
708258743
1563717560
1737477101
979962913
1619270618
2035595382
102154591
2141360367
872094232
1848090401
1923353382
1845586569
751377077
1159927319
1277695970
1027252528
264645947
812843557
241044706
1698561869
207989376
1227774847
1772757961
61995845
1078906577
1836614200
193369352
753783392
1651688381
1126513752
1574160788
212463477
542747664
1164154242
1192426390
14534634
1052265976
1294580981
8411354
1924360208
995187734
1931764736
1622463130
1746564811
944208407
752675452
626333691
1208854354
1565519009
867378397
759932576
1773508386
2095153244
385206889
1835504231
1026576174
74337441
2028873583
1780359566
1726025823
1007903688
1207036706
1938489300
1550651352
223707300
983432042
1565185987
1275973277
130529376
1573597341
1052849837
1125717110
1357878429
527829319
724798274
154603188
1280504772
1351131965
1363457542
698540133
71026715
2123390118
324564871
18696311
361113359
12585455
1045272485
435450801
2041459038
678148403
13992976
901879078
1885185110
1952482276
305046783
2108892410
788430670
1870232770
1237382039
918960046
1296346463
142748229
2044677157
506741244
670577548
621991783
661344432
1951082320
1973123748
2024801974
502138806
2044150463
2000708445
826703677
2062846775
214338156
839289132
960635612
649788957
733264523
1638784016
663781933
1635143601
1376485478
468780561
1940190384
1337894240
1257211232
1662939506
427792632
28687630
811802321
570540861
2073364787
1318543565
1241118409
547872922
1979887997
1044717082
373513023
1857206324
1546855888
270179838
1710431121
226075917
185542965
1924769277
1065365050
1146178578
427074587
1798629573
637478946
1090856520
1286289526
2013964424
1559637082
1078996263
1204375016
669364666
594452121
1632167648
698052296
1406254443
55224861
623933436
577314360
1296343271
1171806358
409718710
193576705
1545319381
119441386
1740432593
1815499220
1829872507
1966508510
2001042185
1607158136
884389912
999737115
2034232723
535535837
1637216061
977605596
1821825364
1503696837
389759030
753337979
560588206
1059123696
1347790100
45272206
1757175992
606560895
100497068
233625780
1183875256
1396840339
1405432139
1593593966
1590417044
803267872
1713035352
1183365989
471283444
1395424211
1002390851
324841982
855098699
1886780764
1324579097
741847775
274832953
814311511
1719453371
2096658317
170524700
2109212401
702512648
731112906
1020852449
2050302749
776385113
630544793
509379996
876882181
864170574
1693255252
126238872
122119065
1139365570
1716655916
925386937
704917274
752538257
1396670382
2100341485
1754929108
1721512364
807956537
1494226224
898607813
1549804312
1769059178
1712919324
1121774035
1718233847
1883444025
1083502788
273262848
467073283
2104355237
176081949
1243458396
587416382
685461945
2120340577
1451586956
231233550
99095801
1573706021
1370599120
1815751717
351609311
2075516395
420806326
1748279693
2028374232
28251787
1322308409
688847121
1522478011
73432574
91167785
1144053541
1786351899
1212941820
714803741
1522312276
148960960
988066589
1989385559
105832549
1164148538
1085360308
693248932
1849610483
1058217237
2144835888
2080844033
1157313039
1571058262
1303959506
825581108
1922667573
1231992253
1246387435
1523463618
1112882837
1274639222
698288379
1801729959
649633585
771720953
1892897744
1793687127
410589204
958355917
361007220
1932901480
1107316877
1349073809
1774803392
1213149427
365738699
712680052
1906398359
67865534
1770897289
1903750599
1225920
780726680
1327325213
1305185426
1606307789
1102509138
389694031
705211576
478489108
1502576868
1979850798
1176777487
1156823179
482000735
1948498441
902237276
128204214
211603997
1860593193
489211434
2144505478
820426422
1838285243
1771825222
2033575849
56540294
337021626
1792490560
124405829
2107918915
1548757512
125631749
741161948
728599077
1430817175
199986089
1831108216
1820511206
905197665
162113676
1175604426
737564815
1338891164
184943958
1219565550
1139905957
1087181234
1347769765
1351509954
800290779
1836981199
1348531784
1620717201
1527782795
972873358
1506809403
1584323089
1309894984
1151816315
1708728918
1270330252
553090179
1834360667
2011492200
1281689257
1117694194
63994641
965313825
790721752
969192306
1127427501
1966326179
1706757121
318835017
3786489
778839023
1458740974
1090967723
2126608788
662767281
1891258502
1816106340
2011299065
1364492055
1196405487
836688776
723817810
633244928
2146583760
1875634126
194490199
1269430364
281240657
2028850866
1133438916
1562929914
999061413
1197433557
380760091
1789783165
19142215
1508187593
1608625696
1725899336
1827022610
1612412185
357254712
1138279937
555896260
336379852
1801047218
299671114
5002544
1664862635
1664163170
1201408031
354067763
240497332
1834652960
353167876
2116131458
2029143159
1622598240
249888468
1910510377
608553509
1812818382
762088142
1805987066
46094826
404387660
1825129282
1554282419
2013013356
1403544970
1233821381
1477941894
1760799682
224617670
2033838154
2097179535
2025664888
186025621
2102182079
1543043876
1850188791
1156106463
1897111639
2090686123
843275775
102795867
2059333934
724935286
1725394108
161738754
487962015
186463969
1974557136
1250050158
1992451035
2020651962
1654437818
1670096669
1427450733
1519967526
926157992
513788467
850425772
539474026
738406137
736780279
489169913
616587378
922805900
443868345
12147606
625511043
1599974808
1909259245
568713518
295766935
2012055113
480563804
1020702221
1589965573
642302558
1508664236
1776429542
469376047
611230746
1621396929
342544361
118184916
1144009951
1769995095
1638152443
2070167943
136299914
341094567
462158321
874706051
1077874846
951328235
1491293429
2000680746
1395196580
1503441035
478708141
847687740
1265216633
1047421660
1143454675
1129788098
1527985464
16673248
572270023
22804375
1525337484
201215917
492180422
2136568231
1822612846
834724783
107269499
819139149
457236230
1745421942
741823444
593536144
2086516510
1203981766
1468242196
1016907708
7826353
812051977
870104807
1403022933
168009365
1348812948
103227025
1433225998
248750960
1246681700
415530448
1776736425
1263354948
987800471
1799540800
641208784
1189016388
144237574
630293367
864145586
978962357
737562867
1683284736
1436198588
335501161
277624532
2029734732
274534023
1481606298
1350493280
1291441732
1489432651
15061610
14062891
744971936
183070975
1362875839
848198961
1616296973
1611626800
2094880661
2031827421
1240879577
1210751961
872144244
892936729
1851960746
2061160632
1037174303
334770465
777822570
2016136660
1072333332
313623658
1304851600
1407834494
591248191
1187102685
1682368517
2072854489
390112317
826326601
1414803493
405173927
840389492
12291781
588244902
55781684
860490743
57058227
1667408484
807887756
2088885648
760804413
2018639718
813546244
1653741142
1723116816
727223228
543431797
2057887281
1505045799
412084809
982736966
1818669457
1716936410
243087812
262434000
756555447
1925456329
187804842
1146667764
604299283
1602608335
1551841692
1444688775
1614900116
2140086594
1500470459
327907211
49661174
1020395295
1135794968
2138546822
1781199708
1006951038
804609419
1287457202
582584206
1531832647
1830888999
492987839
889394798
95490161
1475724805
560580608
1812426571
1718812617
823014608
421498370
1496785299
1010819450
1568166134
2101084582
465944137
972524178
1398289709
2080844254
965127125
751276521
261267817
1014788299
1771671816
1397062785
1005851473
1405387877
256530175
1810460892
545361431
839114381
1194809892
228766783
1332102221
2084204690
324256944
660343378
497301650
2136683515
231672348
1320316259
410698237
1728457647
183652061
1978864371
1682058581
649596199
803904902
932864642
582956805
1769032027
1684141163
844224622
636336678
1308329332
93803760
1642188151
566233561
350333935
1305165396
1111594992
1189448317
352491640
1340361775
374066890
289212682
1664618719
1034410268
786514333
1653818586
1266082616
2106830592
2064516823
847056615
142999005
1895897547
381631548
792595204
552318801
1314496191
1375552009
173867180
851153706
72292984
810203858
11999390
166096744
304908361
578232951
516430679
1610073757
1689827944
1705878996
1962565397
882706071
2079945886
104294432
399841143
966872507
890808765
2053659729
85471475
850155709
1970692905
932528091
993154714
1719106804
1314159639
1785749919
123941957
481172182
1013818280
297809137
1332325889
1086111264
1108012995
1344325279
1252208008
1412921356
1922558231
1768638688
875511466
1464902527
1327034036
690593215
200124950
1259496275
794887647
599966093
78885134
1685696412
506142175
164356609
388368473
329351432
1096884700
1381523188
2048458236
263560692
1019789459
24916545
744732874
2033607739
322725682
2077058763
972235356
1430738677
1273900395
76959716
696176385
1048974978
1845598404
1571687851
366393857
1025148793
114797419
566518807
137161420
909685066
1166484901
216046554
447897831
1672627076
380403163
836266304
2001978508
1477287864
70305844
1902953096
1740848556
1090095303
1927869641
338097782
976219395
103111675
267672898
1948454751
1533850352
1541573293
2025414467
82543089
443064623
1723529224
1654230941
809458480
601194369
1769028360
1375977287
738355789
531229778
394978540
954402343
979127609
2067605616
1334805506
1815393914
1922100476
664609722
1885699758
1677569924
257974630
828311414
1457955917
596072413
1804530809
1561067592
863745311
1605501912
947434296
257834956
1483432731
1029977386
700899579
1059478307
536724679
1510358059
1660672676
158269391
738851698
251544817
689499169
1133830239
1205947160
1668626779
1053952207
393269019
1336537045
828569036
1057878741
1074753155
358655312
1315853372
1903064569
1816611230
1911925785
1560111730
1230195174
628187448
1018129994
30145823
886022404
354079078
1060123209
1586921983
1413557385
1596847888
949796394
926746414
1755117279
1688648092
1178291231
297132800
674994683
236754744
1965759579
1728946891
630023763
1154812976
410032279
1687902504
82082484
768687591
856272228
1985147053
437815173
620714365
1397775136
1668010348
1248901813
268421482
1698156171
2134924217
622500560
610795732
1574362552
2036057946
60159972
376675298
815320712
1815277251
2065323391
1993611943
2112410051
592834426
82883039
1930685983
174297669
712906802
938015311
584329948
253325659
1020097795
1353017540
1109597887
857761201
1790832713
1730312253
108052689
1311359413
831730418
376474171
862031936
819170988
998974732
1472827668
246049892
887549030
1532987640
622725191
1702869742
1200781243
540564934
1548998037
1165707647
1133399360
1631881077
948909982
1307697030
197304231
1886925293
1892026978
450629890
759539441
1097560870
1560227778
1617300642
740909936
1143056383
1725353331
2052269349
1974786801
2101827502
766817638
646474141
953318586
92161658
892524034
1840867616
1625149299
1515249225
1396253710
678446894
2055814159
797768100
1844154541
1041729871
282165529
645580875
201943253
479469760
385022521
2093970232
930099651
1144561962
1044047454
342843781
614378956
1784957390
1485900164
192248639
1689743092
1313203317
146592493
309077082
1959677459
1099911080
401238740
704717845
793295048
2026388039
72483422
42065111
557351286
2128297581
839833211
254022179
1022543804
1121998740
899603055
1224487058
1601468500
1284625576
1170973642
384084503
281703890
67537448
726928284
896082846
1852494839
65344800
1088331485
1394754283
1378548118
1234923978
1703831365
1190741929
187351410
2105070105
1895459774
980646459
1983974497
1967943196
1022711570
393842135
1948757129
1862544781
647864314
823817285
837059873
1547467369
2048304343
291044725
684609297
1071794337
675129229
966313187
1139331786
1402057513
1862396033
844342977
1467402314
803243870
91613612
698466784
2038167849
1795444977
1889208713
78035611
1753031434
1637184839
1058682070
1589522283
1457644387
2081393640
1983364418
1258917868
1796454773
483745085
2082735153
486030998
2031212454
1983555849
777075724
568338104
907866538
1452204953
1534651291
2047198324
706778818
1249563677
744057653
26697484
2052807547
835671265
725164268
1943491748
483632594
466889333
2021527360
89180381
2104074172
932725782
1678702664
1414234911
866635775
1514583435
525669131
515606900
1998328520
460920637
1001637899
1882057326
296992838
1778713623
302911782
1204859376
1083434928
1837563074
1104574053
1790213746
939643103
1848631706
1816911231
844967002
536819324
394591851
640975103
1020451918
861481185
515018815
1109632299
818071709
1447744597
640851316
84822973
166896724
7951103
610492104
682503625
2006279623
1071412741
1684141524
1740853301
1368405579
1315371499
2043765084
425781308
251322779
1733844510
1530355361
2041536525
526003965
1231503419
1710964108
1370970967
1768322743
2105555960
2011946070
641291014
819553497
379481237
1750923313
1637625206
1827225835
244290981
1722448179
1994122559
252242084
185456636
529142536
111038059
1256869377
65800412
1851891361
477791309
1381171911
1748172797
903572617
1632494690
1334533659
286444330
1526547568
1860537624
1517947749
1090028028
1084024943
1138786845
1048100340
948487366
1780077859
1867653837
1327968603
1383517524
1357795396
1007710790
1627808506
932759927
854349702
1880050590
1118216563
1383492238
1991088650
227602293
1449292651
1695496363
705393602
682980914
1296185512
1608966219
167991957
483235523
1895410549
1694539525
196289499
1265874650
637083905
1280314442
257177847
1685184246
81318160
2037255706
1405354435
1409286764
1273289583
615666183
269513906
753614441
1548426111
1123863608
486181383
519159026
359872199
329786385
746761319
1809164850
2025282748
1452154921
344662116
1173984612
913637492
512654073
1657220135
661564393
59709950
1853509634
1927439044
696793856
986340429
37133243
234494454
1067658589
2074388950
1639848889
329461705
1200194885
108031425
598975612
1953809326
1656457536
1722839220
292507061
28132914
2082711419
622293447
774894234
1744392621
500092547
79565507
2089054738
1674077160
993203000
454225163
1183813647
1654767393
513935114
889839634
1434722789
1210728970
1876180063
1471856033
1445223424
796355004
1398761335
937588665
1125816710
451472572
1045620090
1724792322
257798250
554593978
1300147894
550305311
582726893
1235375666
1172598758
1357621127
832284639
1672691306
1437186634
773855729
1199284818
282905986
1228080893
235614817
1937673380
1742016007
1125454451
1224912521
805261329
854150866
549284906
103001105
1650505871
1948046241
1040589770
628838933
252035165
2086209861
206147607
509833415
493320191
1506295501
1060138727
1076047084
594187519
85253837
286184563
1426472159
1757945143
1723371198
52844240
809746313
2006277184
1280925133
1045361131
1796466916
875457492
23331934
873895790
1680718821
877482801
1423180696
1783719926
380505024
1223743290
676826049
1009343957
1475778455
615552262
1215491564
1985611871
1108872453
574303417
898266950
37435890
1168490937
983520787
323620453
447479448
593982283
2046991651
500323688
1403728596
1905785188
1781248822
301606079
1554768456
509222666
324938014
281180598
42457840
1202420815
1704361295
1826177766
1582925839
780620937
355520167
444786148
108915744
971072429
1660277712
2094527615
2079944883
87097481
845310917
2117380773
1255588418
1828831705
293517578
1703067866
275330340
193025582
55907907
1679058936
2098810770
1837156729
1980665016
1506095578
198895747
158119382
1787276177
241353587
1360540197
1344153824
2067531354
795982388
2124774761
275567873
1240768536
86206857
1246640303
753562600
33250825
1179101538
840660081
878561742
1148998663
2096248500
559909799
1442516241
1651832718
835240139
1635541823
1707740625
366815428
1586868945
1397413706
199996796
945480876
1596309454
358116178
585273405
1837663041
1718656375
1929427229
1757710747
367155115
1906718342
2033278621
1607923651
1992925199
1132435276
214002603
2026176024
164053166
1054662684
757254119
1313051829
1003427536
1317163918
608084422
507776607
4920410
96142598
68033584
371735838
1683011543
1465447291
571732634
481008771
914273097
929848812
1066282176
604452490
501021539
848225757
214679590
868176654
607460451
100474563
328616657
452902003
1232909839
542619260
331594379
1396963005
1597281944
1088848498
562531186
453225833
258528769
1170615608
961002440
263449179
1266758206
1029036024
635185017
802286102
346999667
1206917651
1283294873
1261272764
2136766463
202093402
1865725255
490304354
1050319159
2080404845
1358481008
1657779611
33395760
1687097665
2110681614
1266305599
82233277
294792345
515784956
1679515221
1383640844
1078316142
2132741054
1642169613
101448102
946259846
1905618792
1368206309
1975295871
393320161
23008763
174811890
1600237812
1306303636
1436084655
1589520627
1508397038
1154326262
2079824981
411232550
1087247459
1290822341
2069012161
1120643219
830436358
2032210127
239465170
912669635
179518824
755250126
444701208
1563159668
1833566268
429958615
1057845633
1935014370
1376218461
815980777
1155737031
1204030684
1209300938
1178745794
1378842575
662055102
337565783
667443582
104092081
1845962821
1821769844
36433414
109711723
761533655
1327255755
31240236
1882176874
10208465
2063450363
2121642044
922878100
95485540
729408522
1367579309
1658645208
415491142
1797537924
569007194
203021864
1026272737
1384987971
1358758896
82819774
446805262
390021042
1461662349
1108860364
727586825
2129105931
1212952446
426065999
1803392127
1249385860
535777722
417442134
429157968
567017959
152135360
439366433
482984674
126293756
1362244534
578470214
855702278
582340195
89631775
1271193420
232394471
658638969
1474215284
1258667208
2043626940
685490532
1341486982
342948554
1075511575
655665683
1451808919
1803098400
637287966
517277717
81680751
293196445
1766663577
617458474
710638579
48337897
1184476433
862773939
487704331
1667461107
989067695
1849948865
98447674
1844769973
284805412
188079449
968479745
517199883
846718418
295211382
1775867091
742861710
980701914
969870426
1085810265
2056213489
1625536109
390135536
1711828242
115340428
907413253
1793508993
408536873
526593182
263483819
1119175453
574931080
1447960252
1981949392
1062635411
967937712
823533440
765100628
1066385386
520819765
1049906040
1254464835
1489299511
1567105923
2101183253
1784510893
1195489366
696561315
617729159
17876144
1782371580
526459001
1643412254
25023468
90803595
1758752682
932436721
1884312588
19805907
1459029904
312760
1138981360
2033960984
1448273012
973447105
949112747
268727076
1796980545
1714213375
1335112462
170316662
616635767
442093649
1659616173
36258042
395793254
1296643418
1231747408
1092354570
1914372578
1249623553
727242502
293347931
745552159
752265971
384151526
356821193
1684702692
120980466
376627100
996248948
121293226
1515608461
882726284
1569566239
341571918
1831839031
1838293315
2138552463
1398568758
1025922130
161385477
2015204525
1468015779
1821001651
2051462567
1863809034
970161421
1135726328
808679956
737050351
237866233
1535922458
1030398282
983418392
140704781
1414549808
1340239585
1825407474
1535530275
1716866685
674172774
1656823501
1084991498
1556899059
1078906092
1426563416
1241254442
769715760
1417632231
492339553
1795637890
1579017709
360060430
1116170021
1252535712
264039350
832495407
75213485
1399765678
1641175363
812263837
1637631911
1029614174
1842662119
473566655
1170318955
1109728280
1813806240
848242781
497774907
1383189277
1522415556
7114760
320697128
931830967
1086020853
1747260544
25601761
1855736613
1017409128
517941314
1503890855
448943189
878001745
472577228
1701478901
1142041095
1305072636
1776692386
394323125
798764351
441472575
2031955036
1828378525
136651047
358038043
851213833
1246379327
24360635
1699456614
1744154234
1407549912
1074388522
1751268994
1728247040
2006219489
689806199
1328023937
2031821251
398059164
197949417
402278917
1901950019
646892606
1280280662
227043600
200887859
274838109
1532116236
1977580245
669161234
183396939
271569173
553632622
2011775465
408220220
911670665
715505650
1654599547
936031300
267478616
1251270133
196097565
1341867139
855055479
1924344605
1200602980
1544861679
1104884894
1084940583
1942920843
1302834311
1487219501
1697387215
1949726917
620016515
1924430815
3131128
894854625
1309063403
1980711374
1564015859
1492460342
104796899
2117648482
1356752159
513017119
881835499
2072257809
20133018
1817866800
192252778
1271403151
2013964365
1534119917
2126458630
1790825322
587239249
1523836661
748226569
1672179833
1319273857
2051060880
1011915686
869177424
1853304150
1631932201
646124591
1856435278
379303178
1955187994
1689663004
1943319038
1300164688
1794459903
1913483872
509433200
159993374
647835723
434207361
180126392
318218875
626460139
1451529543
184699592
13096408
1430504526
1975524915
600335658
806857539
576267836
125031843
2126131396
479845068
1136947529
847825172
185665570
621396082
1493949763
2042100849
1000699261
1301654109
1584280205
796534651
454335150
1231256461
562534875
963768350
1391249835
1210370598
1397975711
1571376228
1528589474
2024435851
875422123
1713289066
2037532259
158443001
1541330333
490384269
965300541
2117598169
615416112
943948289
449959590
1752363641
1791773462
635625160
226276076
1138239577
530242361
1226975337
292410039
2114522567
2023509988
746745189
1198295380
438561215
1710513539
442061567
1648931813
961005602
2013437795
1030037639
837957805
741376271
595843058
728006417
899819272
2137173391
1218390686
1865119813
2107287913
1833806799
661584455
409763855
1438686792
305874269
1045389015
1664962868
1444113846
1575631377
744454557
1736523885
1542670296
620480897
335785426
593482028
1059042112
2046298965
1035543595
560490278
859820920
901497743
1590527917
1697778725
1642874014
38887327
278301494
395209638
28577071
1496692181
112845804
2135864984
1183015332
774430259
398145191
474218476
1080304528
1443534206
2139181345
376934726
871681935
736152254
2113458612
266868583
1356633152
301760390
860350611
268191616
200575708
1895894207
828681894
1060396628
649908302
271726164
610691705
145298668
310613491
888993200
540508306
339190562
238201733
653354110
327571898
1421217065
1427784369
725717089
1895435541
360605249
21767648
1887133238
737539976
893449583
475801845
703514940
1160318167
1832434997
1005275330
2020668778
2100626613
1205851038
1769079337
781824860
118764018
271503991
1053551024
729455724
416802659
1364164515
1618448924
957310966
1703355078
1856650657
1610665076
2030926976
1130384074
890965798
609160418
878335967
1251571047
630928066
617985558
1989111023
1524377649
1093787403
545142315
537212168
778738752
1550417646
410397299
731881717
608785036
31992988
1513706577
727549055
303496980
419773953
1457004779
720299639
1783938469
927970055
1677610605
1339809899
637137064
1140792034
1223253227
1767521138
2031757832
1832413645
498373457
1135845231
315858063
1116359015
977472607
1840235713
62662770
1522614922
229964233
841401522
925548920
640361532
1573283240
1534333957
672354521
939506169
114399364
975851501
1359280123
1571404143
1696151140
995734944
351890550
1226278098
188061195
989027614
219586484
1411314422
609065104
103860668
1096244420
1107438561
1239705899
1412102483
76313929
69694858
1104854548
138976699
1592309781
1334818782
980378222
370375053
1975180314
406177814
1904709010
500051187
1345683983
2019108374
1475902688
557480458
1443028869
1024570181
1553215402
1794919419
103364631
1741276597
636463385
322951115
1005107372
1245528489
426811783
2101351792
205483403
1666517682
1365970627
281797332
1736212541
323341528
420774031
1181038674
1658160310
1401152253
1551413727
1485856976
1807330067
1308639090
1985908164
1005530403
1180263816
1314327204
1563010861
475809038
191413737
968742616
123244809
294778368
562535565
759708195
617729483
1567642937
2005236684
1044541266
1521511081
63236439
563575301
739998061
345033771
152304194
1063339589
765807803
1333342868
574016251
19476408
737272947
2059873227
1826806476
2045912037
1898297743
684853231
1078692206
1065141300
100380444
1554501244
1256555037
1069123060
1677746053
1551333406
1631658626
289970600
21579241
1051817915
147723637
1066120508
425845349
210960076
1629695809
1165843410
555993848
1782000003
81699351
1321801651
967859223
655715602
1341278059
1705132170
568105181
1020600887
1603560560
318919277
1705454118
534769118
1384060577
1805834563
2089270362
493131966
727473975
1619532767
2044465372
211648953
1909503368
2066044614
1263466869
2057227005
984681474
1689312218
120703433
466893635
707671980
676697281
101409990
789371331
1998498932
1069269213
1445086933
1192293344
626917735
2013192114
65410583
82994647
184627743
1770864702
617763765
1568688320
1429215617
559550479
2061820287
9205944
31599599
1958802011
220854898
1941102967
1877362977
1484321767
1850846324
714560803
1026150337
1971549757
1181454438
1733822317
500763391
1282864428
375710000
351778675
204649993
1820796933
1544072019
831567729
1686505399
1609482603
914562376
1871133143
1232863657
1532326142
1292337815
514595626
2091876621
1206674454
523801570
2123476220
1017992818
744656468
1917095539
747872147
81494587
1620458215
1462432951
1107644924
1444524325
496403741
693983593
1945287716
1779268170
1069693593
149582743
1983918163
743006878
1693654763
668002244
282028630
1155653718
1582564621
5678125
241033727
967407115
1298015940
755629353
911800088
357206747
1279430923
887792661
1375199565
2024087392
657404552
2123071712
2105581979
130379120
1438021015
1065743256
1574903445
1934424757
1759726849
1372707513
1566209279
681936795
1522290256
1402643794
1424943673
1068461371
2070646039
1706972303
76631441
1505727012
1712650428
317665168
325650479
863182721
1073294521
1237450567
1220389468
205241797
2125243228
448105385
81845541
635164133
423693449
39943872
765543253
1861714465
1105687128
192963050
1648655574
717930330
1565670563
1067381205
1399867125
940477171
322541351
677327150
2008938543
245703742
236815806
2085569984
1751430754
1949466234
255751505
2077081233
665165307
1329046026
1167048153
1885554775
1534287823
1144807733
186176512
1616133364
1779971866
609869962
1656077237
398031471
324100779
614280717
590994521
1972756353
1332211047
9181436
892653910
584594524
949658608
1215195261
1261921675
811113503
1460899004
1498737481
749199839
1064846110
1300720067
1004951344
994443696
1965885375
186513723
14008201
1703956502
1720801546
1158815934
1890133015
1189451263
791304153
352519329
698044852
1189335624
676620108
1312325569
1780330146
501892813
497052969
1789511582
1394546723
1081647493
591686542
462258336
196085520
1402800045
1923157340
1694823001
4516237
840519803
848059421
1009467581
1834963499
666461148
1195981304
1848971700
222934002
769299203
860303986
2113067017
1958750466
1651608139
318102698
509311670
693460116
994722806
1821637239
326306614
1496615619
171206560
2115818196
743678694
1252854054
560021091
1205937031
1448939574
1962821136
981610723
996278928
1967337373
1822130526
1844338349
829321307
1509610377
363315849
2025302611
1211098429
586249851
647118166
2071402416
551833221
458384984
1575526907
869935919
967696654
121503375
1864658726
641850246
447809989
1213790697
813056806
416144538
1957469392
2065910860
976165629
1015922775
1367366787
791503117
1997533498
216162067
611356843
1672180377
2060500416
1440678150
1034307106
276332617
1318497113
97921888
862582468
1965615280
21840656
1414415689
276516616
1597367563
136867961
1244213271
1718870939
2001526687
1886063517
19197280
1067833736
551636675
435341818
877819480
470063888
1411507447
1893742255
1837430675
55526917
1743792106
2053592742
666883760
1268488835
1966609510
2107561910
155312293
95458479
1278575375
253234181
958040947
1096707007
275074837
224972989
1373223624
1872442401
361840950
469953247
1443829692
215883989
208533116
1463026972
1283717725
760169791
1898368791
14053558
1230233679
1162392590
1907795813
920180706
1217919507
1504104271
826289800
1884803267
625109458
645415662
1844881529
780421752
740874141
975973257
1033655933
1698915089
2072680264
1308730771
1923888078
1298420240
1033689524
138245380
1768373487
330035568
354129369
1976906603
1793062540
1637847094
589592747
1543947683
1651900652
1819826426
558856626
1412212818
592523485
1776776133
768833441
1418813285
1514095753
1393942900
2064228948
1211493634
26881004
657619441
39983243
1060536937
209050882
2112663508
221784060
2132938960
1263600100
1255473584
123700692
884489940
1585509152
477830061
713912895
1231088045
2115677156
1303505642
627552080
1620094160
975848421
1186408706
884823330
1568371906
815701192
1653656772
839701543
182313297
900116024
756446843
1393806931
926997028
1414066285
1433790175
1987533965
1623117167
1398970035
61834378
1608572480
515086487
1317307962
1732273172
1399576427
755333467
62619586
2113489323
1986421512
30813094
1269511317
466489944
1650907254
97876090
1652898651
388246937
1666247996
321116195
2041903709
358465892
503429492
794536085
1114912735
1897236423
1721533113
381495372
1183542950
1561583430
2004612540
435029337
1623417808
1465701372
950115825
793242123
1050490896
202208604
1548575590
1113110482
168214279
1387513454
1143923576
1437725597
1854003398
647347183
1535601687
1359418401
1035594120
1054366036
1680534596
930014181
1412831928
36480440
1724550266
380261015
1933716864
1298599731
761756388
969776166
712699513
618885280
1404805504
188633674
2084586652
207437681
981875797
987593900
409646285
382967739
2100704383
577860565
1770481193
1097144311
2015586162
1477000943
1744491494
1403704201
688935697
632601966
310586589
221986645
1562616147
1723418517
258467086
1139682765
2103679533
44700302
290798848
717952273
1014476468
1003498362
1336837553
271798324
1192132036
1273940557
479236005
26524185
114050809
888882291
409491924
67271544
1466742856
32489469
1164415856
1334845370
1509490412
761423702
591065923
50942461
1394025669
901652513
272929107
809158168
477587382
531396193
1948840934
433783267
576096495
92156134
1151735540
1590572963
1095654496
341089445
1862371288
140302884
1615030002
194123645
166827069
1729080812
1083005936
576318993
1796352356
402265144
608808462
813284564
1737110514
2118298875
1574708267
180692790
21757688
821250288
1082345303
294686795
1630408456
1559932685
826082988
1431765742
1993715953
1402179483
1523921877
997967845
845268799
472092725
1339057291
560156439
612395610
806603645
754280084
779222679
388200809
1837286021
1355541673
37069518
92067517
1964350135
850354082
1829178032
1935165362
277578701
2009870822
1956923051
1098828989
944732477
104126198
581753798
357181514
930209187
2013519540
203413819
184905022
1389957769
1201381665
1030173821
1862050495
392955308
1590330260
326962457
1199558953
197126697
1106185136
1587759763
2034412718
314243161
1624829281
2126480235
131109649
327699715
1808174619
2066275011
605278417
1670561793
1875714414
1704107406
467810622
1979840613
138377556
824992137
762566152
4413449
1028405956
947471174
1394371218
82303973
1977644996
1108938065
475259281
1420491608
1435900522
1674818235
1617618305
394602011
1115094350
1504547375
708845172
592439983
1483543963
839954821
920139698
1144234934
758746185
1525418115
667313080
486976951
1082041874
1135123702
319333916
1220419430
1960115839
1081900068
1224832879
841038148
2029371243
471720450
923342121
1859532591
1580658515
1398601403
1132540551
869075390
925935990
602675209
1263677401
2041030340
2107222584
1972522573
485986675
1443282899
664993747
1406126373
440034186
1423739932
784060841
1107347266
1910716883
1866102715
94987320
82567152
939038497
2055103160
1164467220
16387729
748657660
1046354815
488108179
1671999781
758403758
2068766694
923117536
1890944310
790358436
1849053526
346135871
2054035837
1742600218
305874807
1879074763
81103245
1749157707
396584862
1487229619
41708245
1820324794
123806812
1149055511
1583558029
1989909527
1244042831
1666125181
781464376
1151662343
683108754
797852105
1900320003
1729463569
1285960284
1424836137
340383680
1207243331
200470025
83844342
1997601767
2049523552
429980213
1904153957
1644640122
735855020
1635745072
1725743368
337529079
2032329934
1065489339
379237324
1705171080
1189296151
1528292835
1141245461
1031722030
624852019
659886995
1813186406
1776514362
1342995749
463554864
1529350718
924975670
1749515148
806703207
1265359350
809274831
1007173232
1349203692
659392951
909213136
1779183905
416063260
406369611
367555278
2051808332
2132112979
705084357
1936654618
1050118670
1084321682
1494342050
91931173
465130869
488103863
1123653203
1089982888
1147990858
789355961
719013603
343502959
1252910825
100880673
1268478630
854942326
907583880
386354332
1664217157
1914757112
1735558025
176126460
676486601
1367258282
592189720
1082856212
1734813560
496514404
1067485543
292414270
285685374
2117604213
1376735952
1780027424
62051738
1841866821
120647640
1185704941
784366062
1268638498
1975060902
1503379665
1612141458
1080488080
1604260338
733136440
1935430406
364360570
1119490772
1452163915
131634034
707565149
1628290376
808120635
2074823432
72996448
1890976847
1662153344
569510853
810978742
1954567614
855196227
781099307
1183819918
487740004
843151045
878203092
608387644
2028855986
1662569154
1877026142
1856433241
1018465171
1341683952
789437673
475241861
2074820392
577384431
839602431
1046827517
2029548346
971236465
1754392666
1510355074
1779357101
1681732450
1583351523
1522850300
1196402147
5378728
186345395
1003486113
860574955
967444702
39822384
1348314959
1810595748
918025476
1956702603
1691968086
433110982
1686245098
1400917679
1451576153
880445402
42871704
1926818014
807782147
620256135
618936797
1854609664
502320834
1590173262
1461518682
2012675908
1222046715
995767485
1448543783
597413368
44685984
1453922511
783758763
1048172097
167013819
1751203465
1087994481
1515328778
1414315565
2006019957
1324547734
958800004
291647291
863309184
212234035
1743223444
1743754586
255105740
1522557810
404053085
875361875
2141494607
111179101
1377682709
1584184222
1572697784
1242874970
658747289
420981621
543935105
1256160657
465667605
1997857617
2039919420
1513839702
17387788
1643639238
454350536
1532716566
910471155
312886845
709780652
1869271159
604534137
1573089836
2081505195
200273933
1169360775
189127287
1722831744
1573413860
1064489162
1716842703
1684592962
294688224
1153543277
1109807098
1537563194
1812290567
1530788719
2081498299
920967576
1996456324
1931872268
813403349
1362812378
1949260056
309558939
1817162914
1334492975
1220030094
2130049760
2044273627
941817606
587100249
1469879816
875839153
787374182
491756943
1064966440
362722278
2065170803
2129455602
2079564982
1602280117
276660178
1085624611
564603567
1814223372
750431530
2095392286
1748238024
1671399107
1944364962
1532626644
337318808
1159693693
1334403053
646877747
829372959
521412380
1866907841
811939071
418202359
661241799
1399039320
1888082175
1537080952
38929855
232355470
454563744
401652133
150042626
436535699
333733467
1752322743
713195877
1419358079
169442663
379935602
22305961
117351301
2128173626
1693705068
2061716264
1513316622
2031023876
1073926309
700236027
530417975
1903299268
1221648407
249842169
567754692
1639850767
911083968
1966794012
1380449294
300681273
2005723867
1612804765
755245017
259892353
1762847391
1191780716
593625820
1367686486
1904976594
2012983899
1537129149
137428548
2035289861
1654480451
118118526
1581511281
1568713067
1631435148
1465051510
495155728
184187528
1995469485
250971348
1405835935
97828006
818726040
898203054
1008911975
638036405
131168701
1309593248
496276624
1743973466
2064838265
756168977
1359337209
1109135334
1349794798
579540047
866628280
1215295049
2116669197
1004056828
1103101262
1623666000
1122175354
537128896
1044895419
606126854
2002180406
1540051147
790314382
1850166243
1791022495
48666670
1947994250
462264888
946869724
809422577
1100301293
1078038425
2119015825
1596577917
674528243
2036370442
205263247
2033865452
998022128
1555058045
465921852
1864650408
622869446
435107401
721223588
1725970709
2058773401
1843398942
115615957
956185172
302042149
2117796363
348752671
1092356531
1820478958
2139775166
1141023201
1620989560
454556406
2087892926
282928489
1554857699
1018447703
254460666
1003951969
1692975947
143347461
1209215216
1579357751
1141369589
616789613
2045279603
858536350
1239659059
332903356
1579759938
818146120
244193109
1275675233
933762077
1200378281
1577717382
904074792
1549130952
522590265
577070103
1541422471
1663613467
50576015
1995978877
1604022745
333504505
1403352929
474986800
587965171
259821250
20479099
731312632
1469036466
1599836851
1872682222
2085826079
1497632806
583734924
1178001490
1830536163
16011214
1996147611
2074729272
1291686447
782426040
1127623906
721920181
1686500833
529271210
1244510447
116087288
2070693681
760640266
166663303
1919188911
217179363
500167808
1175058192
692166163
1088132980
1434879442
712645263
1819445612
756432260
164998466
1544644186
694774691
1662631272
2128379110
1872776181
1345683787
2144390325
1721440144
1272929412
1288593124
356382537
253069670
2010513306
2042883370
782340880
1107540105
11487010
705550914
1868180371
178150313
477256177
2085359734
678318122
1652314369
630042249
1766451102
939710163
1342687512
1438413066
1696142423
1507685978
835573605
243433466
1022833603
816469067
2116209647
221033742
813375744
1690166144
1493963154
2101968869
2046548681
1747032824
1964998527
1941948403
381890057
925054984
1953435413
1087440971
645751707
2131585726
1564697148
583627793
662420200
1069527869
1213670042
281387654
2009238032
408873907
1719800721
1557896807
1916559885
407890678
1801330273
791909840
1224359745
1770056272
1012943583
2037735490
1312738768
359423089
1992220711
1211803801
2106455914
1809735590
1006268556
340862323
587306926
812220321
1428303294
1233058633
796322400
845516794
1816686426
1458742600
1915044663
882872820
1740130255
1776799047
1291746727
1312447328
1187212206
1060822965
1720338006
841058831
1852732805
797214103
463631455
718192740
687465945
1776370224
1077615830
532203008
840690377
1036588096
194454950
1846958934
1377450419
781761876
511695607
658270065
2014820509
1308018007
1503786859
1684023287
619276960
1271347874
419412460
211923567
900663273
1711159187
1524370895
2087875479
624498504
1097225253
781450662
329747662
1894439356
1245082117
1047940402
434421654
873968693
2125556232
966624662
1714659071
1014660680
1161079613
1414134357
244627451
1942841489
1925829964
902897516
1810178351
1086364324
259200727
1346717990
1705641284
1530548601
1766130450
1917564851
283728226
1329805990
1294452098
224120057
1954304494
244193703
1005570719
136568508
2138633059
103169189
1184508911
425571065
977137882
1162581495
1392195728
544313305
29758528
405791693
1958447662
274385979
201149534
1736793979
1177283496
2011327885
675674655
1436484223
1210562228
233832291
819549177
829209030
3913494
1103277403
11531372
1298365592
1327397461
1965835867
1542559295
185484532
2102404375
1533708706
288653721
1139429638
1959279772
1265791604
154527486
1203991852
1810104909
184286014
1609783545
1621068924
458671993
1810933079
1210379255
1635955489
1674777317
1886053910
924956065
737855897
2119886201
1744505242
1567064927
2123799695
700298997
1578596300
1274681639
2027696458
1396948519
669757286
65697343
1351869246
55982344
354351064
343815237
2015262116
1620142668
498342723
1071770320
1282763930
682628737
534070217
756349206
1141300730
197519649
1966728461
629772572
1872296966
1705298723
1554728637
462669215
1677701276
1151750231
2029734142
1654017323
1852049228
1460846794
781215314
1732262039
710311665
1450972600
1797959382
2062180912
1506954944
4826798
258512501
1374733413
1624969467
756855224
299020085
760249749
1439483961
833090303
1516598955
433301043
1030609952
1335843768
1063073615
755423270
893658843
470318604
1218092485
423876471
1622068835
1100342979
2077893794
1326634416
413706126
711625460
911412807
1124017791
15114412
561888541
1038715055
1522069356
566715339
1297227556
749319121
44201158
2054082780
1048339207
804450907
1346083093
1881429510
173566214
1779384137
764555814
1509409982
694974104
1519979084
255585177
1165292709
590587921
679461648
639877896
1690930900
609871794
1966512312
2104637026
1321497254
730441471
1081171170
1336611666
1292330012
2119886225
711197375
1859045352
1269630134
1460516496
1903246510
1176229266
361372055
560213770
374828712
95317917
733779984
6729201
859873731
95706319
701703305
232369167
351291496
1866996014
822957088
1030753145
359390263
366404341
1640624939
178418927
323557719
814638546
908860399
1404728889
3766564
53706763
1377131467
714963939
1912752115
499277953
27996788
1668514978
1675507219
389368843
81245100
2050335931
484686761
815025084
2057065132
1344560492
910731403
611284790
1576929660
1262022900
330797156
252403100
145292397
690187419
618807441
1785917336
868606347
942365161
453072234
1777466746
199610402
456838799
1831173509
1576741869
1171802738
1596441977
2076019822
1199799526
1117473307
1604043394
1589168370
1198718407
1506895677
2073855131
2013743491
1416477162
1270931975
776991247
2027761952
700377987
2039014147
211075460
952781088
36822896
901262880
1571588529
1822740232
1769869227
366470042
128328819
1399852325
566080445
585167618
1083542186
2142822314
1756970356
532500515
2071358489
809286235
1649973822
1527918235
250970957
701208581
887330264
177342440
567468425
156323778
1448274415
1344459672
36602082
1168755
1235990171
247677543
953949843
1272813067
1148940423
378054724
948069651
771326002
744524767
1076398470
23694679
1310605212
1661566088
1107236865
1305943878
1271052797
1639737381
1229818719
2080339032
1142227555
610253306
183826341
1843436137
1497583571
361168781
263420914
1653907349
1809443196
1607880586
1690509432
1810611951
696387109
1938186975
617078146
1969200176
939643750
995132871
769786179
1710969752
1739657638
1846184650
1734664431
902779202
1360267090
694417648
61239432
483836239
186671381
1291058152
416691623
1328898937
1901311458
600517964
1024851426
1251411381
961686745
1288272340
757835083
623646294
748669278
300860867
286774597
1445056387
91564194
903852744
1266772915
1031207944
1898985615
2036559094
594694048
1491159605
1735260096
181874831
246455159
948043539
876292479
307694591
1431879778
1062963861
1598752743
1848571402
244379150
1352580554
301605718
1269230576
456508287
1263292464
410019268
1214343370
1886938758
1158688546
1515204237
26229707
456261285
1606768431
930082451
1723034200
490492727
681584418
1612109646
1085186775
25260375
1199886095
1267061606
271715534
445986
2143354086
579410126
1432325764
1058834299
30679221
1133413518
1303213449
1383259775
1435019237
424960377
1839768063
550828053
834979645
906627785
290283163
1993668191
274348375
316512870
302445828
1881116806
1246595322
2025480028
224125886
1928179740
1490106026
1309312661
1953440116
542508473
428890620
77672002
542954459
424761058
657082128
1975280224
1483595357
687761350
961210094
639325158
2071021125
248745683
1064285535
1763305540
799573736
1899265180
522449678
1089856899
1745449723
796798053
1406369770
2047895551
530431211
505481444
1925891931
754557097
286177536
1268514309
2063869759
92134004
1811022783
345276731
169806007
206493594
770037789
826888135
34290170
106149498
1514649485
995500265
745474656
1438186963
1244245948
1809760191
1054008855
2043819685
1561541723
1576458533
986192936
1159507798
225772938
245079058
1059919701
756204150
750560502
838327984
1510761247
1036738039
2106842293
1427147358
1128872043
1770381428
1772424089
1298678050
1976875023
394978230
2125566186
2011165193
501127728
1492732023
859181810
1246602384
783435338
2103427759
908878927
1837444194
1999763796
322937002
1266419079
838473084
1482444800
1492192018
1083552143
394880853
100912520
1834112645
1233208837
1611673767
723367036
1192567483
891337478
1852239080
815465263
516277919
1003433482
644856638
911256150
981516020
508538184
1412383878
326764396
1367719994
511502615
1110199734
1323664105
1420381542
800160280
1175944253
1743318545
2066579360
2014417338
1078279697
1411287730
950485833
1473160551
1512200250
637114830
558885740
976390369
1360481867
1751453223
1867727847
1065237299
419434839
236522119
2068670781
1064291477
1147778269
902703154
1572829661
412678499
1229467550
793066008
924181114
192183636
2116730113
197079009
992343917
1145190719
1940397554
911439629
1012124409
871193603
175243711
1962610242
196870506
1687443961
452241424
755756247
516350682
1812723291
359725822
236594882
730476942
779160661
473117001
651664076
1843452139
1620895270
1554367230
1268798152
2033573769
636351132
2061864160
810271236
828534768
2031110626
1007350245
1820878685
1028817697
800264151
584834666
2040942106
1671457754
760078377
1856068700
1868328261
300038690
160826476
476600860
816389373
1973549768
836326682
1052984255
556543062
1615487344
1526101256
1208207138
1311455835
999512878
615090720
432770339
885602999
1251441852
347150852
1695874235
2079976621
230777830
555740832
1753371658
1259595527
1356004983
190722677
1153053985
879979090
950801054
861639037
600823703
1250839745
1022465513
1077424563
2067229118
848531633
1913751245
972729725
1405074696
1381754941
351347333
465798186
545727128
1350860211
1080888907
978497468
88979562
184847111
1325648320
1784853798
117340084
1556426150
193110982
1870711743
668538029
1549115966
2061434420
1821592014
281611408
864751826
535747403
882435111
2115591571
1558212916
1959859674
2035337041
259260902
1726127271
860583118
1664335598
960398565
1211930451
2130133784
1506125693
415307014
1063539043
337139513
504286577
1248386155
1662787833
141656727
1365726239
1071730335
334767709
1088954334
1740268364
1883883675
1002905106
1414376730
18011435
1867656933
1950124133
900446546
1835764856
1360853402
712822572
1723618250
1620114304
291466196
436717720
1136966254
1251864761
1648648172
1119616390
610506806
2063955186
35671786
947646320
420758115
1284057941
462950505
562414842
502300532
1534680841
897182552
1591254867
1127465557
633582579
446676325
394358640
651594015
166849610
196999125
1552040561
2002614467
1557852527
117379486
1578749069
1030483183
408845682
2015466789
19965789
1660710443
1516631313
1139582180
123733601
1433102852
1175253966
1071379921
1853860967
311828259
1534330427
268792162
814128791
921527620
1165974714
257900010
2048993177
1799557293
704576336
295868169
303667660
871425946
492867295
1855708222
726556765
2050719822
1973087708
157822186
933719358
234449742
25805328
953685147
1895160185
1542436641
2093267327
2018893786
828055845
1121037645
942790060
534433165
1432865904
329636839
803225327
99511048
1251164459
1969200041
357411058
1152673988
1621273686
1061987394
1448542158
1924941347
1933413341
1941409453
1633165921
512486458
1844645627
1458769981
670308645
630881337
1693219723
696113973
1584566485
1440896260
91066966
1530350164
1312306398
919122812
503904162
107612810
1453555977
1936770066
437249649
109297656
2036281114
1688414108
2078497697
246208525
693604449
1552287735
1308195919
2142146607
1329745434
1094125612
1936072412
815427707
1606612071
1633234391
126714040
129437068
116632081
1819933763
825551041
1701198566
1113346375
916618007
1084065082
278169126
1835740819
1587969244
385781936
1141813148
1377255663
823031586
1251110804
1266053129
363962046
1182124853
1512261654
1057566495
586928941
672973926
1052229454
1916674375
1767099538
840818218
584618435
1226227961
326568962
711332475
1355665029
443201043
383782591
33732422
2144399609
1497128966
950350430
1080981043
1775298092
638607601
521466640
13596381
1780420750
1898722303
836627967
884047906
1017291784
1200590013
2066172760
382069791
110672861
505618053
1055043717
1162902315
274808780
674659607
2003720534
859427215
1900887569
182805848
1570759691
1109068950
626006891
1954542282
1142801373
622922852
1304187600
2093151803
1703903895
932002045
584275756
77886887
945598426
217212858
1976609190
1782226393
1101260765
846417327
835332758
1019949877
1228487118
946005619
1525567930
136047187
2108907935
1800376710
810706794
1965144821
512320278
564110715
467021
2083079969
1673179666
626473912
1890138603
668497391
1249396764
1046842555
614165546
805817011
1978844600
1198441302
883703899
776959378
1415654161
712829441
411702123
369431278
1559246768
1247034882
1389381155
640250238
45556853
767465437
776297425
6981140
420358499
1587004220
1972125961
932678777
3631287
1972592982
868275098
1676810953
451583246
610930053
197824696
1700980010
1657772609
811990242
359313374
1489133561
2010431545
1243017273
118609292
1278602058
1955846714
530311415
1648033336
1367609835
1777346297
889930843
2007860073
1822903151
1657396280
636673851
1829884291
2077754779
76194423
1654526605
862949909
79825710
1479635939
1731225007
1756636664
1931219186
194671413
1954461360
1484715548
1852444022
618967955
1844028922
1194093935
481915852
939562547
1312703227
1760517910
747925614
1843014643
1261067598
2115535449
1472877292
3514793
1975911874
1148296795
1660911073
465102077
830697439
1591182204
541296500
337740396
306648465
621122211
1817376335
2037873473
230275227
1601111873
85061238
37252939
938343774
1937505260
656220894
634889048
984115547
1138136746
1574451596
149335127
751171008
174893562
1992349770
2012238606
142945363
1317743414
2015753399
2118857237
318556562
1529180824
436475667
1149254001
972879381
977772167
1486994397
1279527846
1598894378
1156887084
1169917671
1829169605
610515310
1254978909
1866422545
1548859084
1045000521
375159791
36264484
2029116069
1513296538
1610716080
30967548
116983898
1785609642
2023317318
2129222505
1928555005
1193577084
1997492256
1899928595
1512133646
1379189433
188920614
513903999
204585166
1166692781
2000898396
1484113012
618103512
1010301833
506547036
299789469
1620817143
1761525945
18728366
1022192579
659042819
393888158
1058457063
540675240
1907184696
521689496
571642788
2024168594
159815490
447476458
2005907451
2088370496
1641053542
1855916060
1840815443
1005703541
1087621845
2029736057
1519607540
1292207011
1048945190
1373022289
628836375
1667048702
235840474
1135383411
1966838172
1856657617
749425709
1985566538
731366548
1408468528
231971048
1789823611
1949143768
2139155744
164029459
373302908
2015840691
323844950
820779366
1874264494
264731798
314349260
1582696906
2105547241
1320052801
522835103
1987799650
692176694
1815042114
889261192
2065198983
296394842
408826247
153555809
1431778253
228180771
2010213426
33720314
66263661
594096326
1442188842
298234710
236436289
1243848962
289906806
400465749
1617151870
158263849
724310699
290447588
2032528344
989042497
604796849
1467741602
947106090
1924849650
1990576706
787422092
469542696
1658135172
1676683284
387258031
1954530014
2085509531
540813840
1238824620
166206654
403543618
1272544934
232470316
997639944
567250129
530705026
1234076234
1811099091
820611832
1634541983
1280767314
978875682
211369034
1571214902
863920378
1200411531
28528103
184178332
33973
1953377754
27271390
787456065
275436802
1685406563
316655701
662694834
1492452929
254681585
1203508674
583793901
420888239
1607052293
1856338836
653358555
457208589
276105317
1184063581
1691284823
2087204408
2004675414
1178343158
1220488074
836067448
1389712192
644219329
1699987826
442640075
672747432
1884166158
442674048
478641538
1911437549
1230130113
754078341
1449360464
1546785815
1416773175
794329745
1801467400
472798201
1378123647
74871991
2079850494
1086978835
728230547
389575436
1363084152
1912294128
2080860259
1302804912
1769485894
1111719770
375809339
458069694
353948314
1020028668
10573872
796588390
1692776100
1894740031
1239262438
23933991
1658693932
321908904
778012332
960570748
1868694719
47301859
1754900493
1522678471
520100060
985540492
1597550462
452466907
2072519327
178297361
842042343
1288119831
2090591490
775418954
443441096
1712593736
1887138724
819250435
23179783
93603391
1839279103
33753655
890191781
1384571555
1928493686
2129454219
1408505546
1439703970
303879475
39034230
252791070
25090546
86336089
2007691564
1547769017
606436150
845748408
997835832
1058903057
770784088
1176133193
1900945400
2058903919
1119241035
528880706
354861367
684351124
268535783
1174111802
707530907
362139174
865907257
741284562
1252330955
102995165
522294601
1234301526
1511500711
1961998571
1538181002
1550534942
67305994
1563271548
1636871031
2074997558
963556918
95823533
773262318
1961392750
1154726590
1544046406
990042295
908188342
1455466678
2109283331
1437069049
1810328045
646150807
1705604832
836956200
1353681714
2067744006
1702863457
2094966276
1172591313
1805858622
469777229
259409191
1169875686
284292153
1797590193
572926980
351598147
1213378094
62314363
279112057
29451364
158137897
1052374375
1990844114
1312864487
448937134
833402761
73569182
1904403812
795202444
1510638231
1567248209
1441353251
1068759415
256720761
647551317
989019773
1959584219
595033946
14127438
1617959193
1064811175
273536629
640351231
1349103328
2071126823
1213278211
1700701475
1137021269
1275592575
1979813532
1166472633
1433730472
884704260
1009833099
599111311
1333641394
1843235860
672680493
1090561558
490954657
35835076
510326119
1932307908
1104594491
767046881
432375578
2093614264
579147452
1027409524
2107741702
49622997
2092220699
233794684
689974229
1293840380
157437859
1903252440
847058207
1294459128
1031361367
679388092
313448113
317608191
1564092352
1323281212
916719503
750250098
1019033424
1589399996
1840811656
1509988081
1625235073
203654127
1294812342
582345916
970701008
1727187920
528476533
1549848460
607113796
488734587
1599471458
551850847
722529271
141962039
1845691227
879967130
2045214479
545265787
26942610
929092199
1224653879
340390723
1246700390
641262583
1663671935
15936245
1391512681
535221712
1605336242
1084840689
2045209793
1083087667
1288494816
1192538487
1665433583
111712177
772242759
46426468
1661560637
1379356555
535161056
1113548447
1931207403
1257690327
1255510486
1629414982
2137657458
1153241318
27197121
17116420
2082333517
1251851000
357507144
1181550259
1893113583
2021179079
1197486505
1137142616
408917143
655339099
74499657
306643289
1738426766
1362994474
1499181776
1256376701
1474706651
123940888
1302803170
988783640
1503297443
1837964226
2102332088
1287021198
948170905
1210358926
768952533
938344715
216116596
796149654
955461136
150966465
2048000655
1312968280
1332516725
1793630590
1186663711
382519582
783289559
1595580855
1037858681
857789216
1902224144
628801799
73300042
1253922272
1885178500
1548006693
1377863160
1040498022
389306686
733676956
730978600
344155126
2020698154
1679149506
1554514052
642167039
470010573
1770630649
1438316694
1425471709
1921597114
1338833701
590956341
1106630191
984980643
1777620053
1489149773
1768270202
1225717260
379524806
478575771
980457756
1008326605
551875813
86896380
746021458
2099882507
1464759541
1786519480
341705545
50952849
370014433
685860671
2071651003
2049163939
92891075
566334395
371690864
1863521724
2004651089
1797162574
1637635191
1196001142
240635267
596781734
33498137
2018255320
2085931508
1801768340
1096488932
317972666
132860463
2076946688
1326299272
684736276
16359421
2072320730
637135135
1481118962
1711356562
978840680
1532071811
2081370995
1664701351
1456239166
1983051286
1757592427
2022573561
207258503
1473630503
1879741002
2004421077
963782046
928258496
97572696
1560563781
961756634
2115828017
1499011641
616041326
1064833301
1816984307
748901789
994296342
995799931
1433638065
1010655763
920637013
2070773201
344291077
484509928
902130233
1876362888
418397275
419347937
1185118406
253964914
29456716
1060208320
461223417
1503087219
792465674
318160846
319385618
1720724171
415733542
1879949399
534997157
384077911
1231477392
1151038483
1448911213
900978051
1899940272
295723907
1896777983
1186094689
1306379670
669931348
1109384242
1650670747
1154441276
2011514476
1379549987
1572838552
283378765
417184745
1826803466
312835481
1477393065
140543235
1815922700
122375092
458704081
2135308318
1843099263
874437623
1867774069
230612772
1258515535
951767813
1381651255
559943100
1852745865
1134107879
855667007
1602040200
172718920
14563029
124487900
1282103163
1665233776
1278929177
1146133991
897300115
704284081
1429512756
1314484860
383603899
1742348237
644394278
524147134
1410787289
766769370
982851215
1398611960
462384985
1857288838
1118902381
692997757
968320725
2070670195
2074649012
1528263825
1775932412
1061273243
236447184
1230488964
1233992163
251010213
1354976864
368611678
1916243989
486422393
1514745669
666060456
1190706474
796774777
1980545317
1574310373
391639366
477455947
2098457507
1802426656
1244225317
933825074
1053554968
1706610302
643630265
24973701
252124411
1611950990
2095643896
179289775
992731168
1724092660
1240563018
1229178352
807097976
327071533
1480188566
14591193
695683212
1248948907
501013586
62945233
1915009364
1691720061
859720011
1748071033
1118546786
1251359377
78043332
1069520646
906302385
1322268649
2003345720
1959857353
881395303
499492337
1984831055
1133519714
2111443328
1932991303
1312809489
956690848
1509600316
405888859
38385552
169214644
732960392
1518574118
183805837
1428643604
620039378
684819424
1491588838
387565094
229055837
203825201
2135636127
1347602623
1455184578
66195811
269639621
214003316
1388464460
125501694
26377021
122376115
624994031
2011208076
1255895829
588953711
1796715732
421221670
1545644559
1158832400
827110529
1584030112
1328047044
1560070921
955120582
1511852882
841230878
1575159960
49188658
185336068
1962725054
278244495
389161269
1950877533
1625847118
1844345847
2017073344
1895486740
2058349163
1258054156
2020988434
2084726185
1380430271
498498817
1948450613
488842452
1087452529
1597682697
910064122
485613440
609031449
1737174651
2069643552
1937078494
1149761925
877280487
1301447728
1990992803
304956799
1350636386
28845223
120198206
1628880881
418006492
2071075739
1107244351
114868691
1940665436
855247443
25734207
1051235944
728752229
2110460392
284182568
1227251047
1911427357
773025020
167219928
1361626407
1683089143
652833368
1970657856
1272780146
574993273
1760252702
275058423
1452273760
914216782
118567578
1757230559
117369520
147412801
1877428765
1746250401
565419293
1801020857
706011105
680287985
1594202645
1561258548
706022192
497954941
142527130
668998936
782137509
1369778177
432942645
1555162530
1536998105
1794569052
1090768025
42347825
1617743261
216064523
617341098
1230512315
491122947
2069614858
2144729098
609690525
1679361770
114614970
757103327
1409306887
1860865372
1322522620
1062844096
419392829
2002810605
509563093
1980651377
561349149
1007518035
2123178507
1230348085
1789655544
1345473036
1663290731
1197334426
734987493
1310376135
140618803
777335319
780635748
356683327
1394676417
2011148064
847806274
1316807628
2008393514
1457496799
848685750
2123008484
67116478
110508989
1836390208
1389639099
1173353086
108299389
1244966056
1682916179
2088950767
1806315206
542950566
2064645626
889179643
185122463
1262635015
404986726
1382456889
1997622508
1715362862
1523075693
627474179
348514962
1879759020
2022150597
212179378
580081646
1191474577
73089244
2037578445
2040160327
48614081
2104694924
3185668
1885004289
1346850375
1176538754
1993303679
444332783
711971286
1934770798
103164341
1254921852
1851932776
992343985
1440044315
967084143
1397330711
675017557
817223004
965209925
50609602
1444697183
1313724888
1930368622
1319364132
1525904266
362966620
363355061
1598993511
253061417
256031740
1647607592
210272693
259217409
1385128233
1557123068
1435756163
1230948264
2001455852
243801
1018235414
2104620193
1255165654
722684543
949480530
547726321
1689768686
199327594
1222743878
359508042
1164537519
1273353480
1804205226
330778759
1056238454
976085710
1856683026
1419205074
1339440772
1308192889
1672266492
1595472512
808316833
1882539185
1854689921
45961418
1292178606
1142962437
1276909683
1146150810
1143206238
147661449
1103287355
250888244
870345992
2052767886
798614566
412631031
104611832
2021358444
772139073
1269149351
1147228277
428860651
1599928111
55983083
1404946362
1309127489
1475188158
596903486
469836730
999971002
44892350
1278153563
735026539
1899582272
1324114981
2027205145
895061061
453541016
1025872307
2038267299
601202466
2129159663
141671896
1471548458
2034443901
940286462
1884179489
2139055733
814161258
508834915
1260721436
1961389535
937695566
713165899
2017372619
195158280
2022293388
1345077129
792061766
344646470
197564483
836954117
1622800033
932591022
589052741
799431367
812312520
1484113802
1252972383
1838184827
1374897453
1854174849
1819860842
1516569349
1178239660
1706821095
309372163
914935501
1698393180
1123533422
1423770416
811630969
937439309
213982335
1524796868
807328280
409140615
1399606609
4921761
1201202382
1744253079
202486244
2038156499
1219569465
1135077267
479725592
2019000832
1947389787
1963839394
1124489567
1638090966
1191253199
831180769
1310468161
560338901
2009420429
869805608
869711064
776872282
420715141
1993244486
53159051
1232346110
783200148
267141386
609659330
1590528428
676282001
2009265939
1595450190
1877484383
1606035371
1797936434
1768157234
678121188
785530053
100399178
549638372
585436192
2064238572
1674127939
76043511
1108008124
357825060
1386511672
1668347025
219761841
108833632
390574441
996634124
529548773
236335280
1049793175
1761894883
1019535428
1316934561
224070566
462580208
1993216562
85852857
2058030398
1723217298
1691888228
1708483185
1343890884
222525768
346529590
1444290063
772164140
931965783
1361044987
298808432
1008009294
321569463
656633492
247037318
1989916488
876395334
355870950
233007282
1873029458
885419724
469342562
775338985
499830959
1488877990
2092273546
723901525
1951458198
1938006460
809754383
1862004949
1513740110
354158963
1423004486
710147347
576684732
1769534076
6953762
1348848872
554016211
1367998749
1647657304
1562025505
1689568213
156807149
1809062823
1532001053
1033202483
17450126
1765008335
758748293
902869850
86867249
1534087278
1402700809
1575745239
1478877176
2126602335
1379719790
1269399988
788873070
1094241091
635656451
1143032033
369761929
1345803798
1719716765
2139296005
1352757560
921081990
545828569
573272661
421255646
2107854074
115357226
578062795
1769433250
1647358280
1611265278
1786883376
1264882967
222529923
542269578
1351750217
1756617201
1944970387
780011808
1088010729
1924089074
12247950
209927070
565478496
1106489041
845583521
1708510530
1476250970
43903671
1280743647
1468063328
1396661231
54341989
2013891897
1969933892
475597636
1974262323
2085291119
1053660431
1596211925
1585165751
517442062
1235611653
702565070
739971985
1777881231
2054315287
349105539
1575367971
686843448
1437116268
1351973397
699091398
1647043338
1917451894
1805580440
345143211
1478478776
1134347762
389046882
611738775
454927442
1785708113
666080765
321335691
1608158358
1141678401
148114367
1545965829
47855184
1744326292
983647932
565297246
832454298
1686213002
1305269232
462851881
1593044642
1654374771
2038219852
132404442
944007391
1242709602
831495840
443567082
1012677848
489592632
788710293
343672976
1623940395
1177757176
955411751
2078867837
815981641
1621492516
252719881
276656351
615687269
400834248
1822622180
663542454
2145160540
658786464
1228839700
830131190
197515819
386625284
1292983072
1790560461
2041000055
1183719276
1922964903
837523799
278945230
606977095
1281090881
1291623078
1096569728
2069801174
1635296054
573026475
1100074702
443224158
504410664
1916056344
2064716674
757130545
45229047
532920296
1157964793
1867851228
1196462750
1155641686
379154044
277818802
1985772876
576669863
664444087
1131272300
219746676
557960494
167507929
2142711579
1395484293
446453159
602205027
529091526
1738076238
1698774755
451409053
1225888644
124317582
1551483755
1669112802
628728246
1320056451
1586345829
1385858792
1365285499
2119266125
396339937
1085653079
1168245227
1551981623
1464807123
1446064029
1390270852
2041476987
2110508116
374059504
113740015
520984963
541567433
108967947
1916469256
988020593
711172974
298077135
578613183
262464081
749486188
1804501827
386781663
153486295
1326130982
1015509909
1473542747
764993163
253885053
691344598
736775640
650224991
1776997677
1905020867
54722966
1094321152
1203601248
1444993818
988314491
1166625717
1819053323
1102054507
1687610680
213137108
1211022454
1456596288
1201157701
1922195428
1754673423
1779770884
37175861
356675963
1436789064
423957524
510162259
615436398
1439467433
1983705006
1380429561
1693352487
527565956
2117205201
196093830
157079985
1874742420
250816796
1251401137
930860020
1695810615
92231981
2097485737
1367380290
1194286488
1637612769
1580517398
257825294
946725410
634191452
32537074
553915185
266478688
69712935
910591149
1703267752
493670459
1420753408
171220502
1933137892
1256974766
1551650063
1479006731
1784540722
1521371616
1675100561
1941620707
1248630388
1925917358
1045538196
32006761
1474244325
1137770177
2129492498
694140967
184573017
1619621620
127174717
442398311
418863382
761366169
474935385
972778567
1027844858
544648320
1883369716
583628962
1038318779
1156639476
754849465
823973024
266130594
159015880
155496107
2050671316
1680387497
1830596669
1844808375
781534237
1609030379
742862924
813540998
935791056
1880633101
795549849
1629932023
2065206119
267687821
1757106740
360120782
686551203
370989262
835056168
1659329770
1398834120
1379704488
1395215839
1982463082
270539620
404371667
589828899
1094512644
670502262
748844780
1250008751
573689930
281748629
933121772
271014658
1063282866
394668503
1013877582
1876823865
1330459559
747027035
524890066
812907934
664749506
792577887
422531027
1024870289
1479129090
793520289
1859926457
990975212
44870761
1092147297
238707403
2027333843
1362686917
643079071
469679095
309715913
1313581333
1218523875
1559724665
1887271263
1500272504
345362789
10802273
416071722
740031293
1024679855
145411939
2070490852
1771706891
670302005
735915139
288972749
1462879892
1158446166
1313843038
794525334
1951966455
1026285847
1785500547
1996837216
2118433145
2024207950
1876687411
1333636414
519803373
198882858
1643352328
1833384706
1417406733
1055593345
1573172322
770195589
1400956134
1583974595
1186267312
2140987427
461170803
1331679251
2063994632
85394046
2001981257
652426123
374366795
1317377501
1810872289
1688209834
2111902836
1615355096
567012033
1749919735
1464708664
537961530
1626644037
1193912427
1871597945
2146447411
1392795286
1367466625
1832348469
662718371
275576322
1258037143
1432913961
1676532456
694528091
471697625
1670036236
1155698894
1803376876
1586547220
1241092940
1657874485
91489695
1615459735
827768339
1902361984
1156185921
792187527
1370233432
1723197955
394623614
687458448
113675837
2021267651
1881370875
1985273782
2020231414
1126682513
1205256759
1705096236
1789400885
1480833081
815649731
1074831198
1009881890
1510177822
1546528823
532434478
518393068
1202422051
2118981698
1759486008
712812889
62987745
1227462096
1540581228
1965349729
236164369
185285107
1188099513
1959362324
579908721
1875557961
2073038162
453692724
1609445188
1910828296
326440491
588644054
968601408
2031536727
230561291
301950841
699702810
1305392489
1311832731
62396985
704437664
1844267209
580790053
1906859715
1815765259
192792414
472188956
1878753004
1420254510
2012770184
1696619085
1656418879
50571643
737234950
1468297556
630480364
465309263
1393852070
1084173089
2074754452
1157196718
1410613580
515914858
2125798126
1294666659
746476149
280265320
1994369469
2051868638
1592098051
2056766454
608822654
1288881613
490072860
368198721
957163224
682865274
840387678
688432581
2103119784
705674214
237568018
1612055015
756245858
974802969
932868923
1386726222
1440112232
179237345
323415663
1367383036
1336434064
1734029243
1883297894
1314748542
881212254
482290395
1595013862
728098076
386675385
1039628266
637380882
995498039
181026231
1127453742
1363696761
1138189455
1810319016
56600791
1826622036
1765955152
762275005
2064190055
1230526520
1518520863
891509376
15911795
757763438
184137960
195149141
1081179101
1551520997
1531583205
667724697
1287335243
698848099
1548936951
1769625639
146378314
129551379
8817376
1186006580
766932262
1004315416
1367032811
1894386004
220528529
357738618
1557221373
277129320
36877007
1175692877
1039404325
2101067062
258735749
410441541
845092790
274647545
1168204979
1029230750
469796686
101900432
433268099
2001379891
769625129
1720603343
552744342
171078433
1342745334
699122656
300629812
1351562710
1885129236
1067562074
208394478
1104678399
814464431
428923007
1462417018
224202156
706052327
1499294025
1399895033
1745456653
1452877439
1658630783
8414546
150486581
1933278328
1176619525
1179717331
255591366
1278519957
1612985431
109487609
2048145087
1186105126
662231951
71739872
381366812
1361354608
372369684
1732929522
1099000196
1439931759
1941324001
56194948
106912542
222763360
1518611966
331114698
928815688
870422343
1731009731
526788693
175816134
1242156866
535203239
326302715
1027951546
1711822764
1506020046
1283542912
842859073
971521829
1393030521
743520512
10143307
2055262473
815260384
391510119
1269133433
1187630069
2124439642
220649981
480078180
1918279995
276844929
586990722
2141043355
1795456895
918105420
922375395
518395590
501631503
1449164088
694211724
1743788370
1984367327
1020514439
624256268
1548706443
379050838
1907799181
244081869
1350572667
1153346054
987602381
1360715975
1061124879
1802862766
1752226094
182774664
843009187
1729182088
403424646
1323087367
1499978435
680269575
1910078089
1493538143
328242823
680699861
268429890
846638413
1182331364
1717593979
1540850138
778636086
1554477658
413880929
