916773455
449405063
1565883242
1918082317
1928381696
818481035
1542913598
1608037252
1767801423
870359104
147623749
1222199506
1428876800
1212567888
1052985165
521621292
1774648396
892163202
249596832
1034062247
1745301434
1682942767
1746472667
246289958
122855373
1882984021
746221614
652382650
268873495
1864219233
382359818
1185646950
166140649
1948243060
956245619
2094522345
619240447
351675569
1555075949
239558223
1222034674
1702699698
1461757729
503427826
767783938
367259246
1025049118
394948687
1259422448
1274645951
1429010934
857240234
810105070
1027999953
1103530192
932960444
763500326
1849751806
1585343094
1032373822
1566487392
1967702912
70537124
1732628041
1768462325
1026782744
1679666738
240219124
1378458313
1087259039
479777347
453009339
642475090
1941535076
956437165
1410259028
161310674
1981486284
1805207715
1420733123
1108648587
1086735001
130489709
1918753657
2114734954
1234019902
704230453
730751633
936288060
142089900
1763125455
355291804
2109792812
1833662579
2087919845
1730771489
712961675
1620102935
1970990614
2091419989
559878327
303284313
396945680
1202353417
97335742
1353382846
465128797
258646416
1187385482
122852865
1679379539
148550421
1209587866
1809869249
2067304078
1176839173
896405503
624050884
1907590806
1832693563
766140784
1523232613
40501720
728449948
1209411544
2128421565
311737790
1922373220
1601040853
135244756
1866309561
13435532
438529069
115771593
1215788949
535864811
1469154439
1680917746
794511228
509056273
1803770611
326407119
657606694
865874830
2136276368
577427125
2042714003
885198223
1201478009
1802821161
570408139
1967618793
1178570126
610909859
548585093
240498022
591847776
860322883
15387594
45404981
995567639
1881697155
58840513
1434096709
1997468749
1274629462
1969961520
1319139540
808063561
616989100
1828195814
464350524
943396220
338318860
1330225354
932188940
915745985
1225455709
1817387164
2117223994
880793222
240311655
1937359139
2059363348
851221514
338460585
152377723
1443069290
1198783468
167765317
1488474272
46867460
2049462473
1547314785
1480964169
1899447574
674460600
1303442041
1071103466
1482524161
1920431142
751815632
1946874685
716343714
1090134493
1129616392
1648532654
2005880478
207588453
1318436170
1975620825
1088381676
1558747825
1765496316
1000261376
262485691
2103956901
1152639099
1705554982
1155256722
1320404417
1046545606
1202124182
1222383242
446376743
535604703
974347168
1120837343
1839046744
2045450634
455877856
1611994238
649782619
255268894
180854304
1739917112
1384885286
1829386959
1598313942
1592473739
1000339481
1426451119
533371767
411603659
1044463788
1533633144
674089350
1000937041
538788595
232160684
8710115
1859193012
1278706290
1210834297
934092606
1725083034
1746439000
1908439774
698436729
1438002097
1806406761
1154314586
902512687
308705732
1409583480
1083366992
2048622844
646985118
765270303
1499453138
91975209
1765609784
778420610
625346977
29729795
1822884398
11496473
703819146
676337791
550285068
935979830
685047907
261994433
67202473
1895882204
1196087039
1792285507
1494837557
957043166
343238588
785356006
615966279
1497553174
1687868693
924672011
759653006
623752037
825811207
1406638124
1389022340
