1690774977
269782609
70386004
462795924
721538358
221762310
175880389
1178193635
280187778
1057769407
180330588
501327038
149224349
264716804
1041942881
441462883
34525081
1468970161
671716255
328228929
839201084
1270489004
58235760
1059234507
1698556966
1865955805
143568102
8583609
1572795532
1490813058
643198839
1116086861
1760595668
713584843
1578882785
334650378
935347153
1754763175
1512844014
1215534932
665048934
1693174602
1716861970
814273283
1957891407
611321203
1255736166
1992416488
2080291365
1927452421
173161769
772008801
1050457778
231397529
1831243308
601531096
2097353335
1974811411
610114705
1522665219
1318140821
1253313544
491268432
931252841
1966898387
2070151217
1265903220
754761892
1677430744
631263586
1970296824
194996031
176954540
1539675146
1009269314
2134845947
3512702
117521833
1979778787
2083804067
2044974254
5456909
708329220
947948384
236854438
392088881
1549479480
186724125
219416644
12110537
1709389344
1537557465
1265424081
53174128
321326659
1084838820
2123325346
1587229879
1839600713
1653272442
71009817
1662413889
1848268473
247964357
1054605388
710054140
235326657
1058118090
827575973
67621796
994438509
725066579
73078705
1702767729
1673014964
309933144
2094856610
1075010796
496657269
166789606
1087121334
58562966
1704347072
205061767
111737094
2025673731
1289900588
87578792
1465419962
982017653
1740851235
1536429779
496947894
1441636060
1784394136
1551553282
4206552
2019720793
462187724
831782525
2087342590
1456626233
1556849105
12937647
1011910315
1082380421
322870791
959283277
9907569
819528061
1126072884
1097028903
878091027
682936308
1302090671
989828121
561126391
444507611
1077406914
2026546353
1426525264
670774501
1415492484
1923473158
2112410561
1052402972
1327542793
2116617114
924640118
1789730517
800915991
864499060
1098873103
210281448
877436707
2110783418
1292661869
1200307499
922583047
1302569439
2019835560
2048655931
252114694
750442939
584108591
1554205365
1740271060
1145234982
1998712976
670194326
1024297687
1277754592
1340968827
292306523
1053744103
1305895741
1344709496
233803248
1275029207
121865966
2023533765
2075945198
986365026
974923220
138742999
1863801733
938222990
1431404868
916625584
1860806038
586490659
788977496
1761978321
838605354
1539420435
198603265
245327071
1132207848
1343838247
96556400
1802402174
220652287
1374310992
995887354
512958810
280571447
154299447
1857668306
514374695
1429328654
1979534272
390424813
1357790204
818415650
1365348033
1496533203
534733736
156087376
780454424
1451359320
2016893414
1366945083
92853169
1631388087
58066789
1632273604
1829991352
303393861
616997804
1026345952
399950261
271916331
1246998239
1774261253
1267803685
1759957049
2054832701
1422103132
1470141708
421723748
703948138
1302192332
812148561
2061738342
2120607983
30012947
1410787898
507858071
186100323
43758674
1959217391
55510089
1410703757
2052070560
1686898176
1468770547
1536860517
1369405881
1772164408
6374673
248268185
24631021
278291004
1495266424
1798892274
1546094689
1107739825
1706241327
820714173
430397885
2127965076
1524662311
1732590218
792629989
1438917006
1705714553
822642936
702221256
66088976
1008743259
745979930
2025306367
1064253348
9200039
1929893280
603667877
1477970586
1319270149
1973073758
1102651346
1325644822
73858295
1127282367
1603935827
1569124719
778690994
1002546868
529380896
337448673
1823261042
959778782
317930101
1200439705
544885352
1110560091
491873063
103116257
1933203027
1194094319
169205233
794462639
1940074249
47027952
1858715987
1949274289
1976921232
314900216
1279761227
1148707733
140490326
234928926
326868908
214348621
1362211293
1930804735
1783473340
2140902287
785867955
165370589
330867313
461645349
1125149371
648797414
1662085055
1670034723
1759357505
6474470
1773150980
1545076885
1200568790
1942356213
192055876
993159391
1989384165
2050771863
794950032
1818821750
218188432
2074711260
820045835
358678758
162156538
1146914743
573027380
1524367831
930235830
209017072
1517786471
1716103786
374387661
1848653784
30265487
1499537032
349967550
1692350542
1022088107
2109325056
1698825013
647755439
1506918293
751910155
442628004
1698974169
1745069546
284528522
1602262384
392535931
2103350272
1820450816
319763543
775912459
31645927
481920081
1922827203
604673307
2006287912
705579385
813690379
1376590735
274199523
1188078041
1077760871
304465011
540131425
1427728422
1996815553
1562219533
1389569830
1548156918
62491324
749004475
152583425
505119329
300494996
1897652972
789647851
1902757380
142705255
745514475
1575724549
462468798
1521426934
1607370476
944388879
1296770489
64560135
803193143
2002349875
878250514
32300231
129065750
2066328555
1110061102
433530761
458976333
390305876
282862667
2021195866
1779875706
1831019585
2083687190
381396533
1983603011
441322871
681891529
1733772335
1230970722
437165262
1876477590
1976485197
2012889811
191462740
1350428484
1472776639
1135851619
499715325
1537336774
1939044762
354581552
268103640
1971344993
483647303
186948548
933922448
917178064
645924881
1324228324
1200040731
519637099
956620383
883576669
455840641
1338016916
719696032
897163513
2019908446
305984719
2128134235
309590060
34978661
1957135785
174996223
226441401
1160080621
1647772862
1362293020
1659795946
1037625988
1153854134
2014377499
1305729628
977715480
350541154
1492678176
1911637928
1267719218
2138603057
1088382604
320276302
510756508
2045002987
1203852971
966597150
1235536256
1923549003
1863760663
1107961054
82050074
1844411250
1417551114
117028735
1654063387
1592547337
343470136
666660360
1092836551
1705763156
178972659
2130462539
712133642
45866510
1288708519
1689849122
396407664
633903048
1454003402
1664126882
625022457
394902359
1984403184
1135778966
292421698
1040772507
2102376116
1527957954
816837862
1818653131
488435360
898887936
1515580733
1905986474
1015916671
1022160473
1351050163
1359386807
1688820833
296403066
917666315
1867793492
279381957
1629799958
1913660002
1568090477
1172165432
162584018
54509877
478685187
1826710901
679532334
873587546
1663630437
1815311300
1166009244
556919297
1770203768
546483551
1373757159
1441373251
1034918911
125161448
809470337
793421738
1141078119
1831630810
2144471901
352981279
1372967995
293391320
1270647594
1093277840
572773277
752963904
859454194
2140863754
1925129337
1022038213
47889983
256330876
701265466
727422318
1129918422
217412255
395249970
148444018
774331552
17970091
694927569
605064
1459343342
1729846481
125766512
121330031
375784571
1266844631
1952960841
372772824
1619825910
1178445189
666164144
742989857
124239381
1238937422
1495953761
983693575
1232317528
1273599450
2005731788
1280207512
1529930326
559513606
2007629830
512365100
776925862
255396152
660809119
1551257414
273366243
1355736688
1551862478
1732709586
938099521
1677628990
1854039617
1313884092
796989974
1659516811
1686656917
269332236
690478352
205337413
1012322093
814717733
1444274835
360792207
1798411308
529108716
1634391657
1656659449
1809316228
1016838336
68689407
1669462410
1529203436
845615269
1924858562
42528907
249389036
50741158
1398265596
1801251514
1783450744
188881469
1331396857
1490006713
1502765562
2128386831
1002039876
1041938831
250235419
1692518228
1247276244
1262557513
359752313
544067432
1623349720
10679974
1073176148
1110257729
1667339423
735008728
2127096065
1736028830
256987490
1508815854
434160452
34362404
1551344761
683549488
85103562
802126709
337317354
1868554306
991008179
1668714211
1211077372
346290093
1649617394
65633600
1388228924
1899852814
1758151829
488021520
1014926679
2117904142
1032088952
490792751
2128584116
2105265100
1601050480
1648439891
692790180
1580662898
1236985074
949777670
941995104
1671145526
984140075
345856217
207211366
1069243637
1147982927
544528720
790314296
2138991106
65759284
2001391668
337797551
1715376678
2067025268
1726026475
1467745844
1677693449
66564347
335188875
1648113944
1098653300
825981626
1629214412
1056434752
279548459
1130170656
1749224933
1860211357
219672082
551518955
654722813
1890817608
1535659030
1000579030
2098028974
457419020
1078309
495074046
1247733316
2140069415
560833330
1101641336
330383318
128726361
1021182956
2056409793
1596472205
551392758
2122974141
1931661081
52023054
1074143793
610159059
1681237466
2130578545
889707518
663924474
1732319830
602435227
883596556
136355138
1257158040
626930516
1672014168
110253423
577475842
2129433188
111331732
1072549889
1229682856
103917500
1633383219
183840544
434300818
1762109580
1205023501
343226964
1211098138
1756416259
318717457
995275571
1808439313
1392861250
1605434630
1342193131
1375956147
347658501
2006117606
960792330
950093728
742230514
1097147468
59768121
1369161031
621677988
170021544
1946636873
603627529
281353276
871703114
1833310385
385270776
357602686
2017150930
819571595
2119712266
1074690783
1162798559
1183326756
683623394
1481516016
31118679
344579059
726893618
1636553310
1686772190
2102849765
1984211811
1545406148
916158447
786821891
140153015
2013305915
846590012
1509314046
487500256
1016611556
1308467271
1091127785
1297964833
32686738
776954522
1683235609
390289424
646621804
355323556
362518042
1721312587
1518122115
1545844799
257452333
852154483
1576963478
602031392
1579048101
1066033140
141319935
1534414219
902761303
1686726083
303089018
1689583195
1826879098
168911286
388689559
1188709496
656411542
1405301116
349693120
1747539327
555782301
382379858
377010201
91534262
772669282
1023632006
446857819
1135187324
597460945
1964979934
533548475
854913279
669650770
2110511954
1456944671
101215223
1029061446
1598264606
1635629442
1931822750
1137507042
1938718461
1473922297
816902492
2107629747
1862611856
2005611989
616557641
1120429324
207821461
216613320
1676211625
590201319
593623521
1767745888
1362870601
1617255527
67120059
350574277
67232825
2032099993
884122753
922146104
554267115
847151059
231607127
655482339
1876212505
1829871734
143628133
1660551607
819895128
2082346594
986990256
1636797620
2042492693
702118465
1494925961
511566686
1822547789
1702747422
728180006
1351275767
145465093
1321803528
971538007
1508335694
791575407
1038658066
1858909972
858808232
923274411
595549077
1780954336
1477541527
1442700136
2012561464
2133023866
1171428993
1694949550
129168351
684496953
367361030
64031298
1671487209
2004158650
2106523991
226122026
1351600964
470607030
2048669816
906864738
1198787036
1252461935
1052329832
373106916
76516294
413181878
1164682324
1115174360
124608202
2023490556
2038448771
720157279
1656961245
1368506650
15373767
1522039061
1354046868
1186802761
1069504963
1483215220
1871299714
1436865993
1547246518
1395303275
1293540995
1506286861
1621425302
497658311
1976893891
1522611470
1404523050
1028197280
627589757
309369234
1401304196
704106051
722551112
418502872
1819280411
847159315
294509781
1710245534
1567316594
1951471026
931268537
1582690362
1326026439
137831757
622009475
248047754
1621046977
345825541
1684913747
1020809847
1741128816
830971094
379613061
1215070470
1328629406
209023304
590198292
585668808
1237220584
1217788049
895038042
491041133
1921894100
1617589154
909544005
1593690863
317264821
1204053786
1156452750
1884581416
1008041164
2087721287
1319788130
186583955
78069396
1941797605
434631709
1699116374
140139498
2119545456
572442573
1881268314
803032903
952055634
948855137
2131662309
1161078939
1539053429
569847469
250815875
609357831
1464885511
741857008
383768283
934991017
1651401014
1977459147
1252255839
707971152
986428249
989353607
1716012317
926665888
161658089
1902596272
1004735284
2103455694
189744334
556368010
96111544
161806142
1128810584
1977379858
964839045
2080866218
778751347
949017706
1094461509
170321129
1518865175
1345277385
779678960
836267038
2087134393
1163447243
1771258056
1591051759
993422742
876030247
151539264
1979850991
1865383854
1867551581
759033231
2027041943
1622664205
1763768516
1983013989
1812408539
172652878
2079125533
1974214682
1301463462
1909021743
791570079
1234846033
540289443
1740587786
181823894
710610572
1111969313
1527101279
1490289532
1948236352
1466752025
506253127
1572010760
910320136
1499675870
300557359
1061859400
1332043213
18457565
781927333
2091076445
2045499508
257107891
1707361313
1881029849
2069516430
1880014191
1812671734
1896247464
1033994006
1574209829
540333896
121356391
2114499272
133438034
303180285
677626196
1245407347
1830281565
20432080
1046160051
1149549942
526685208
470687163
2059870078
2026361078
771244522
974245831
1210920643
789702087
1756173164
1154513440
687717947
2013281055
714391105
421264148
1935313838
446921649
86452234
1684077654
1480915655
1660662064
76927902
1602272046
1627677688
210365936
1905452331
157820237
1455773284
1588250248
178252317
354449687
590316542
704937525
825136851
502702973
583814955
1596381373
1476948804
1794735599
238599813
1085638320
801765391
926317760
951435728
1516156497
1347581909
739265918
1963078146
1434034143
275859924
1296510153
947212559
352787827
751298551
427406600
563153763
509267234
585226837
2018927047
2097517483
763479154
225893087
540350377
1468416680
1051029938
1043053350
2052231635
499927663
372518506
1699483586
738527476
1458156827
353765330
1664845237
262108907
1869921827
864943498
1001374825
1685516325
151493993
1277234749
834542830
1098706553
1630022576
1585841381
1526113153
45692692
2095108615
2111339990
2064619739
2045142450
727335496
143029178
438009180
48268528
1194059116
1481062530
2100500164
1693986780
1853581037
1652500102
285030608
1164254216
2006265432
1949875845
1426363123
1728703611
667335695
280254300
1266736288
818829689
1557489049
2101279118
1917536242
1040027978
1539636851
1296165747
1085720670
1487261819
1260022089
1002856761
1384920621
1987357585
1145885940
1822929801
2035626114
192461408
1156508684
1988642630
1886448188
862606073
1493659084
23995149
2026860289
1352440869
1973870994
1305739764
933660832
493723042
1585994064
52913473
1312552731
995999465
6708943
1082605325
2036027443
1546345795
231287424
974264465
886123966
1491309513
1977121227
123560939
1331183450
975523519
1946490741
1219325916
1167984927
955515777
1060484898
906949468
1818121850
406660335
930944617
1697498491
1759101204
757331963
855754607
545278388
1251055005
294265023
598191861
416124088
1290264488
604900805
1498729413
1178808284
3762952
1730016837
5589101
889886918
1073842702
1982710328
1013447857
257542505
810750199
812454950
1476868421
1978735127
1767970727
389869672
738200947
1438608929
796530007
1669145564
988623772
408147563
278993879
1844378379
953425951
1530048885
2138643402
1551617813
1946172973
1281424243
9034970
1297418739
312748879
12797922
879951928
318337980
902684840
1953794631
153564661
1916132697
63853488
964314860
581104000
1540721909
795566339
201591079
1930591581
1533767286
1640200009
579637940
1055429202
481340133
987785503
1334423082
178234865
1941211455
716988319
169394619
1345345620
515677644
1450818862
1354380590
1813096383
1763567741
1367178512
545564664
2081905722
122379704
351875647
87986735
2038512401
415729135
1052301595
472132753
1956451044
1847867935
673723833
1739558978
1234151573
166440194
171713270
142097128
647780327
1159498774
1476520210
826015192
953226581
46024881
995409812
151088553
561702525
298745026
1505469143
227315261
2062312768
725164007
772879925
1996734842
847543711
1124755572
2084721577
738572464
1540484707
989539524
1210705218
1349452103
689923811
1884429051
941527433
1924075385
2050869245
1113240704
2066172513
551165924
125255830
1395209075
1377181117
1078482411
1441233956
225107281
1229570964
2002936481
523852307
587556459
82768094
438681427
1312720466
855648019
287932621
12780529
1980403591
225170550
751352993
1373404650
1214710075
1962058211
575373106
1904633886
1699003614
1516900539
1681225623
1602389211
482657595
1599914488
6071488
607913425
847639915
1383252605
1686395836
141390223
1608359886
768483152
2144326705
2132212193
1356039611
79611151
423409973
521276429
935259171
711342594
534056958
768179114
936513145
1285409952
2141583765
3739572
1099984515
569473223
1908373458
651504482
2086373762
1442115434
106410045
421547710
894546274
112481533
1029461135
1742186190
1495734138
568373324
1883576413
956610376
1336856476
1880419470
941338922
545412440
1960030622
1364748895
1066688869
747806145
2076091489
1600745828
1515985259
865120986
738672132
1510085376
868860558
1838656647
2079558599
629750369
342677481
2018448714
2071865803
449087527
292512776
818928429
561569060
1321973911
413630971
2057303199
1890347235
149723737
866429927
1079720064
2030143207
1807768849
1625132504
1842690181
1025034096
544337725
443012678
953641938
2145083553
1958997938
1818762924
736272037
1321599666
540139835
427445037
1253674618
1169890204
770122518
1124639684
1094272359
1219210045
1417152460
1913200788
1780779106
591642723
179348112
1690598657
334506311
329071849
409544936
1414226375
211731408
69830138
891875231
2054421590
1094864234
1436212956
349950620
2048506172
1433812862
161464910
1719785449
22601251
1483064577
112441636
450046288
589255547
1282331840
1220168807
1713895231
229120551
291895204
983564043
2142321339
2072674310
1575206766
174185803
1615789319
1909713077
503257652
2025334256
1176455804
714989061
2095164394
2068331035
621927003
1042544980
1357060344
971877623
943567505
643389558
1133342534
515869306
665990809
468923463
628310942
1116037098
1058179010
1910642782
188722257
624590593
2139763333
480617461
1608154636
2134601024
405808124
1035877754
161303180
2021597443
798107184
664560832
1899448051
1974562988
1379549893
1847128797
1895410376
2001476896
742190130
1104987072
825870872
1685757635
1748376630
1959213406
54143293
266883791
280653221
682454235
1382920889
1338832231
445613369
1571643146
1963422824
437893054
2052260608
1424093812
425010430
310585084
312487918
586313610
184698879
1110595102
1250874443
2084146931
937674443
482940688
1783792080
685601171
336933937
378498562
1790588243
1162804809
2064256197
1391481225
974534567
2118399490
1658365016
1255187788
653370077
893802258
446536371
1098983446
317961756
262475547
1536876500
222738716
1686569359
1961886931
533323800
1999057277
400716893
718022680
962168732
1651591336
654685963
1899843175
2134532025
290994395
437960698
323982314
669492958
81065293
1486787123
586265507
1472546518
313838042
557181350
983427886
1569025830
1210551427
1877230144
2015562201
162051226
47708253
130554100
1698927726
270446969
1817123459
1513331009
803770770
1668697088
1914047903
1521793450
483382172
1418155591
28995765
235741699
1405203968
319990160
673702397
1729186282
989483118
754767690
1068489757
1575748626
79830560
1382327799
2132929976
1063258447
803869981
1195997755
793004943
671948534
1358048981
840713196
802502634
909493060
1111160166
472142445
275340421
1914930936
2140839534
41904676
1289240738
476738058
1460060268
1318236503
712479758
717780588
1638226663
1386182155
299483223
480226134
2140949846
1367972980
2055974760
73296758
602817132
2041421088
1136555205
1406687113
1089935195
1929560149
2078635648
300500529
622789697
733654634
1209993589
1733949863
1205797080
1485334010
1501397151
1199152966
1527238687
643154241
1675891024
839815307
1961390744
240887134
1557595895
1452133760
1627069290
1857079118
1932359894
1620535488
1077568451
1840851006
1693832246
1680385583
1734788446
682903804
939589048
677239993
464980305
870741048
977740522
1087770002
1604395683
40250463
674236218
662709115
1525584474
28149721
1861862081
905339513
671303963
1390269457
1745154820
485211059
1631156592
1155267067
1937344819
1110742234
864862538
1722221065
583794074
1942430989
1415588423
130142672
1475332924
1002893221
813046476
267438324
1680133215
1278026781
1138179373
510390089
218313136
595091408
550640553
892549354
1257800523
2076225027
920699075
972178956
834080892
1592003038
214964765
431752064
2077214098
1846121357
1587019131
1867075269
809379943
304398021
1441812687
1393174017
99345362
709917462
1523316690
1574678286
1712810684
188879518
1842116611
1245460251
1466906300
832812336
1755850340
1685219436
1427903744
159007245
430285142
538220619
87748624
1350984217
1510399575
921829516
795503608
1725364340
1353581580
725234058
1424002050
793117064
444825679
85898345
1097515085
1886638366
1479072363
1196860448
449072181
854905405
624055086
14399217
1043784923
318688049
1259859468
363207575
1151500385
868226160
2048427011
431920481
1027233406
331228505
970141100
1114982030
1682212723
333057027
2036811547
330232683
2058421368
1242909479
1055466741
1334939770
2036026543
1500292420
1420838115
986057981
1239447139
752426830
35434781
1688519320
1607332235
659489867
1702918537
503633511
978177917
815294357
866841086
2129678302
1683520517
767784450
414115136
563270275
1099012955
1384256236
1678252306
633742030
1717313264
1567580205
963974713
1628250984
663006036
2019441454
815707106
551548932
1372250227
89061573
1537606913
464213718
841488404
1573041694
5249390
301336991
85047913
1708167927
804970502
1063225830
375978636
1671811589
1045420485
2059499153
292112391
1459535621
475285781
1391125346
696308209
6054439
2024867377
266137825
1573634644
841358442
1894388809
89157032
713316249
562612267
640705964
2085566476
651673841
30829229
402296546
1493162245
1603870923
407545936
1794499236
1688918837
2115713863
451986091
604661019
344208851
2123797680
1650081504
256224356
268426423
962133477
731510137
1659551769
1658441687
737564576
1536935498
1924579512
163715572
230810293
1671484674
252872605
944126542
86613293
893578569
882209370
738287134
924407799
1284505916
83965731
380795074
1692051852
1878464968
2069713911
1660282067
182967411
526891283
2004490918
159281443
29489139
113231626
427707866
991622617
844741764
2087259635
502580656
1582306340
1476711486
279676520
1746021913
1707521779
1951161194
1998894518
504164673
2037774488
744989439
1386374043
628577974
1669397238
523396311
712543706
2050192313
67964515
443525026
1972422576
1728246582
626492437
351830211
1585253852
785773880
381319351
1698485478
1213481746
1372941968
395743594
1153257733
1875522624
1978049935
482485571
7715496
1576588200
42523702
1958876691
1427999070
546688375
1849167531
25504861
1933062418
330261857
1694902100
308975081
1042805563
1597610765
376939596
1486330589
1422549693
2105186178
2112823026
1774379905
1542956382
751113258
8215608
1093958213
1964595004
1381157576
1489701807
970369090
1109196552
1320268094
1452854661
1116912048
749372646
1495378364
928305091
29888068
2042066739
629988974
55392930
1827645510
960250832
1750295030
2136620591
2003056395
1200422147
366076540
1341903337
475488192
323779070
1307242715
102384449
1866735453
2058355974
110600057
813210018
1875467330
1491757633
155428177
698352772
453470537
1475696272
3723786
1570382586
77585270
1499102150
351204029
107473339
1393685241
981193004
162866269
1073847103
1941443836
1913161299
1062984047
1797016583
966099798
1429060587
991436272
1441587990
1752839657
151195340
1543972440
1472091462
62067666
1654572497
137817832
1937534996
998846483
293246010
488404121
1452317020
1768942282
492127907
875215958
1846527552
1991230057
1226419988
1954000891
1237431650
60129344
2116867160
163795106
2001573180
1882544811
1226779153
1651106115
701160961
508356092
495058740
2142748952
113712101
646254080
1539237744
1585803564
708321746
1046326593
1723621396
498373094
2045173076
2016867406
986777215
1350006449
1638326040
1478905122
77738759
1337369945
1322651531
1304158747
1143887188
412599534
1364288091
1113270701
576394640
1218377623
848331864
1803173793
722000091
1549492826
164046237
1217058831
1544758130
277758338
1863312911
936512226
1863561902
424151009
1982838819
1439699651
922524103
1880528248
1309083409
1909301319
1083051049
799925802
1240722793
1160789808
2137295747
415890677
317464908
1133699287
828490211
1681752999
99486340
1404884851
752646975
947818205
1060574996
1474647066
349827383
1224621233
544222249
1894585513
1502379571
260051512
683614091
1218457826
684202521
518969262
510673829
1606726624
252013862
1819757238
1368544295
1335064911
472199392
461783441
348371072
462011491
877674118
665835980
1595710779
1706164329
200105331
1695197119
963565532
952752306
495531676
2024140528
279915724
845359059
1101278113
824137973
592460924
456174036
1084189485
1276075015
1674631862
1768392006
1795044278
37822043
1227634983
2047058140
1857579282
448695630
1234639404
182295026
910479071
1583010476
644306518
1788153189
101362808
92533649
1346833870
301468139
1787730768
162915754
1254220446
135778797
39572634
1534136170
981137856
1140850747
210790496
1573598781
1597024784
1294979981
702190148
1124172998
915888340
349750778
1161995042
2143523323
249325271
872090676
444735305
1483964675
1054385702
1355214377
919491503
1698692220
995883918
1020854311
1791225869
195234141
1322322450
1431472990
358149895
429059248
1567251787
397722530
1963195419
400905995
1538573277
26502267
1974504776
988114413
1321482248
529211277
2112287412
89886940
878962055
1126798806
85926615
1128287326
1998889482
530661921
464768353
905791536
1885876298
1384259856
457000109
734276568
257630519
100742330
929510709
1579952970
1532215320
1287660605
2009012218
951983459
1685383135
1824723989
1352889455
1076472764
1851226256
1179910583
2064587178
1025224857
1709121860
2029390942
1115111797
440600268
1008706100
1201038413
1568887594
860111934
1731700334
2033655948
1765903470
1470092984
1270432156
75419931
56885904
1528062676
176162262
986396614
960531998
1708377582
126573571
822060568
512877394
1811956706
499300910
1865766849
740945822
203043518
898193784
658049352
1228268375
459831997
539956646
195896525
900432265
1548662746
1396934938
321836211
261291032
981151624
208008511
2027194503
303760960
1478440668
2102614434
360646864
859019696
131293048
1347043478
1819551694
1839670631
1473617049
494128614
205064377
1138090107
993429524
2070831226
1879035930
1196473043
821541362
389601634
277257770
1281373359
929558281
473154295
34321976
330737379
1870089233
356158188
592028412
703757209
564166699
471739267
1007518169
2042607367
426870053
1368165034
754143415
558163102
567724864
426211461
250350085
2041341914
920340076
455414462
1031948373
1913769600
378762040
763500655
962758995
1200303402
1153102290
1240016766
334193114
2082660571
1713171061
368515090
265914302
1435776647
724673278
857942714
2139533856
1288839978
1329681981
999568378
1183963697
1756552035
220249764
1938107113
167231489
787974628
216834926
417581574
681832894
1137175002
872996036
1713781268
903460955
1251758076
329798275
1866219950
304577830
1482900565
958753068
638770944
1418077488
524440482
1007286035
1683991791
1960217129
1731959313
394450857
1952267337
873315643
1724132839
804352067
2057279341
1333201226
1024601831
1847902806
1500432715
1812576460
2064737732
1918014289
346925706
1054429087
643526677
2060706974
1957890042
1895284753
243021602
1676626344
52378935
1725922167
487895765
691149880
996516008
1012336247
1698435915
533024151
825069728
1282911580
927475008
629853417
8743576
504124199
1434205485
2066022917
1837325425
311323668
1766442075
1190274492
2123900128
1683696159
960805133
323342187
590641598
1604331810
236565513
401047992
1352132915
479587115
2077674337
1404511851
58025635
418086454
2095661731
1054541643
1430422701
1646613998
1587565794
108008781
782041930
367557154
737862198
790785506
871681354
24584035
709324775
561523131
335907704
328283202
1751797624
312324184
2011979362
565119109
635666371
455137312
21967272
872231885
856185305
1374100187
1351819000
786375994
631128390
1409844635
1204462448
579306473
316902630
487401501
78436823
1904468424
595410282
860478754
124541931
1333272480
1651264260
996223285
1357856516
213105388
1557746416
1693764220
541388590
1162060392
2006088404
405884304
1727179502
494271128
861021617
1749146774
1366503013
1717206922
975763313
570838365
356099268
1606891704
1980683001
1560561716
38714529
150101983
2047963217
117151353
2054570408
495889851
977630107
31628691
1829162331
481410719
1027851976
1039535199
694516107
438114744
585815771
1235904698
1600175137
444420528
1641789002
1179870991
938691656
355326971
781534117
157711021
2072533893
1757297430
728549386
281149513
1216705486
561748739
1841711229
1255420016
711850723
1742190798
1372571369
618937483
90597001
202717828
650566174
1919759333
684128547
1678418150
811810884
1378644655
2116532894
1397626656
467065705
1569224383
1842047184
2108854707
601611726
633255192
316698031
1383145843
790966213
241748276
992959626
1519515599
522897790
62181464
2081264339
217125371
1317601480
645631414
1959316170
542689201
1264568897
2049913171
745407029
1915135071
1822188856
1429535577
1446069573
486516093
660696584
1415118819
1884142749
1127762289
836859555
1578706285
1089133348
1438471281
64477829
1405831379
674133477
855444042
1647579656
1667093103
227475993
22993798
1729274567
161256684
240119169
899392400
806888098
51951691
1442081601
2071456995
2101864863
40004983
1839108418
1776570071
1469540560
1137694343
115602516
2130237144
405329515
1999745265
1110515785
1242189070
1430967902
52165485
533176703
1495445731
1457996865
1207310180
203406125
958092873
726919635
430882119
981086671
308710555
592138803
1221205840
1208102955
1399026902
1273157532
502700908
1323000249
1227538747
542705891
1014625020
856625170
2012246451
4835715
972227687
1994999947
410165230
824489304
958032084
1652354300
107973559
1010197570
38047356
1603419290
320710787
1245357536
1806825416
1278803660
1972277172
90223887
112406683
133504079
682362690
1333612523
1341607034
2081389592
459286407
1844307942
1256906194
1686825154
239530186
124047566
395966677
104292989
128883281
1368194364
2099292937
539048512
45200020
909841373
43919164
153173579
1920038943
81966520
1756592870
93266082
1327324057
1415934638
1372069742
1152117581
1506158525
1484476425
1285621660
41037567
670605301
479745046
2122427160
1129891708
176569340
1231849706
669233215
416099526
1355897272
1065199892
520392516
1484780553
285910608
472201805
2023829065
331110628
1382043178
2067748230
484284208
1154598474
2231102
93393430
1247864556
1329555159
1509328068
472450651
334189092
868002945
1956927076
1619810752
909040512
480048729
2099555798
883984024
1609940438
128641491
2115833730
131690005
544741017
1324247354
1196889897
1065133533
661544260
1482800505
1537335338
537889677
1813911133
771894869
458154259
150711693
1926493343
460385362
244105123
1026874251
1789940521
1753433191
1499324902
2124129614
473952488
1308768331
1596456718
1382993001
1788817060
1548528869
119493377
1251273850
1677170360
87843460
1382963855
74427729
1412090814
432370104
1139561263
2073635074
1915170609
529412953
464041104
1581598095
1301307822
922195363
1732309788
1080317517
1382580725
1976414912
2107191769
1025037599
1582364455
1459033023
1001683565
2056316944
620317706
450656635
1291826297
261651119
1999185504
1411319674
1512924969
1528872216
1499163134
748405177
1603299946
763770301
1180775281
595377561
689921727
948462243
1124790514
1153962831
382576690
278614689
2076158195
2114886478
1358932206
1311255272
1943817742
1318640327
188809223
1378698550
630189703
1190492788
1287531846
1250507409
1641149424
431874495
1512158528
1492851280
1843194169
877599850
874239849
1194873656
1626005027
330056147
1958643957
659296660
925433708
501082036
1607758903
2050224222
1655044868
1990335593
181355263
1583719415
1957738424
1540287470
747491039
1754072518
711444149
936300263
985287420
1341633852
2126793051
125335618
444657614
1620458827
557210113
1956816142
965826460
252920635
686932344
1840066309
1447794291
165453723
22638808
1258954600
824750384
948072516
1760036636
285025639
850813090
1267597856
127877585
1032168354
703833623
2085616009
424972176
1451324663
1692204879
1136416325
240141278
530008652
330566530
219450681
655344270
775224144
1839909509
1212554384
584556638
658252321
1465475019
1271488983
350834982
765785662
1436942706
373473790
2024740262
114209442
1321546306
1637293250
399235082
24875748
757407459
527112667
1057044102
1461241082
465245028
1482016278
765082097
9966259
470948956
1005223375
539974911
801515486
1224674057
1195319182
1576739630
917099918
260389918
13812620
1575352239
1725864937
1285301603
1926187221
344166951
574760662
152177363
221423565
688970104
1473723669
1858716815
1088205186
1498599417
468640626
1615317853
408159872
1929881709
2080562881
1890176150
547480158
2090529141
213641458
1552703534
483020404
1015156944
629893943
1678339586
444412926
1546993861
1938729504
458225547
974862452
1517110793
1743527150
753566025
1861277744
170804164
905743388
2082701309
859774269
231983409
1793934477
1947979455
1730582826
115091455
1415813661
2138742698
2044973164
1348892894
1881435201
444969675
1291938387
2095076659
1997673209
1774958792
962749956
480083504
1305814730
1407162882
2027077365
1097060587
1865388429
854456169
466687732
1461431932
1608022194
180481829
1632236096
366281934
115699490
344526717
598265343
1909633967
145022525
181364521
2024725423
1560836186
172623572
1922214939
762245432
2054058773
219700966
2054183820
2001651784
69890527
1681658964
816918092
549974031
839990046
76597327
429567748
1937050633
1941985756
1284023917
256254718
1255934040
744562463
436736547
740686489
1110844397
552436037
1085213206
1709109740
314586357
1230235731
1890474262
191828132
643588269
2063097834
2114043071
1405833702
1969672959
186260390
1312533874
1823841095
256150917
846709190
493275540
806124949
1686699236
569872867
1235692697
1476266222
364374975
372232967
1732520940
1620309016
1116795430
21773839
213511857
80156180
574209876
1298725063
1789265920
888796233
381477147
1532256534
1080624365
1025065416
1447870720
1047183789
283415470
1270060031
1233444179
1595949344
946417479
1489595096
295174886
1439693019
148236397
1981874123
2009565886
1383929095
1310656697
226457213
1756162062
895693989
1846766229
725473844
917467828
2060278086
805630024
1491677704
1211519502
447412297
232990290
1592996649
1979668831
1313614655
470578417
1280055904
213314796
753993888
402632287
1446758975
202459584
