754255249
2084341982
688683894
927980116
1281008318
1542211875
288747949
782591232
872407359
322228100
1161950400
178311888
2061351180
880597065
1106439440
1851262064
606094659
263097775
73211459
2140023994
1279325148
790120211
440470094
1077435668
1857029554
2016190416
470208709
1531132818
1819149789
918708542
1771808675
425921390
855566876
313008921
1353901506
2136575195
1855220796
1642649455
771682779
580144507
1964877556
1933633179
758456396
1878745088
666746596
1864895836
1582523505
1272841255
2127993611
1655734964
1265381601
1259835111
298371528
1705851695
189787132
7917434
1574558464
659995841
1539050252
1246224605
1578704384
1163375279
1672145996
286787612
1476384201
878563854
275879159
1184121349
373729662
1047561939
1764265857
191123570
833711470
375238605
2069868658
1500458067
92650793
1504908515
625815674
73160757
1013159832
1891197276
1332995868
1311531360
1449565323
1522783000
1319448794
876640139
35295194
711015398
2122864745
1613999578
1874390678
1647527093
1900787190
1203291231
378607299
29182702
239928932
752336961
1076744641
2004194789
943460531
1910456111
231949746
865845542
1263430530
324600540
223270409
1889246205
397761297
1236430241
1632959833
1730757165
400477953
935041508
1106056518
1719926747
1811681648
1141351712
283458498
1787062745
607867642
10365528
1287106190
361171184
1213656759
1665713489
390353886
1453585691
270566803
1467098527
1310296833
1214027334
1230070991
1542246579
2079872876
346017873
1866847119
155659638
87780430
117124768
1392089879
1720740263
1847881934
1792567833
508298124
806454804
1365010932
172496124
1947806516
1648469430
1959558869
408190510
1658834958
1099181411
769361694
725008069
617411252
1159715581
31110113
887978055
479330460
1341406946
2102005390
1709401451
736169877
2034394618
2055419325
455533349
42570608
2143199755
572658117
1434660488
1716456371
273056403
1079744673
77270847
1079511207
297271957
249766971
879834075
1945741388
61842192
1288024585
1457092698
1161023603
2057386280
34617120
1778434855
1069618213
65727233
518929263
1548948673
1407134179
473451005
1110866477
2143304056
360361975
1018802154
451353757
402932584
1014518261
1024011875
1837593072
583490984
1297068278
769854097
660761831
229095838
1067126054
910528802
1108929913
865383794
972370994
249470851
174992845
2133394597
159373483
209609965
1764345805
1228991696
275337198
135791420
630456721
1682471377
609242425
1741323198
1678291785
969604400
612641704
2129645543
1372536984
1627159966
1006173770
1062646408
63167302
155758400
1832500505
723929134
384854238
752142912
1634457936
1493784152
1617526706
459345283
1743255003
1792519551
445256232
1902628486
2002129516
62118389
984136534
129983066
197909809
1614593255
1812454443
807152234
1208432806
1343262581
1776756635
1821074510
1325424476
1001809971
1300750828
184114598
2064456380
1363918131
339872998
1749473237
2087847265
724727237
354132501
1574821553
71027741
1971659208
2034166836
1814282744
1616695111
331939421
1569427582
1471340980
394057810
406080468
1601324046
591967620
2020673723
1266294842
1399119854
1081622881
462073775
1028392841
755213744
1787498251
2030202813
2055964572
1971612849
1947175545
1272399055
164002199
1549165134
1212762672
888729436
1903297636
640100578
959757177
1727473196
526783766
626556273
1196684659
858723187
48500207
520541991
1252780998
454580675
2121866038
1844748618
327770751
1240677232
1096384824
1409393632
1702751007
2124777666
17123728
1342765610
2007496831
2073088301
1166894811
1807188728
1198003708
1330897010
1208870214
263282733
72142799
964684202
903383311
1031899976
544673750
1430167077
1658456250
1741358410
141406617
1706956457
114416753
1394187615
14053485
88799143
1091452585
341824236
1329476375
40353761
1751217868
884743734
17647779
1768341597
80025696
2025144610
1693946250
1246920507
1684849690
744466310
430333870
746236257
1007749043
502476669
1710920459
1911132354
1534376645
108110562
1193815784
1045349247
1849468972
1335222401
604822057
1963885725
581926368
618875542
2052684869
1673378953
960699778
1234677596
1713732714
564433998
2119421331
1731380494
185291947
51963379
1609041456
1879238197
1298883887
1146407499
476220860
1729217757
1892643756
1483969903
84210778
1456080567
1247618610
1618587423
1564191129
293950746
516453023
1266176453
1629173147
1121275080
1082578531
63615867
1740150622
987779752
1736994820
553366752
74973700
1303243886
1117800750
46911383
887140732
1303092698
98874763
348698541
1034847247
1397758650
1495106040
1511068107
979492759
1240266148
847554363
1063703537
548863067
2095172973
534807312
2113054197
241640071
1051260335
1231747002
1870813218
25051767
166841885
1934429085
1765202389
1154621637
1523940257
171085493
1229595338
679700495
1288886244
1276506721
1566841228
444495294
1375381484
1915539769
1479342541
625656486
1263162161
842927001
1605149245
355944661
1690481364
521369134
904807728
1638170689
1056176447
870378277
1879810760
2107436782
2102125280
1603140330
2132488550
121483517
1390085767
1750207291
1276105155
766542376
1921292785
358216845
1446242871
1062695381
1634723566
865600451
1507190675
862621403
633656572
839049568
1488277889
1896818733
1681976569
945943487
105279746
1224974285
1467312621
1010087475
715661326
376005420
1880465752
447988438
335958555
1835107384
2051128768
320963457
1956590902
1293730887
2071170748
1085212409
2060273263
1844979885
1443429254
1359032487
760191618
930669172
77149290
119898645
1793290575
710805863
958948214
1134084817
460140948
493441135
2080028304
565420695
1718415421
1399857277
1575508170
286593099
1775862698
1308490274
734581538
2111821253
996114011
638226658
285301062
805221265
1931957546
208988162
1890433674
1844747161
2053968048
1186379280
1056296000
666676018
2117048452
1133445291
786574664
1762855380
1844251154
1745522878
749456549
156908454
91480365
682001205
722329149
1809895786
2081858482
150353671
2096488886
1710237532
1458843946
683586776
1674575137
307474309
1321813434
1959876199
1112695574
1106287332
21380714
855645600
803550846
2075348762
2042024880
1859846846
594541132
2011589684
845808489
1381115796
1626961416
542575995
979155026
228934317
699484450
1070635392
910935522
1421813599
733047530
845310357
1572167271
682052768
408064241
883527569
1365639544
2082639379
1191001878
539969331
1895031930
156213804
1646256663
1916412644
1011859404
302323861
1844277758
906400636
14687060
291335243
770506672
860495549
1672451039
249984441
1403071545
504122418
478918758
2102555995
1574757810
1389854281
1376885946
160321692
87680990
801569569
842374461
495745231
1685097138
60530357
430900962
728615368
600499688
178449245
884829172
99272704
2094861889
1896688576
401596565
1791656000
655605564
416283625
2082991243
1426112237
1276779175
1607958634
1676096678
532367072
2112081052
7531788
487439419
1539355214
1397386069
1864325365
1699676907
1485067059
518411287
394567720
1980812291
56024777
455098077
264229605
784640146
1055597766
442678850
1669469318
1154870470
390057092
1418674247
1556467035
34229444
2074279811
1972750661
2117220687
1352908400
1102046188
1577695673
881521430
1634413260
1542293078
889053219
2121852679
934164644
138955640
1838694396
486357903
1624022700
209622035
880925623
1457351343
265646813
1336023701
1721580948
1050286959
244137819
16776151
572272629
1399008289
406833243
1990946876
807991676
441062687
1917743040
633258689
410799726
1123167792
1735304877
1988495399
2004689223
1222234489
1383304829
746258794
1196603520
169985826
885214434
887814269
656343729
361753486
1097436304
1537269353
1819104829
1363083117
725809406
1393202130
265886428
969947225
1409978281
838159058
221471866
1816811524
681622286
1029463542
110390563
451881678
1662722232
521190289
1575049471
1250543461
362202040
1432255046
325294303
1745506870
31030192
1521897823
1915492696
916244626
262228444
424352777
1277998113
1359664749
1961622130
949619294
575264218
539947888
195337776
841150647
1509895113
1605316057
1679309705
1731366979
1274643933
213448343
613346874
1385034496
665330022
128585458
1906224785
92895845
1379128919
120943178
1525150891
1704423222
1866450048
1556181083
1078837398
1634459096
324942061
1341065842
2058811873
1602940174
553246943
1872950356
405075821
1128511162
265414596
600413597
1969661809
1775309710
58246007
1501487866
1359193041
1332889940
1714936209
1972539915
570440789
232782583
2101125373
329181926
325678428
1332770645
450125104
1850829319
889710219
169091504
1259526754
1968547617
1803550600
1584468816
1162129812
1714878826
1039925342
1715376755
1440345534
1445001163
696404269
1705760130
2045414761
518582430
1333586192
2103660768
2020070296
545295586
1289067060
1587522858
370351853
1859507849
1820305441
323993579
41206128
2145983870
1656764224
491331232
1849329541
398990795
660422737
961372648
220054765
316489689
398357816
1382184577
2031368515
1438283158
950077684
1324230401
735800674
1646481954
882506884
633731787
17580736
68609428
589908907
2037651033
613905014
1878975967
1477690243
984256868
1591000169
1150512036
1308250447
1632206297
1149012258
817531023
2123537529
850858152
1216521818
636476618
1812230800
1436576583
952966308
63104968
671277512
836851175
1501388126
1621355197
13597929
89705152
1120353503
896104813
723436939
1137934239
964714241
1313345846
1028101624
1578619256
1044838166
358308219
415392476
488354687
1508820256
1723642923
2120560984
510348866
393690298
2096614865
1361207018
1610212116
585607836
1025954170
899305052
1538574144
1089059138
1570582564
227941671
442963617
1044454113
241539600
532668769
17323968
1137644413
1256105709
1155258208
2102358655
421967907
35876184
1533494263
1466806073
394184404
1948886739
1955160760
1903004660
1525046014
1928238096
265869878
1918736312
1877369314
1627076897
1381464780
315493502
505547419
133286184
1854067646
1594606558
1703868749
2082009317
2037570175
600839214
176065270
422755296
618163183
1313709683
1678861005
1773421391
1268584690
2100828913
1809297575
654595305
1420151338
55998331
455998396
1227828451
1959002991
1981044410
1008582899
77389222
1752297074
738468565
1704466119
986278207
1053962067
62529890
1119564391
760546065
1657136448
675949492
695071735
1547222975
1276788707
871137005
1969978272
1894951890
37363040
1501355629
1520889633
1305947731
1454700894
1182703560
1960543036
727368585
1238701892
269057785
1955197036
1050221235
102618547
816296287
1127610457
1854915622
1554764853
684592928
693710181
461243272
747122819
1813274572
1221789338
256775619
341740417
1916861073
1803998595
1618529124
640514430
1626493219
1365997366
677877470
980365200
739403351
1983825201
287582447
1922106911
1796884590
1014951032
1013325155
2065942375
822664420
2063546391
21077274
1638960707
1043673200
1875992896
1046241912
1728266129
422219429
1507485185
327905300
88010354
581790875
584680919
429750771
351168300
241195866
2048279895
991682730
1867689085
1266793613
1669560200
700570638
2006196964
1505901754
988153085
1780820227
1155302696
2003104117
646661735
1073761423
678284889
562724478
1094838697
169761948
1606397678
823347946
1216003861
1187180159
1245567375
576005398
1515085459
1333577729
1157796273
2099766379
1763328500
1508964573
193478597
1664124747
353163655
2061167683
783434712
2022723855
614254673
642148028
1381141961
1602407758
275484608
388961009
1458028227
922146343
1462722432
2136313116
1484870821
410077482
158591416
943784851
1233425428
1374595277
2130965011
331509155
1950600675
1498566822
1665086885
960913300
1450849553
1280931737
322394225
1644328151
797572837
675557880
1558012186
1581007549
550798088
24783211
75671930
1931940049
1627190969
351156538
173417411
937735548
1273302881
1636139843
926565016
610690054
2046217325
1085156432
1554474905
1132159105
312268062
1537956268
1463668261
115385089
889039443
981271498
1076298390
192405348
114719587
1398692615
1836733499
912292424
2074250496
1247262037
345816326
477564936
1272045248
421488256
262021337
751752569
772644794
435438748
1689488117
2045947675
2071578592
468569485
509154081
1970312269
1553725918
2063628986
954987727
1865993980
1454101607
271172340
1981379069
195657402
1252443838
910193811
388062750
1367163425
161402779
77312602
131972202
88169627
1324574639
477788528
565734563
449136240
899276784
827755900
1200888809
1671921578
1263194649
742893279
1570385605
1187289593
1211462764
2079539686
1010118214
617705034
1995685024
1965105941
336215366
1302302983
88794633
170110788
1497960385
1341238471
1080304599
1886023136
560918249
1241707378
1963335738
692890451
1329877005
1140426729
1170678979
1895611568
1589562969
2069955763
575883821
642968131
1594393693
1839078470
1385861410
1017295650
878884415
449840526
949351688
1889002629
1067545561
797553064
1706624923
1403760927
2099856048
1795419556
1573871715
1450332785
989174380
506692667
1188872273
1550092629
1748400045
1004724363
95499432
930793403
2145151093
1266178411
678921323
1587230414
1188650526
1254805144
82714897
635560571
946399966
1468576307
1652856221
1825284381
1918416834
454724261
1566803363
838478747
1252277325
1125944638
94756026
1204649725
773880546
1668627742
507498863
1763054926
27836761
1696371136
1165663907
1776236806
553611852
1261163339
559546561
551279297
379858102
1238467885
2138509711
1568508628
345789381
73740961
56585551
1292189348
1542317268
1709441772
969990081
1313250454
16682385
389309796
4245553
1268959711
1515254434
99001580
326125788
141651333
1767629322
833624651
1904706259
1795466083
382512140
922886519
1424219241
936123992
36566210
1983765803
1487403289
416424313
1074750040
1478429352
1984932941
1420539421
1552170313
2041518493
565245121
947003934
1603476617
1535235203
112770740
1620159003
1924544999
117016294
741635066
1292315786
216017874
1067760854
1433967119
1983647196
1901385506
1191189730
1631629631
136413998
2114076249
908365224
1072537990
3158812
744647379
412457631
419583125
1819397419
1890886983
257032418
1092453193
1295573649
151067263
1657698314
95093935
1754543881
1045449869
207864675
1227219236
822511221
324880969
1968854302
2114827007
540898843
889131508
1401310478
377062391
643033366
445016560
2008692022
779447364
411609162
769573599
1851985354
414767974
1514220978
116959337
834351099
1186134750
2007846321
1091383517
131104295
1155936322
1242450781
1788802609
1251030257
849511014
686768831
1458894932
2076730250
1509280052
1783775902
1898100904
1476623411
177191097
639748764
730450241
554253489
1282782131
1175466801
415461863
2062229495
1587075963
1185035462
1766731202
2001843937
551772793
1883690539
688711388
1737907543
1744053212
1780094906
1869011838
752505886
875062039
1510330799
2003536143
1724573053
49615982
1314947428
1653819655
1558896034
951239682
1404436911
888035797
1128430779
2044185675
1618486038
1682684268
1179484158
646469192
2098146132
1094230006
86061507
1135697946
713477560
2087905445
1687470739
449684451
629133185
1277894634
46254016
261744443
999422824
798759902
1136806482
362269976
654812398
713895887
411885958
1969759826
220231894
1970781993
773515860
1624668805
711334142
1901946639
1521370833
182336533
1437147260
553371343
828805725
1387809744
1647601349
914867232
376024042
213595261
855289029
2063494782
663279713
1484422215
1193905768
709533729
1746166658
45844945
1508293631
735489493
408114921
15622381
1449385380
820000879
1985382207
1669617275
643299224
611414419
1146802432
1354633367
365877411
520689617
1536969900
1803024671
1074060961
218291977
1043350767
574178662
1133159209
1419374809
787773924
1988448239
1335385943
1451053637
1325386806
381808064
13103718
924069816
427653009
1521397349
1659559309
835767930
1537019731
961461042
1655768809
1374918290
483594669
151584386
1986332710
1630397101
1506217753
204726473
3603071
895704005
2007751144
1077664032
1113995982
903618263
1651842694
99671543
175509424
292132970
2088119782
1510895368
1743186607
1266022940
1892703432
1756290325
42609109
172872793
1130204027
1702168418
1008640723
519740110
516145812
516925884
1894658400
999740481
668510270
1733507462
482653935
27244375
1938233935
486257006
922948380
1798501431
1563921038
2036944362
554636046
1068280084
2136615906
730145471
1360413055
2077252040
93557191
956116014
1195791333
1986260623
564922692
1238400442
11649768
1695126719
793085212
1020290491
67383181
1309231025
1537216375
1962041581
161487858
58242998
1548065396
644141793
85487373
1338815683
1130398799
1008435754
989833467
546836189
897896468
1544469513
1615116274
887028726
127131336
828045681
816797119
220688527
1784161695
2012588452
59465502
201600739
1103505246
71115270
1896727458
1896590458
1091405761
1964110639
1058337835
481138489
1778668573
1219825694
539381487
1179250321
1863967487
624868860
370582356
846882639
1633304614
1360415823
1393718828
383717435
757401689
861351454
1270746161
884533025
1689397135
2087543280
1105221553
1326075183
1952648084
1164687055
1527675922
908669682
1235802326
1276919733
657776493
179724439
1093546724
1716114328
660862928
724731649
788456374
1200244415
1903981970
504940214
1825113276
127080679
1351822853
1310934242
1487496502
598058033
1694651677
97414543
1459409488
817914191
981947569
1001322975
757973823
2087169122
179914510
563138260
1104372529
1707590433
1471807942
192691207
837026518
2129584435
372415647
1930573242
1698215116
1033278575
507821244
339187842
86039343
264319566
844128056
1911152619
391400245
48467261
1074603213
1878896748
646525295
621771243
1976311291
2105934783
1439685434
810775212
959774110
50175609
750460686
1139688621
613313869
1854833216
699795406
2085121812
2047524423
1536821924
2067222599
272456422
1319911518
1617954067
1305734998
1827732762
1957141910
1391774341
2092052329
653786318
1155443312
335968926
702253580
82562877
67382026
1348778875
704334120
2043693318
1307230010
2144019554
706984882
119520472
46711516
1457445569
1259209093
660025385
1164795137
1959004499
597663549
1064835912
1348342775
517402501
1337292335
520770646
2135356568
495543685
201019760
1945014830
1887318026
145588441
451317501
895277690
481557368
1153571081
977840567
548939394
354866308
1682174688
445149064
1662096318
1678710594
1152133947
1781616790
1725422110
462095868
893342236
237963848
1626891005
704863087
835627397
544243269
2053205863
1353029898
1881535604
426492861
1340902819
229595641
627512621
1138434001
2116913667
773101063
1589751502
864707709
1254658431
595838935
1842548277
1803597825
950705243
1377239317
101263242
465317913
908466263
1253397189
99451056
486404726
1715493057
992793292
724368574
1194900414
1697656379
1559995971
1739143683
1603378594
765542222
1473195640
2029871455
2106445041
1702791281
509900429
1097395394
1672221301
1283001492
539663249
389445362
390176275
1135502184
84509991
46290452
2086207428
1461749308
147553694
404041693
222731924
1400950883
503492749
709136650
968960292
1496286041
1433505224
16377058
1046458773
846017547
1755520742
502353719
1611559769
1081232734
384741527
1570521162
636540367
894641956
520432909
161278020
30159800
1060096158
550723383
420336075
48114694
635233374
466626527
2134322122
2096982683
614180222
390880168
172230959
2015131105
894372917
881367609
836607750
243175311
167389185
852984808
1289634084
1013406732
461021902
1791987803
477482854
1542254636
29245682
2048004016
31311356
923887638
420953277
192589376
954047438
1481049435
743312759
1374383513
1529164130
1378546134
1841010041
1516002604
1328045169
307706615
1906882772
1500276128
175354072
653772042
234160089
1011961822
896947353
401549274
1864946631
39097789
1414956006
178484885
1831085592
1892438860
1720739522
1860331275
1792959229
1752050878
636735265
66428858
1944640254
1590782704
1547478294
540469366
817682569
929158776
1919015500
511208962
297677732
1099577021
818915577
57076857
452369501
994269650
710848899
686529590
2006231472
1607796252
1088078864
1723694455
1646894041
355551222
1902179341
1330495985
100506435
1475435215
1043343612
1893465664
1080002445
1680078878
1959894522
877159051
1123377934
1359889168
1417628417
1941060503
141564296
1189160269
304785818
439242029
141253642
1123701395
496318886
593623143
2117971045
1207167785
1280152733
1976718870
667480389
220747949
1552929677
166890782
576299172
1307625370
1497386767
676805607
635576937
393246732
422787623
1715579382
2073325610
235198497
445254786
1049219896
1595087666
1862883203
842796751
1736651962
904559825
1147582569
28410343
1045813467
123800317
524729229
1639436611
94287714
1731897014
772105696
2071006584
251893755
992853646
1476452614
418784537
1569152818
636594336
1916171305
98474777
1272171274
161934389
521262400
840267008
87776351
756460897
1285521794
1136996247
204064915
1000921350
1979792998
1940716878
1905481175
979891920
1969127221
803810994
1103692237
346372803
295763957
1197979951
2078269817
1067869654
1121502888
182679925
2060723300
450471854
601464462
1482392470
1087066190
370152119
1580867247
211753816
532086508
2102129647
1052020825
619862859
711106896
190058971
1756859106
915171812
1190980321
1589168457
708405042
948977848
421576729
530048615
1752788843
1525268966
876421418
2048552800
575765269
807207588
968938806
1697268157
989887513
882178458
256363
1591351975
217087280
1087322554
1961504095
1797954527
1299076370
346106955
1752600526
203613547
965969815
316223775
393672519
575345273
1231395587
1584652840
17030082
1939800629
386147041
438606811
322365596
2138935884
1963875777
1198787015
2040005036
392157399
2005994603
861460195
2089425556
848398468
1743638653
2089681920
292266795
1960725934
1029520826
106287242
1611196813
181113548
452394198
1216313692
384727096
1418364013
1532537467
778399615
1993709286
616449406
215568807
2010739369
408766387
601715848
301862532
731131983
593168084
118254662
1929918998
485689473
510412061
1788429953
1347149668
452353969
489344773
943304673
394552241
781611569
756546959
1424073067
887898811
220260125
1605186616
1340293009
1436573817
1989913712
611173374
821627636
620829679
457399013
1438077042
836398486
320654734
1846843429
1438114335
622517266
430491764
2031282419
740771928
212927115
369488244
1251183989
2001357068
1716637912
1703537959
343218194
512458938
2098090200
1124829763
1269005897
1374679620
2012728574
1489266022
832382588
1205537936
778356191
674812652
1816711310
1599983827
1295642331
126626675
890577221
2132040817
447281409
589937002
1422671504
1069798676
1020428767
1306470276
1810570604
1233355882
1675958520
914270946
1087229302
1245112785
470325257
1430447496
1757571723
420931809
407793611
879093972
1795611429
273038538
220876347
480510369
1478576474
999232538
1155323021
1147804136
451732718
303481704
1274430812
1342309939
288038874
1721712221
1932246942
1710710378
644027249
805192061
869697006
307114206
2038547943
398171879
1221385152
978293597
1643284664
1691710409
261257446
1253372739
2112642218
669051057
2132466711
1760770000
942089595
205859410
93796721
273182421
1205091949
1249119743
1420986558
1656824667
1552601447
547933722
851650958
1840640321
122162295
636414252
1403867052
766189545
1441606313
126080410
1073303751
1332670608
524252289
147205255
163480558
20053305
1838915664
424738004
1273426044
1804074234
1093789061
1258409108
1417360586
2035878657
1464268518
1511157308
161577430
521876819
612793403
1582563988
31217838
17911202
2130497710
882868797
1858551524
105176358
1519283049
1114934928
871365903
813405715
1241015338
1944669654
2146076323
1765267628
2091874909
162073233
1785320933
1783306925
586811237
911263330
1439897511
1680600299
22188790
709774450
1568995308
1486457308
73448110
1730572738
2008334128
686241513
1165653079
2039551966
704152715
1148667141
774937115
415220591
1253843499
146736517
1530155519
2125209402
960142232
623687210
1922395408
958734907
241471190
1866786669
1120808141
2026792123
1502609946
1707619378
790571805
795023810
1240736029
812760595
1504798260
662247689
151734256
1578246370
245336780
12584736
117004235
1410989859
2052136702
821156950
412173352
679590170
1236377542
1666016852
826326687
619049413
1643742606
1786468919
1242736623
1418654367
597720178
1484207813
1137957388
1718528319
1363516289
493083687
1278664050
6604446
1288107497
371916431
819365042
645422109
1034164121
971099298
76184831
1279500901
983684034
193189066
543007112
888337088
1014346016
955180464
1567927258
103239910
473713668
246770297
722289324
2117456275
2033239216
1965025947
1388626994
483475747
1301750113
379100734
54520418
517782754
872184421
1333184468
524387200
12808270
1705100900
1343752242
658230379
591781373
167367892
734415210
1871282274
1151051926
927604276
266805738
2039389015
1941950293
1221986202
1459832625
2045190203
1695699871
1706602923
619995879
1665672498
1592358491
437538179
906815844
2075834238
1739288292
1285916578
2130354657
109587398
10617352
1316055477
633974598
23425622
873672729
1977726841
681656002
1465454102
2145094733
1416071212
1189252728
1148663012
196191841
1456058466
1040568379
2138142134
530561021
352917356
2035848689
78777244
2059520279
508360921
1744449742
1504395123
945899100
503781938
1432745713
537703744
1789698516
1415616722
647291142
1800315868
584188552
1281265740
1823741491
1457861281
1111508933
357913845
775831736
1109120019
1773985057
1965084464
110299383
1970176898
1273659283
1150867762
1960835384
1804220304
1503785118
1849200426
1882997548
1415821750
210077699
1479963642
772733225
1155976799
1983745580
57995290
1693680543
1625960448
1473612013
193488037
1278792669
2057800565
1474753777
955050512
1368178198
438779063
1312964357
2144009934
1547899082
939465766
1961610751
1658198465
762159017
1087786386
661582579
575510753
744523042
17884049
277227531
480036942
1433705799
487305230
1960000584
58955376
1643282029
1796262516
116950667
1189478924
1274739316
1590562680
1382966961
406048337
1500879597
710237091
1361098849
721574147
1149016154
526579558
718100434
549431588
1466045325
532227537
60146405
80720694
1620013923
721728984
656231447
217053317
739613033
933458979
697090259
25835185
1420764209
509607195
84790561
916562591
158386063
201741228
2106041515
1433125379
1792303908
1341524829
1839173717
1145699857
2051761920
1052788918
1867274005
1053294426
1579368477
437890791
1602726014
897930154
970118328
1662872419
978650848
442648603
237117755
1634882295
659701920
976730788
420857626
1356792179
1002565973
1841621836
1866399374
1087356535
610700779
2024785437
1289097763
569258646
1310427168
933918024
1910783475
1002117237
2079617881
1815061747
2054906156
1799408238
720872525
1486790985
89815381
176114891
237237491
1059933709
1838987310
1215888339
1502582312
2076105065
703286986
14800584
905352206
1124144613
1371592763
1907918179
818282801
1090508489
847791066
1428983580
967810278
2136888830
1998242226
130753799
923323206
1761542054
1132871036
855457439
1429120153
1040293544
507382030
2509031
379600881
597197411
178623922
616838372
1657131121
2017611233
1832726711
1012229785
1946232650
388530050
1027030370
704101208
1512674663
251139485
464535740
183473816
1341647975
1312326806
1612457396
161974605
1301731988
1463215974
292728404
77571546
1077274380
1425599441
933028986
358910886
318409337
1440411016
361419917
698010219
2037608427
540043839
1314848591
1547255900
410171424
1000091655
412002038
208920427
1388621705
1439032408
913021635
753812720
1690171893
1377557375
937286536
884336220
542400534
402260284
1046310826
1844132522
1865476258
1339039230
1921704069
795266991
617155023
707249407
1154177877
935564361
176775
1515597794
1633574580
2037785202
2055641633
800939523
1437557455
318329410
1801031178
1849559493
527249837
1042169235
1141108253
1440271472
1795981955
683796498
670345200
585784843
1568132719
1212745734
988045127
466959897
909394608
706037738
1805999127
683615029
1501304729
275670503
1390864436
507998958
1211234864
1391041211
2023596752
697325796
1281342766
1931754737
1498265319
571416573
102600499
1151812850
273492418
629850336
46498437
1414600671
2070121809
1842480393
2098397169
592983361
280781588
1519046240
1805729095
1268826716
1986006137
567640055
1974864454
1644521617
1251255085
1328685535
1920192120
494635873
1836684493
983943336
1885677085
1712797597
1681269132
1019536203
1497068686
1032050803
1590952776
1599669186
36380005
1864445194
82035874
82878443
1131562217
4674035
1925358836
1082475738
597657396
58656776
454038331
255902843
1327483492
292560820
823542899
1154864298
1937082437
2074797984
336066185
1709790909
421950209
25267030
546250597
160143646
1738064627
80036081
1179679849
1087649666
1112086885
623148977
539835204
1148466890
340110523
621871078
1231345333
1471672740
626545114
1009220521
406664831
1224202510
1067877298
860703162
1480105354
247877142
1153263982
156164605
1402741441
942862772
83478941
1738807626
505170033
505429150
1764074657
1051420631
665572797
1354655636
1131456712
1845252646
294821654
96059949
320917976
834656858
1244526840
661028499
1456527937
328388525
2132701240
2083073051
1337609047
391882423
1159791913
258002697
1252585585
492413619
505879839
258365919
648578224
1908621280
1201228691
732057165
1499945259
1706398725
1237486316
1116536268
610335708
1903059113
323708256
1741792420
1600828111
618529911
1837852370
1921746087
1453186769
934895562
435290939
762231058
1263284087
420508531
697820461
453409486
812390954
1857612375
711412183
2064976539
202542346
1217292023
175858810
851120571
978429655
1377087502
1583177736
330891266
936002579
673180404
1447427534
1546338287
428755869
1771135791
1140647059
2029583981
242182054
831015781
1803846420
1695368823
1765911343
91653711
310116234
881711783
512162242
1007936695
1335121269
1324553196
718065422
2046533453
1242046087
920607769
1116341828
1417904898
1771728340
2094771483
647508752
1207422428
278179102
1583511331
1880602833
1725606636
982365970
161875054
1349258779
2123013029
43975387
1591440833
806545163
1847821808
1139326009
424972858
1939475519
1449442243
1306684641
304154114
309895290
494322263
1628707310
1027960713
393372068
723269750
1948568482
1509713896
2141174648
1572813174
1457001731
641199752
632751954
1735180833
77227435
365871139
1313303822
1059593405
527746194
515078953
1035122786
571721581
2106519787
1841667949
272059741
1098362148
119157160
64051613
400320743
1425841801
368205727
710216033
1920164064
1996913037
1738176746
166052484
572699139
1539261580
1675766380
566390139
964591106
985284464
1207589891
1597343061
572981649
1284817326
1963214200
1886285471
196927083
343476746
253880777
1232049870
915198328
212916916
926234171
1187258069
1311279064
1045391331
1251309682
1711599807
323749485
1619515409
274332192
96429901
1468944799
2012508939
262482386
2041643938
1404286871
1938248766
460550430
221394330
776049582
1668140321
1818737391
1349031232
805474000
1634467943
1087833055
1002401083
1977944690
1341713832
86967305
745659370
1554630748
1013201477
1932917439
718426164
2058592808
1036743474
282542323
234858645
508775235
556874516
331288547
1977720034
421899807
593770933
1871880325
1826186678
384536051
184947107
2047581008
1160585634
1853087428
1718834751
362133218
511077780
1205819047
1449966273
1513478864
1036280089
644196458
1600446169
1781939459
51343558
466163998
1567373250
769769723
377273159
456633076
1052312046
612131804
965408312
1609186562
943420351
795644698
2031086369
1537191284
520041375
1709789400
1921727336
704988482
1609886760
934829322
410592263
1181237864
1296962540
921670043
239573263
599445165
287665259
1275853352
1243641623
1888111429
910309163
1294985182
206791779
330198765
2064754905
584064938
786831842
969583303
1196196743
1752240154
431286218
2139617094
400401204
314888939
1529324731
920442580
2024678339
1303568419
1625431062
1487081452
90914093
2036023325
520835668
1387876633
810209721
760408931
1987321798
1097874980
2036262283
1083479774
838502761
799087798
230981308
1045294541
1129286563
148252565
1629359479
1916118405
1117835868
678072574
1520874911
1549122086
670206021
1921276116
1864011026
52047104
694235048
1741205717
1355615523
172182462
1080803521
1446529616
60722140
1601639189
686922601
870931861
214564472
526760751
1968806841
103343107
1610240525
659825955
902430905
1841221833
1705120496
2031717469
1989474398
1186996327
1800352226
959826619
1865068902
1173743490
361465057
387791275
947535958
77992435
439838379
1641771006
1819198153
1795453902
1813953468
752518026
1094499870
1874675608
206673568
1781422471
598123821
421238040
160699574
419447015
524581148
1770940100
1079272970
1427012053
1464678285
636909818
1311245874
1306669036
1823906145
964114453
119012007
1541491399
2137857943
480477064
1929282674
937910253
558469500
221637405
432197611
230184005
2017091307
98667431
982702031
964107529
1973343040
1189375599
598046352
423983213
1610613640
758745927
843430228
2135194788
382202379
1922703198
1414723193
1846880664
412129368
578485420
1006066052
88551866
1542599873
1125078059
1630043265
1532974168
1605555124
1411842292
323400773
16540976
1633479697
755598384
246724981
1503087357
854265815
1229427012
319711238
680125207
271318964
917757591
1104108421
1881932604
1676503518
1947538649
1869643744
2058705897
1722758200
1136883289
1758102913
2134887568
1715368709
616685318
75955786
1110484934
1741763377
1705999052
495975454
1199834853
970357696
819376227
1216375829
456353745
1574974611
1463100810
1959441102
281756779
545044175
131668693
961881986
816363139
1049426284
2065990407
550812095
578446154
1866045409
272972191
489668403
1441319961
1409855480
100287668
1428723881
977740542
716972986
1504679668
2088225476
311252716
1063195072
436717283
1511087569
2033552768
1256093510
579979751
342422865
683584474
2043080561
154380320
965341253
440641088
286049013
1927223239
1257004227
1335475297
1845729999
1807816322
1913921451
1564291760
2080788513
256106206
858128073
1343160346
356393874
139368306
173417240
1073366861
1644047974
114159068
1384619577
559759398
550876351
748223498
445828518
1806969862
1328203249
788251384
343070688
1223800163
942631704
1308411941
1664441251
1228680717
1088151532
773961831
416672366
786397883
434294505
183110169
203205995
367599371
439216375
1061334068
1710759717
795610249
1200702375
1884176957
1868977110
697266701
1998336025
1106113039
1257026100
401728729
1854336538
1702854618
61214943
1035056139
343622354
404285631
111372654
1286254058
1712697572
1775813906
367451127
653365456
402292089
784123493
1439763340
836586594
967233662
1642969335
1204185965
1406450037
556819756
767462034
54576639
1757522131
504155343
1923553749
307305184
355007721
882183141
1564331284
756736450
589036031
1119702255
817951393
1624092170
1463324609
1222237024
1735464825
602095020
787450948
1363795083
969546147
1440816404
1766087172
1753669641
733096096
455190118
573419655
228581784
1659376084
1979869693
785401540
279354470
2034446332
395440023
783509814
1810516433
702745207
1138517535
545215926
119592844
1895253985
1134251957
1239295099
565721730
610860480
555136060
1787958754
198841657
1157231080
427926054
1562636740
2126777228
1868742458
1181240264
1732963221
454354907
1636430382
158899228
682936691
1148322818
2138768921
1468338231
1427677289
2025731605
1863778254
63703455
1688764391
419039813
1202220990
86496669
538632657
949991327
1220748627
1777927756
1515713057
1831609107
185580169
1156188163
2030450764
1342811249
1584114217
1445603856
1322104829
1305373027
479360472
907584402
1759727934
2115790854
1066483631
295180977
1116630025
1057768904
1763519208
396823666
936016862
1479813814
460527121
477297605
1898853628
1662748111
563794274
290002637
465255790
1784542901
2067930394
1980968847
1468668360
106026915
989673362
1351635476
1448838164
426303931
649755684
623459346
1731676958
1129116156
1531043748
1343921245
1097423363
450043731
1639102222
66569740
1507812636
1255137783
463393406
296345850
587467949
923920527
773643455
338837929
439184990
1337437729
628840567
904440780
974496983
549287313
737925979
295681695
655314228
1727599341
1647317172
2104152392
6419624
149589208
580128090
1738096582
1278705365
2111171839
934534179
228645080
413731922
426152754
295214820
1921544558
1681290537
758608226
70406760
121274838
1682528753
844050215
460112768
2121713743
34004297
1088953335
878670875
1008501280
1638240648
1616596854
1304182975
146071228
1196712547
804016499
102739972
1203132171
953605708
682868063
793745105
84827425
646556254
1728279285
313472505
1060288176
6948391
608687325
834349087
1688238928
1367295551
904755847
1809513766
902340656
1748806063
122142886
876570751
1782810360
1211096221
1755241626
643827992
701853221
1224354832
1948010967
847924449
273583731
604543819
950664422
1476715902
1558149527
1633532485
122977359
1642976952
132605091
1851256644
1956449457
1192893267
1858205035
417653134
2027242354
1398960315
1784948685
784514554
1060990434
539805693
385836969
1183133320
1416376444
21163681
246745894
1024134422
664991673
948599115
101005606
465518992
1796523565
374589337
1070062811
599704339
1851305239
480728690
85753176
1974282598
2123705642
218358267
1678055595
1932671451
1411251534
1388776982
202840937
1291010241
640253650
1987789622
2075524795
1701244084
380111667
313878116
736893756
1796488111
335041797
983639650
673138885
1000033470
1932238766
774144491
1465552462
1581278683
1148733828
388131626
33499374
852555419
868860316
119252550
679354370
845082311
337610817
209926317
630270114
1748862351
1598703299
833111052
892388944
91473301
673417026
820430091
1792717385
1053528694
1134308207
382127494
702533157
1469350004
1365767144
1375672043
321899826
1150522262
2332886
1787452289
584317297
1151066715
28100267
617816671
2003622134
896960583
737069221
535492856
1742042894
1074680038
745419173
224829361
676058742
196638825
1057940413
1568447686
288112126
1731357439
241394130
2080829512
637402485
1375702337
315473358
1339935643
697568694
1681240502
568124038
1019468520
684279117
570456924
659437161
1268596414
1721523639
687537428
1886413086
1577662126
1584498012
475998659
2113154982
1179057258
1550678698
711090508
1403886619
79253792
907729333
314343384
1647701478
1195841459
2045700824
1889095608
1129187323
535619661
1117314298
1444660681
1875555304
1814882992
978417536
296195694
686867864
1662696653
866652619
1346305026
783809419
440692610
2033842454
522738857
2018354736
1470856818
998737517
1984026071
502430429
401932567
547632931
1906317048
481186359
1455362264
73176785
2128887837
503720075
2118877609
1870499798
1632907399
507013622
840330448
930084432
235085279
507729792
1908501968
531280973
1194597656
1423714973
1397933592
393419034
60040745
1838626203
279777841
582779602
1709497291
1750634659
1581517119
1546039714
105581440
1983449686
2093672645
2011898489
317152397
1401551261
2085075274
298556587
1905271337
2056469235
21572737
1390695088
415999209
861903185
173295872
651084488
1369632977
2081797841
1182365462
416746985
1358029166
432815406
810166020
1418069911
123957961
1089943861
2000849514
1833455253
693094872
1434882985
1232011319
798676313
1270849024
1178200317
663091154
1588001421
432267930
600682780
1886558008
190055619
509668367
1908130745
1580750707
925667576
622550282
1754046580
1576752065
1992183259
1688360773
611633879
261446597
898906291
1044449285
1071612617
169492555
1168407247
14072830
22858421
854378852
707167702
1457741406
2086390171
1505844015
581106782
1117106840
21451521
21624556
1549374771
622134301
1908182564
1739430390
1131802668
1668829662
1172697450
2057470245
143896296
779260382
1486738662
2136079556
320137507
2098372541
250042505
1219043798
995338178
1321655122
1388536353
16261777
1335727952
1411394774
870640629
2042895654
721652533
809547153
1401256022
1302759315
1926653993
1422707543
1324383871
1328545116
2044841845
1085082788
920491859
1029160865
606428802
2093189309
939147462
750325098
724966043
278402476
738921006
1045103550
229291369
988963511
116663700
1224629548
163134985
1505200054
1240891325
1498862937
769111180
2111531955
1394274944
1490763713
773595460
648047318
646039381
552765805
2070754861
1970423252
1881310922
1968113058
908022392
654319133
849790276
1514451194
600024794
1788937738
117292645
1324990837
2067340215
856213651
222610739
149147936
1845177163
339274439
1373777484
2008312148
1844474493
467185162
1359691438
466102026
431233469
606482734
1956865739
1204828929
1254530052
455421472
1757594734
1177801265
278361077
1491422008
998430676
1186383469
2145741141
1848220952
553351016
598282287
1489675042
670643661
1923273124
1409531609
1526857312
2145883863
1558679546
1224550827
337674655
784973382
1085379328
34665500
1252158544
297587118
500767526
1683392013
904069852
310149618
740737294
11116256
765571090
350848381
1188917521
1043932167
1842270389
39864549
82831989
1840527883
1888085501
636183005
291326522
1230276896
1306826666
67115999
492324857
686200330
65516214
2051004403
1910751158
403190869
688494138
848646838
437856370
1940652682
1146233956
938623896
1476561048
2050303808
1248773514
69814694
2061420064
2014344605
420663075
1102853937
910793124
115449817
1142718487
993625113
1955977700
883320340
1629808118
99820574
2113597236
789151136
166936573
458438446
1475351467
232452788
361959201
1238618977
635643657
1050453339
2087265815
1073500027
843622374
1086016123
2012123924
172699774
988836283
1113413790
242514468
902772699
980274747
663177544
2005626636
1891067872
778627361
1000861475
737209337
587121413
1884181816
219533808
686941987
1850295404
1008684944
853878561
161250202
336552763
1086331349
523209404
1575171740
1721975006
1573662743
1514953907
647991386
269801469
453486382
512631662
442501243
1442322665
1626045452
685015712
197611716
458836552
1348193256
55754705
202420776
2126820617
1056616180
939630113
566458382
793314348
1159163921
1253400369
496126105
20365218
2107278930
657376307
356917981
1046126631
1180585711
1932089722
620617990
606764807
1299559981
1268609376
876566276
1753046364
1781241038
1319067520
1047885381
1259802842
2004083232
1245497098
1718639394
1204792840
1301251803
1921060170
1184129809
210384335
713206636
1750588191
1003698684
1872370557
856504912
1499824789
1892735775
816300195
9717448
102170109
1862426826
1190303160
2034259831
335561168
1797067967
1186336164
1604170544
526150595
791898880
1237927934
1845218115
1839784262
350247129
1701817699
937797712
2068886523
759126891
91565867
1842463046
1943256700
301950202
408186034
1546361243
1305648886
133072943
255382508
657990027
2025808719
1071682703
667707476
2127978828
786625881
1858010636
2014755011
1122187050
1507594955
1053607527
578873946
2033745550
1845506408
1816801881
1731480018
1537807022
19565362
1285814069
328121086
2088451885
2044940961
419686953
1783431283
1840714013
721637155
44133669
1239591609
2027286042
177206613
1494974117
537792421
55531684
419173172
1205499897
36026864
1205799053
916026885
2050781875
180502455
276138192
956905754
759376402
162400095
654928514
428694635
1893880113
45251888
448259997
1032210534
373372974
389228234
929667847
793059927
25175870
622898213
1514697083
69309539
1862489822
1394499477
246516152
1209980291
1932291898
302047836
1629153463
990308148
338074700
687468868
1906335033
241372927
867971324
34989578
1198278682
1627347726
197389673
1853207196
2056042361
2091269786
1898459085
356818710
975996672
124348411
746046944
1905664520
917408339
771222814
381079085
284621774
840532354
96085259
1679121251
1087048506
1306065550
1463929501
1389096343
787735365
306754001
1727171043
1475204233
65605387
1968543971
195691909
100594965
1019339005
1823039635
297984638
725062553
1731598348
241770776
476037990
2088417058
1217767448
600386402
686980355
975948320
1517794741
1458203169
1357027405
1802416515
151251875
1453112664
1334054118
1238300382
611694566
650499971
479913077
1399429931
957253973
59600472
727150517
1022859360
2028144443
922842426
1123454325
899999800
598398414
1421438963
1625062354
182513114
1663209739
2101100344
123446525
733493539
554003098
810426880
1709441860
2071797839
121146401
918985617
1726730706
272398277
224614634
913301176
1510698659
836309200
1563801148
1990611736
88255484
373571473
2050212208
815406001
1396430833
1930873004
1738248427
372401510
683389156
189163193
1793840473
160967862
371676308
1309566564
114584559
495122833
2043060103
668587657
1305549713
1605018315
592901849
1426696114
376520285
172148907
1699094391
601134919
1085450084
1062309402
1437444119
501767584
905437490
1525699603
875339057
808166051
193621956
124286242
591555407
1931870384
496687752
1274944563
2121033577
143044577
1435912426
345226237
1452611141
1550496985
840349070
1348187596
71600994
2145898783
805722264
664502843
1425111250
1182242549
836651751
976721993
1783377468
1922101835
2039031396
1073337939
276385771
796985238
451553895
1151724828
1605151289
645175851
1276011070
49223048
429562587
1772698822
1324167612
403112517
1915743399
612596390
748338754
1220870892
15609727
1588687825
421574840
87210721
1587102960
1227297104
751713565
864730562
262056005
1588365316
1841452556
2045433473
1362983503
1733000304
971287765
1639369274
382501894
1422841660
643610454
1987653184
2068017511
1919621524
2036876232
350096451
1544836698
1213560196
753208968
1313096449
1826156586
1501547722
386483693
1841766313
942751899
808058533
1928977035
382371212
2035355638
533206952
1247101774
149927995
2121572268
941070682
47877821
1337072123
526587338
1019165586
828957749
909089233
294523598
1472568203
749258769
215057461
1244706079
638651353
565153912
642059129
1852211550
1318362880
1955155578
1530884488
672426955
194155623
1225167154
1615178854
1002214156
1006660541
1997550066
890086146
1539867493
1097168193
1040014142
1513956113
2038238875
1087891963
703544588
417342566
2107057549
1532502337
1326431799
254097499
857586892
2075690568
469154960
2102292971
566858273
1034308873
596868452
271586175
205188105
404540382
1802470664
877615060
598696005
880154170
345310267
1600910161
1886814711
195376685
343512660
1279198556
1292544878
1383526802
645671021
1183300106
323935117
1349215609
1600642672
283509018
734234298
779590823
537606517
1591821190
707797743
1006761477
1546630513
1274656016
2041070350
2143498965
1546242192
98774808
400555699
1201229208
976389868
999251704
2081383378
1321700135
452678217
1820714441
1517076821
796190877
952429349
662138051
32234031
1598100370
1845438157
356169148
799832331
1298597181
639678166
1534066629
2078188004
1177284683
978404171
638502099
36562513
377551036
1913158116
2077632863
373566353
1311916660
28924023
774122052
365662220
1005313892
1773373756
299561950
179530379
78568325
2120276391
1696607200
874759203
925222092
211261604
906993234
375838814
2056699761
1263162383
1175671145
1207813295
1902840549
562254126
1138517651
932641585
1540658297
1777019751
969204098
1918209333
1542694219
899353313
144292038
707127231
928277337
918414090
1072789451
1933591229
544304198
1372351401
2113121608
622872523
1345144144
1662245161
1497631726
122882588
1873506765
257141313
498721402
1782722878
1520303696
1674392547
843052525
1275660597
89163025
1981570177
60818534
1629821322
1611106280
1030022632
1400547007
1006316851
1929375946
1544839045
1713444082
710169635
315769487
638749885
496277216
860073685
2011101286
461915176
1482946208
1208761782
2124160337
833094287
1331644370
1850183454
1090235600
1830365772
1485422685
463055648
1357274671
180991562
1738716245
1446437696
15078091
1799534780
928775370
1626184371
682073764
181838729
485017574
463966062
1726677774
50978008
1174135697
2042447261
689727893
1670412913
755037298
553345531
2132328090
90499858
1762107313
2109004779
923594145
946268035
1811704586
2013829745
629150159
1149643623
329401745
1986424830
1330635185
2068117991
1285378878
1345713277
1720169123
66670600
824414000
254759239
248509329
1309431575
718725302
1975187103
1360409583
1892860999
1870150716
2050137477
1415790265
477704366
455999360
1400634707
568204225
70623026
1362155838
1491798370
1016891061
1026376776
1358144468
1646041221
28536751
1687546213
1484982403
1359171937
1608180556
622877634
557401566
1180866031
689548234
1381815566
1435625271
938057564
543763493
6866925
765761019
1904173077
1899727924
488428088
1806826906
1168034541
966132454
115342618
421185600
1534336679
185965644
1783341439
878651402
1202856706
662234567
89312222
701414279
690771319
1776858435
38913034
2049943256
1237555344
661790668
459861174
270937727
1351338903
1841676740
1706562998
141912819
237956586
1713429923
907673838
2142129663
1465674200
1396101926
1801472921
486225093
214750733
1916815539
907410694
1749087412
2102781184
543268485
480255166
1158154242
1205503052
569567388
1859568521
1896274371
198942176
1898481555
1798733979
1436497520
412788576
111111505
1707435247
1764127479
1952788246
1266514598
1906040298
43261184
832460873
666230488
37907199
150651425
2062332415
1839380120
636876519
129599500
1608712011
1544287213
1878686912
1564009547
2087555698
211458431
574680141
1145575102
781025819
286765014
894365826
979967995
37762922
545616157
268981867
450551498
656727663
1976417115
67195329
462032261
1095448065
1973235627
505293445
1927908938
491982467
543200644
2078560364
406831234
235097116
567953235
536430734
1843809127
2112240448
267633999
1260335027
2052312498
479092430
1835015168
1050403952
1260118249
2121780183
1944769778
92602597
12059457
342902288
361584464
462610955
999629951
190517931
529806284
1461662212
1285965996
355558263
1966955657
1066391287
847540730
362672653
997468003
1254371965
597769769
1565421238
1790802699
294095248
1530178038
2058436698
1554430275
1435006888
390045480
1241961796
337927192
1650163730
1216258331
135213323
1742766327
1228317788
478115611
2104350791
1690928743
1477745562
147385075
73251379
791924126
1433351071
428809642
611396135
352258710
1276350372
974068788
1349726713
383238689
1571838557
767664303
26557741
1865933805
150358693
2084994439
1272880433
1585365581
327556272
367358581
1923292774
1977720002
1583616912
2058506097
1573002681
664451052
389138060
1529869824
207896147
1866883622
1677254899
281147526
511324100
963122323
709957168
1122720235
1315381033
1986307540
2096789023
517624099
222062582
1521143932
1285288402
248620323
1239594089
1435647096
186131114
364990874
873529029
513687386
732349455
649338155
343923740
168482719
560360604
1916926421
832933771
949498664
1299312598
1040829918
668898638
829083849
1321977444
1180222738
1792206172
2031934612
155459325
960103558
1870758505
104764700
1477727657
2092821087
1625908632
615532411
193957762
718019074
2051179507
380088876
1083009948
777224889
893776263
1815359404
1426563044
1237700003
1983842123
1986923649
1007142777
669292247
788938665
158971727
1710122165
1457837304
988055576
884615962
490576394
632778101
769066926
646035720
1592881659
492341783
750800420
923125668
437679222
229225405
1538658079
631636984
947244479
1442353939
1011725861
2030254427
72095180
1905502124
1698130183
1498658224
995718479
1534488659
1338098225
2002861256
56297258
2127036891
14349335
1766419423
1437390547
1002404912
503551737
1927966941
1635183013
1272618664
426519013
1080581024
1764960447
1177319434
2003706692
55156022
1406544839
1394881123
686793006
206305670
689751414
1698518867
89076449
761846594
1456537343
1787206633
113021171
304772175
1174211644
1451119396
160149783
1230508902
1430672639
174499119
849444677
720579538
1176904031
1352996415
501062832
664603396
478131431
927581845
1745184420
95608230
2104901279
1601407464
150764252
1363962470
848804939
837557259
1570268140
1538556354
388592478
1659344590
152919300
1845129822
1299067575
265940471
2418349
325795571
1717059868
162568132
1556304473
1000248859
337067251
258265502
1720828398
1513971282
1611261917
74407582
31091030
2089393348
1001989427
1776275450
37517931
959407059
1230199266
188282183
175885881
2079004206
1025839442
1746154022
1470076912
1414431921
1258014964
1622996212
1112078095
409598891
1888936684
1114496444
735394462
1458512904
1277064576
144215287
311278115
1614131828
402480789
2032106513
980619462
2013742707
2106514095
1011710493
1955652407
961019875
640502295
1993170338
1920426934
1870701562
33968874
2096312815
1802222120
1059808316
1694983189
1124815384
326756589
805514505
600327948
1438834684
1215113396
341780984
405847480
1950507858
1800293888
1682912057
2094723145
2111572004
1149560237
349720287
1996194869
2130179699
215979346
1955225317
994406544
24148105
768761544
1634908840
2017318444
541704830
1358126754
2051287318
490533997
1012865226
963611986
38033539
2137680610
1290368576
843548044
590524910
581719612
2058661441
932305895
987567093
1861685651
585116135
522995502
1808925149
549204491
1672555739
11161788
397915713
1655251790
227141134
205657382
502174687
251289239
974418926
2137083527
121124035
1516123756
1347726633
24927705
2006657753
213108211
988539692
2044691292
203305173
131424620
740755689
793830083
713144232
651933482
1726135978
1700711325
366135485
163768466
76223179
27576986
712972957
1748778918
38738774
1110888670
1256547061
265879908
1316546052
1758721748
517169148
143481330
1748321627
638293183
1659605086
948564612
663220889
1518779192
1161672823
1651760581
1415986836
1364977996
1783185201
9258877
11324431
348845785
661192359
1737460410
2049557111
1027327845
1901228876
2125780290
1054904831
466718185
1727075561
1093643606
1577606856
836138974
1359523514
746669260
447377074
1876692662
890150591
48215053
367502198
402272029
996779665
1030723087
1921051221
10968840
535000020
1189554410
1375946836
170701573
1198813287
1387271267
519547358
1860005647
977248029
421620821
739849844
730993257
399917464
1794754675
1197711443
2126993025
740914633
627834651
815648351
2100438148
1374503911
1263025425
1829647162
117170854
1311240478
49665712
519442884
160536495
1080388799
293010457
171505335
1615388819
1482564867
1547452171
1786090392
533894507
787239790
158154103
246416506
1764487820
579774924
986266350
347997429
979692388
633537377
1545708872
959201765
1374452011
26059875
1774850116
1327406511
1400563787
890391893
1009570025
1517734641
54148723
1059235738
2037177525
214685218
2139624537
182704335
386190553
1607529709
1665269202
1933642724
1246136453
51680061
573398867
1404290556
298096567
190403039
1984065481
1284362917
538400468
816274221
1917900295
2084109341
1775475987
1144868658
2110169216
1402842455
324791521
1363249355
145750701
1334361546
733500349
199899424
246113636
623194226
414584643
238254526
805898561
800775196
1845784235
323684116
586934273
944437040
375364177
1160333140
201243949
673460745
1350736179
37825782
1957823662
1889136647
854100003
1728240309
1825762340
482092342
725625319
1788447909
1884934798
1050416840
1004213616
2030685499
237294739
1737713965
83101275
483408375
213424544
497685918
721662901
1019323105
1298461115
419963488
1343007221
1885395388
1364400529
1718371399
898244880
1565644478
244348496
101497411
1603470260
54688510
1990634058
310086615
1782928820
1668912751
792178958
361070491
1309877012
529630108
1411487332
166606980
412831959
1648782071
1904320946
495933234
2132190446
2117745490
993619153
706369700
989584947
144596620
1126333188
185108521
2029992008
343250069
1903479920
780753240
1908894547
344768
882250651
1364881159
55033278
725401061
1674967775
1837962098
246830164
319663085
51548942
1556707176
849293193
1463036274
1723314157
1262125152
964334697
1480151455
1758058386
949041495
1450413297
604193891
1655411195
292514596
748790511
634260736
477623117
631298871
977510805
233619389
1412052111
738921705
233964157
146819114
2103802864
288997436
872220176
1631286991
2126959534
1119050340
1950950076
31024828
528273869
652759621
1494061102
104104378
1914884773
310912151
1584255833
1525459512
1259953647
887185482
2129653403
767881194
1179700078
730960267
1402141930
1657323196
1362259138
232169088
1890942585
626827602
971090793
2124906743
773646716
927410009
266420531
1645866892
411213353
245896417
617433585
214679781
276921246
1145707454
867439403
1770982348
1249811832
634840528
2081894500
686584017
12816392
1194364499
1573769499
2142469796
1962245693
605985929
725946415
1216903976
115825477
2088205553
1449073064
2006768063
567549507
272680209
1984191158
1341196224
1200090218
103128041
839579468
1611303571
349024458
1457013053
1825983353
625945704
455236859
545939108
249444405
1705048691
1180779636
183855257
244149060
1193596029
1378219756
1817918559
1188582177
1192981801
276420841
1914528592
262402129
392246318
1855250497
1711475193
251530733
275316357
1984155402
88238243
1616512581
1036761973
191366284
308608401
500581896
540390743
1765621455
179081601
1166336447
73374666
725020709
1415780852
1778423358
1905800346
1599636109
2022572418
951912727
830372217
1693007330
2140494904
2023354019
1969428171
1907539848
138272500
214190841
1615306697
1849747694
465721575
1890623054
1686419448
553959818
1359651987
575697773
745326103
1668260389
1076279670
1285716846
1286398196
1255361271
304569645
1359772862
1980381981
1720350498
990712572
1738698679
1172502959
865801343
543127758
2002875177
411325025
536139014
1878745548
233269548
296195214
2017018048
447460389
1911501911
1719282094
913181964
1654641318
1258217895
1467141783
866809657
1833915668
64984238
387586398
762711690
1350701084
1673984594
2018072962
1655270729
886273809
1850971295
1228137579
1876986381
1442186326
253156891
595304076
1985314084
108548420
1006629101
373969450
1987293968
1239898649
670164664
1856828368
1687359039
434182927
1428626815
453057355
2088824245
539361062
1920199138
808150255
225793082
1985183376
1195736653
988504773
1188400812
722237600
859094087
696187894
1608511409
562581734
1924325473
1338014142
2004768060
29998716
1933318219
1842598496
138547136
792463672
69084298
2125841104
2032362322
739248962
1835185825
1572237713
1173431889
1116328992
2025295068
1114772487
1655690054
1798010559
1922922742
1881483136
1635710287
971175747
722504261
676627452
1693413347
1581598348
1372815346
1154441108
2144180082
1149657171
344971603
2001464494
1179655888
130806174
1696579342
1318203024
923269846
1765663640
1296560481
808148520
357428954
984262658
232902585
1530860844
2100591650
110714006
498149683
1608798056
1908724565
273588777
1342797544
1396951204
1244764524
2065301806
2073578656
790694224
1499416506
1298910354
1945135332
1496112941
301083878
142623287
1350093787
1480739766
273429461
899189482
651459142
1196699308
517369474
1948019623
2004847828
874798429
784798633
90266766
258175625
737906635
200980772
756325308
199221043
2109705337
1029914085
1542018588
1359172893
127194961
1459836746
1285267902
917889185
811769604
436694608
715540870
160398897
737778486
858164157
1510492685
71034604
1131593619
262198519
722493747
180809279
779567993
523029722
38173459
1654366422
1307828356
128440225
1912542047
2045734991
329420997
521383707
97472387
291642686
1551297792
1639490975
1650815580
1678492754
951844073
788599834
448898291
1763613677
1225294442
1164439161
1924012575
1963072929
2022603319
1287021612
2034107533
1006713290
1549220131
609117632
1187522569
181304476
1132147355
1225696028
1835670899
292492063
1354136254
1600729298
190743406
1683557251
2122113006
288215793
1975199938
1525927150
1927706768
1478531870
1056936256
732067193
119648056
1505834548
348197223
1344942498
522790061
124726150
1160531779
397909732
1411747762
1047155665
1404623022
813484245
1656273297
444661943
994788721
640937004
1670357972
682975972
933429067
877010578
136221623
1124172474
413084181
110850981
1412388267
240800471
1636778131
1192611388
1719332341
546230740
1924678581
1838980397
2052065288
125392156
1036439248
427371701
250118306
49487379
825281434
1661866068
1096643044
82420808
327866665
605432694
527082752
1322655387
1246369698
49957076
2005631359
32315118
926967654
2141852982
1156487592
1340051835
105220315
421392211
1580852307
1741998447
1614003599
1152701000
140745539
1391198533
844197750
45327179
1516590689
1880636998
472698880
1766708996
1930124377
1297980314
1281091416
879283774
1380401123
1608958082
1484716468
1907483875
784129821
583602518
1957440951
642277532
615917636
736924957
636646867
1772405228
2076976792
741867182
46313792
1510345451
336381981
1660317391
515562804
477127520
904032276
1359760554
522454699
273139318
1092913904
995153580
2039848314
875554633
145650246
1173456082
1754838407
1526051369
634930516
1092071227
1286051596
1419060337
1675673746
1096008899
2061337870
144107734
1832933856
550501089
1916512963
1762427001
1292368271
1962826755
1125288804
1628750253
1475660498
1640851608
2105877773
232209127
853128514
480848825
505348445
1946042418
1476002405
397713111
674113404
1621652651
1571169193
281468163
1000220373
58616062
1373539391
138788321
1477676399
901729489
1234797221
1391530621
1045837223
920247429
1942031710
814866538
535190782
1086916334
630209645
1660479587
568182939
2105870144
1153847547
526577064
190595623
2006976062
1007425889
695944068
1805534832
335944646
1093657179
332164588
1957597298
517342724
613632752
810334023
575958786
1987172143
949122344
2053635186
741417984
36435917
1297682159
1787255207
956683347
1092230222
454638098
1491874129
31662908
1084847743
1004870068
599845847
1043234239
11233968
1126422911
1233829862
2018210030
2133848801
1929773930
1676261214
322309799
875947461
2008425803
132423449
1393290186
474574907
942757472
1969248972
314263402
1891879817
1875400510
1055681386
1928315734
1025599022
695452945
737515433
2117829244
1150091043
81905915
2008504
87455139
1086775983
601854351
1130689378
1098009951
1728277262
217035593
968736333
1714642415
2146809523
497513900
2036952215
875273337
358456055
21892016
121079875
833030962
964649489
2090328847
1147294364
709045658
1818245710
55492102
489877744
696361084
750945047
1227393178
666706680
1901036091
1309299093
668715184
1988491230
248591428
1270569535
971696960
1346601380
851363149
1188732553
167854065
418521917
1188058429
665367965
307990484
2063331766
1023824020
329882500
36927993
1856854982
1294531989
2127256840
856665698
2003577647
1798018902
912157800
345971744
346896338
1663102848
1573364922
1013603018
1416655291
735180367
1682318202
1257662873
983771795
805404089
81876185
182889527
1656767239
1270608739
350743593
2075289156
311183520
1016111558
235795992
227031638
2039935579
565678492
263959631
1749306913
1860210482
243732823
458488964
1716304481
2041751726
1370646764
2062276225
241164416
886265964
1488157499
1254767435
155437607
75854218
789601989
1413100480
1059626014
1595006079
1494976666
1242515541
1104289670
618101757
1593259134
1032095178
929285277
461887045
1267891170
1156316915
354338976
1833569662
1420276546
2103645889
1546296496
1664009369
414651205
1115117330
1558277447
1785297970
1029909907
1799441864
524080286
370583759
906725651
679517894
446437977
1696327640
2092618374
1506063991
1143850071
1440111392
601095885
100656093
2058213149
46871371
1132751271
840014778
508758416
253158793
1996331693
863097392
2086728456
1269124591
819259634
1485541304
785650313
1233910839
453174986
196444112
871725161
1483084894
1995885976
1395805448
1853668653
755127979
2075323342
152622982
303971972
2020458068
1658686974
1447822043
1313085813
112299211
1548478137
1223815314
159170582
533745760
2063830093
667928999
786904554
1912678138
1531026391
726149362
1034319082
202802377
64207018
1819969395
1436713217
517382005
2016413507
160954730
2000466899
1864815836
1556760178
1706651904
472460167
1484599872
1859274886
776432139
1357574293
1370478212
76770535
523176458
1482777423
1625248672
1746991772
1641948006
11510784
1663338217
162393357
798415338
1428532708
1693419748
1524564700
315368142
1896222126
1588771719
2135337537
1185451695
2106153724
2004267396
1346406425
1959136975
1721599584
755682956
1518305231
46576104
92799180
1230096469
823008243
1450373473
453091034
899778778
1973549931
1935868457
377543802
1573058056
1430332815
389054587
1088912625
1592726172
1187469925
369961685
1138662273
564550978
685329827
887400751
5839049
673183716
2072852446
2111992773
529967465
1271775223
1923646100
104083401
2027458179
1294467683
150659505
2120257360
377080504
973667749
1423147185
830171538
1873446527
1249213469
618556348
103506682
674787877
2048889163
492561269
1763700502
1494131688
1680031194
2133662188
485310313
97098524
671508367
1372711064
102937573
1344692084
1298079862
67446698
1874659549
422371437
1991092798
1978742950
302345969
1138076833
2129402456
275119681
1515157338
955586557
1698266866
197845228
681549436
799996687
816401576
785056118
1474784564
717807092
1277617387
1091001419
64455132
810164934
1077179959
549765445
907263458
1748688326
1922476509
1010201032
945896762
1073072723
1077647730
673072663
1495444160
921256881
504331966
1797790129
2059333714
486250774
2072909810
1427007404
1441837331
1623693029
1624852633
2123386767
276206068
293770561
760959238
1750990633
1011577653
2038576625
694508404
1076032785
701257911
1771688363
1625798230
1608521370
1372893041
1400791091
471238754
171306156
326380166
1548886484
844378819
1821824327
322659717
1348710785
1472130808
234509784
1834961559
1397556971
1661517188
1129315242
873766352
1138886173
1105218362
1149972420
1432656735
1866177600
753479405
296750740
1757270577
1447987809
1372783526
311044841
1072192524
851098108
1919566211
297601918
104405552
243321317
468908074
430785718
1792207801
1313286893
105126397
2114867519
514514031
1577257206
201893655
201991942
827330529
1863410843
1331307185
1701096881
854813369
289041899
703585653
139986456
7735851
1457065059
436737196
1765006428
757569220
1809520722
2076051269
1829761745
513135183
1848133832
2127363663
617540735
2091455149
448788089
1048326453
1736179303
1762074982
1153452851
1703563174
129105365
583226409
1905456829
331097308
1410556938
1621384024
1662404493
964170171
328713745
1951446392
1667755824
468700201
1959182243
977337235
905437398
1576705023
1734906456
567474472
1505272645
1417184553
1080609655
1205922829
1397064568
1698150390
1149894331
1845852657
598993196
738589986
1460443991
1752446047
294669512
1589549357
188188808
52642693
1920646665
1598745746
1674026717
1435567510
415432269
2002740463
1239530254
2083188093
323957016
1051228849
913041681
1229394414
480450224
500464489
1796868887
1985722869
1917649042
729994894
1044162051
1167229962
280661637
46572734
865598971
879654833
785162720
178559314
484617232
1079832232
1768108671
672806040
1132474925
1541271688
124068138
659017994
829355550
539500407
514274809
2068885804
475204852
838231826
972631005
1388246533
2067626240
1453081230
1888711022
1717011479
1291320451
1658876416
299522726
187998854
678622730
580184363
234571588
1544221701
1459839196
1019734308
1722781016
1944456428
2099566540
1343406039
469778820
1084557817
737194080
593846958
1743575812
1566549630
1133347365
110366973
1487951787
1608552217
948598799
313099144
849315103
868741392
1766180374
590542477
438269223
910017178
101935246
737791949
1098016032
780557976
1317976312
1332587621
177296030
630331860
204838281
1900077046
427304640
156921174
1095999437
897083460
1241478991
1833193517
1490930418
837571155
1252259500
476794135
947938129
592727639
2085346353
1896536928
905826783
787177808
617794672
524523510
1377720285
1056063896
1434540688
1479655531
1793855845
385073072
112729860
964348510
1717660693
290025890
1594680370
1922498975
42619288
2021985011
2079420149
1138618725
771584823
1173415492
824328595
115031594
2010986648
2076588095
591825729
811441129
521832086
529688434
560494409
1427658869
1316866242
1178289082
1952182379
547102880
86869330
1239239419
2026758411
1880725175
1624312492
2139488271
697590037
1194489537
282030513
144786760
969504864
324649801
19288123
901441365
1463268527
790872946
2074856858
140113474
905904540
1938359858
69217921
1497730270
602317339
591050007
2027418704
1162811748
2018708876
1196801299
193617182
1823407608
1743904179
280486512
915163379
1623178942
13728040
391992223
1615183566
711318077
1586481761
1897214079
856104837
408502977
74380233
875392960
1309944343
1537648760
1666265907
1237317553
1677762234
424686799
1028193763
1746980155
1922417069
1630511102
190546514
1802352126
645839202
61771742
851669777
839456385
1885179350
448090308
1119942897
652859082
2071269250
1133670937
1044851305
1538969168
1844989015
483849418
1288699600
553610204
892352396
1363079833
1429003165
54813091
753244945
947785424
1292130644
283523531
1372472223
172840759
2030503686
1147405645
1803351861
73566552
802274123
301707415
135338294
1653943900
1141163800
2020517645
2102034208
113623050
525893079
2025819810
1247293987
1570744384
1417305331
944799354
2054593803
558521283
1498409559
799462551
1921601116
779929076
854275642
527362413
1727714500
2146406286
810885944
952703075
171763397
693905982
2100108720
1975115258
767472534
754899195
129339025
902810828
261359447
1270502826
775844825
215910007
1384125876
1301737904
94246170
483936215
724998641
1511551501
1428735570
632108796
2070072784
779661481
1431571347
1844190252
1559590557
138363341
224069017
1139821409
137285979
1034954961
2092524484
309049376
1728860943
2045149557
136680986
348849829
652565104
266020011
1251660657
913924552
1536522837
2027505483
1129834559
773165065
1181759739
1224080729
1257101281
1906758380
588148582
538353203
391383528
510737718
1318014684
1822954875
207444322
730121593
1961318216
431513339
1869943002
2098604195
1466468300
1814983838
260169923
1047845595
1712649747
396850909
1396695424
217731204
662870921
500872434
1131655756
51910110
380894269
114006667
825075176
1562654008
1338087397
2082176457
1321928741
1926235979
473046012
1713312269
289490050
1791060696
1388783497
496934372
373698641
1202618065
928447712
96157995
1153738613
247432364
1911141833
1413908536
1295277960
1476307933
1810759446
544489736
1694039137
326146719
1045362170
678211245
378056829
1426256439
792217912
1203132005
841426800
2130305309
1137824814
15871893
1909057641
1610870826
1729184162
51064043
1254447874
970484011
547998415
1628146515
25618429
1476446127
1724304510
1179357042
1723878492
1487962696
445781930
871672804
816786981
109057728
1416162540
363342470
435204447
314041063
1041553715
813261277
1740297502
1833771627
2016393282
434240654
1816593289
1006734449
450112547
1578167282
470121627
31813062
1629231325
1724569502
1002297073
29746092
1205232369
1027915502
1506192220
782053232
59788896
1082587064
122532280
505570827
1954259868
939319261
614628555
1222938760
1302661731
1049833003
1536979823
196731798
1863094280
1129793678
2030503425
1732003914
1564034332
1699613066
591254715
2014146880
1130296700
1061376343
2045959942
612044377
638462197
900773367
641790470
1843694566
1928688870
499042
478264150
1988477766
1083086106
600796430
346564945
889862326
1540115691
961193501
2112801086
695293774
2011026504
1502297262
892025572
1726637136
484607292
775045350
1311157402
2048641624
327174768
1902412118
1915304856
1457471469
816304813
1813781150
2069515846
1454767010
567070870
563822668
1150977928
348276092
564321710
1629242079
189270210
1647407816
82554861
535835156
389786494
1622670553
1497028657
355103933
170480679
1360571513
1857401195
1062506252
939725001
194524839
1837551602
103398755
95682815
17242722
2005810873
2010987672
1474714191
674632038
1677285174
1396746390
2129399048
96872396
1960569058
1132893329
445148488
377407121
614651760
634418699
2024814937
697206621
1170253855
267117784
172393526
519798864
622221717
342874206
1880370377
332139264
1405380458
672611730
526664103
1095448412
776010485
622346918
1112691134
634337711
485850942
439921678
1308969749
15652469
1836668068
1290885150
112524865
1649753478
276294831
557673354
2027160599
890946591
1192092053
1904491889
1588153212
214862260
24126025
1760546739
734661124
646347742
2103420945
467547853
978487006
1361317755
1140159583
1505151109
309282519
1916170068
2127498027
1421973653
403024131
465865322
1861895331
1711993881
481517791
1551079751
855395383
594042656
1053349582
1131690214
1151716010
933026533
2022636805
196324415
690034774
1463306369
411186675
714160799
1076369460
1145847799
1360508541
1032306757
1613395652
191511899
246140864
606071587
1696663008
555423383
374758008
1676677388
1977397037
777782139
2142542710
1691808720
342292372
476576853
1095404824
1197687755
1070619509
1270758
181894321
74851872
934297291
57047478
271176287
1624332066
1520353848
682362963
191009217
449239660
1828210762
1551517759
1481546418
1294122767
1743029658
1727687282
1900194354
1292209019
135627018
127468714
821402759
2113024055
905250854
816461821
1657349127
1247543226
1293038674
605270303
297747334
216174535
606541061
479641655
291026407
1540838353
536689134
562202695
1017686771
2057042982
1244565658
1208695988
358798994
925292772
612730099
1840345412
71931891
208276110
1420549047
1972126246
1500485129
1556176065
2099594960
174404240
1521716472
857362166
990866061
1031581951
2104905393
136421087
1636852255
255169079
352595622
95909668
734810734
643622030
1636748021
1271499868
1205824725
506951144
1181059202
302906735
1715647133
1539858197
1228199507
180893584
1232719961
1300131399
389169694
505785360
1124773997
1889654823
2061961425
1076885309
2064059063
1436194249
1934247476
907441476
320292553
1891669221
1043862563
1957144808
2146838300
1396458186
2053054476
734165386
2040080216
1542318850
2005665255
1098421293
2049269994
1039240809
1401328028
1617433479
431615358
482043887
1798327064
1664335320
1782175286
40013110
22637032
759465635
1929667934
2084598458
1836350945
1846243349
1373309059
1623114773
606201178
1693601612
1367300346
1650063741
1503262772
1366654998
899038279
1408833601
2100820384
791634847
803668803
1959001991
1890056140
705455149
850759153
1143900520
175404981
1282374511
1625944408
1973732045
799226183
1260636046
2013745155
821863216
2020101682
1795929441
758978026
1708968979
1494689143
2132287085
1184600104
2100890321
1678405050
404416802
1603470414
1034184174
1771071800
355025046
295534127
1724408536
1146659893
1099202930
1535926880
889232386
1804658080
239202385
2033132906
1980063061
1521576896
1511593666
1806311458
173319432
624746065
1672572965
995182648
497364099
1321018759
1754160674
58849430
668224254
1738964111
1243449534
621630927
1269885513
1647866336
77617693
156586040
1271454488
432642739
452120167
848379376
1579302633
1551323098
236822608
321051371
1208497530
476024993
206700629
1041076943
1997601890
1718294296
699904753
23437674
195556713
224994070
1018620322
692920812
1546012829
625297348
751770242
66753435
216777811
1995219776
688384362
1486663325
1495602464
766002056
1643249365
619573304
1198644795
2095369532
1467952680
630463780
1499208982
1704775289
951515151
560222864
33316634
1158215781
1601299807
2030918524
729026429
153720912
2054356198
924583142
378714983
925492872
1617503954
1924727812
1550790220
221790548
1991481248
1767568032
69526676
532381962
1106747709
1565129140
1298384018
602513426
37218796
349545166
550399310
1505171476
980008946
2049608293
1062463117
1931524098
462347509
1095779752
942256231
2063647317
979214628
1671282660
69884581
886087179
448382154
448599564
1811580051
2065886108
225843729
1214886624
140193008
69841329
834971008
209719684
602223291
1941718717
1774848824
1900607310
396748495
1812067620
102668828
947147805
1169755448
1082677774
849272450
84734918
866718224
1311619960
1180514670
1808974455
1227783629
12245650
1332773467
1297668210
898332829
1781155621
1746267775
562429233
1699558081
1972111504
1777315857
1839751089
2041952833
464803217
2049470773
496692476
259038286
1676835949
249816138
655786781
1341419921
352484966
1602934586
363691722
1435162741
304723389
448426640
154397317
1616343349
1628941310
1963371773
696643330
1641186960
1148661592
1994311540
392036142
782333566
1593095667
954465375
334407999
1417723523
584297584
26675441
1312192708
1049100801
2076146214
1808885185
1308139087
1605498516
2058701323
1963925868
799434789
263702642
1419376806
1163126511
1698865383
1724100195
1611553151
1853262700
1192959896
1093010813
1669150825
1889603226
586714126
670328770
1736431119
978750268
1452662336
1182043138
1933215643
1787070335
452283014
370029579
1813745776
1764475722
1419130380
1742408343
1425877259
579785819
1200423211
1337094935
396228039
1999858000
1600797577
1815604845
1015500864
1152179312
1392221393
479570367
857958364
437697641
1572581181
379625542
179817220
11811659
1049954312
1916248339
990561927
355133000
950807829
776293922
2142203335
1403090843
1146323501
1808465464
1020082918
417970233
1403390159
298476529
997756052
456329722
1635571464
1393984091
308704074
1088885393
1062105288
1324204938
93581057
306843033
1803775306
951539422
744540675
1228872839
1331164964
924357895
1240684498
233635628
693122586
83762777
588768628
1643930415
860056699
583488315
899537611
2006380200
244470131
1919620529
276866785
1647860290
70613410
1274622837
2104190012
1706184875
521123280
265410439
647586620
1583228568
1589615377
741167678
1890071602
1245907035
1692707100
487128629
327296226
876388416
1411486524
1567980724
1110024044
2104609110
1651743501
1698792672
1601055877
364316552
134797339
353109840
223213104
379267471
125246721
500079889
2027127761
195860132
1774702726
1983834126
1902045007
148342358
101760917
402147979
1731570927
1691376294
1143315657
1474158881
789799682
688539109
1961287510
1117095908
1564927525
1225290386
537592985
527467921
1182415848
41852838
78776945
635988077
406169391
213574285
989097918
629382495
592841756
1114344639
1129462385
472485869
1310204771
756681463
308836347
1064766130
905023822
410597264
1466914110
489111101
2101973559
462746119
1963269982
744289593
1151285229
1777073844
1861385501
568729106
854880582
251494838
1096197028
2037296430
293347677
1174973973
525800859
699517068
1388548258
1514898777
1328899563
1981390014
481759769
310878300
306392236
1791964540
1067559764
615228583
709247023
1972583586
1025825848
28677485
314211039
980315759
491423604
129997373
1724605352
1642708833
1907071217
1438507205
63954292
614468151
1690002044
1160151320
504280933
1983349721
187641645
1030081792
535383141
1576189904
397496922
1864282704
1410096270
879256691
27677357
1716488506
523737583
1095237121
184233442
1232984606
920337059
1210059290
1261662091
1234548098
42891401
1753085696
1364545471
1767496753
1248310881
1124133040
1058520310
1312265173
1738601191
601038706
324932845
95398476
436904779
512574491
1125480268
972287920
2088764395
1522977190
689086977
1351377017
254750233
716764334
920381876
778487817
1812001455
1104615318
2011472423
584854866
167190960
1125650867
1819402964
210082361
731252915
1036464787
1977579114
1979563796
13114179
888615776
1144345322
1751715370
1489654483
1469278167
1847113846
1926559262
1981852658
825110466
751363535
1923133405
200604009
1440450512
1127026775
455354242
9731198
2047408651
1233842059
1821732653
1004540321
1097830835
259103871
1171731281
75998054
2078506835
1381813642
807250969
967487974
1211909108
639331117
980602153
2100524884
1783676439
584833875
1442695719
1105470959
284464073
1221771334
939839969
1109574539
1973134869
715489727
1310178548
1266101733
1842516502
1765532791
1275832931
1742441505
851891202
950081936
599498178
1949722037
1209185807
1771229459
2025720091
1140208994
1005559453
685487412
2107696968
69984913
1324818530
940815473
23026149
961011321
1525649348
1465721869
2066482280
1810113421
540009555
858838602
772204312
365660776
1574328329
2082382861
1631762509
1269361183
1700432004
760111792
864319040
404839558
1710193728
1463817218
207077948
771895887
1087563029
85314391
1912104881
2093122482
770801804
1872318201
15623747
2095620334
665650026
38649896
909148007
43815726
1504371765
828146640
1853929147
2044381320
1686985242
478649811
262558448
1113829923
413549024
1894320957
235707458
2113981028
506949101
1100026498
371336939
69659181
416360068
578414887
841555068
1503923097
663729278
606176301
1449561931
1434531082
331010854
1465185678
1382667768
996660880
1503835574
144332128
1040476606
860723692
972478768
746922105
757621364
511980362
1225571917
1020179813
1625810285
1639120941
767017122
1861517743
1605618322
1273966224
814060593
1976955261
1343625405
1230420661
407886500
37696826
586860110
1071615778
643873127
2036422041
358663213
974883982
1354124071
1741330981
1971544862
710475997
1885663109
864537821
1571199689
710658229
1611459926
181337406
1222638591
689548195
1201517219
700965228
181185489
1968534341
414999323
1786803811
1095016917
1229059916
1616275424
291158675
311996929
2024161924
328855501
898857039
948294054
972728628
787795432
1306957267
1947612610
2141919503
900804601
1771673825
704911853
638984062
488727998
128627894
1349642292
2100187924
309965300
424797235
642252472
1511482519
1125762464
823437961
1332533213
1540761787
462758124
280066482
622338056
2079033548
571225157
934334985
1955711824
900080658
1833192025
756522230
1872809287
473503809
2063479498
1672938249
467939665
816800451
1297128426
1172851518
1455784513
1785856424
1301479412
657943157
1738560701
1611444713
1082740393
233329525
975443584
61019209
1056767486
160493149
1601780996
1519525610
440559632
76635404
1451075510
1011784789
1010970390
1259303686
1911865448
696678767
2015825916
1637191087
1170182576
1931821766
1162645688
1638122241
601138569
312290467
663490111
2056923083
2098146891
1964969524
567382592
1689223944
1428930589
1650122985
1922553469
256890525
1711142194
831837307
417383675
1165439543
203879269
857943307
1242074947
1654954779
1869728096
105561689
766774817
1634109896
802240456
635117086
1123817335
1972423033
419455204
138979376
1463061626
1020593774
451269843
2126551738
930033209
401933086
1944037614
1497415801
2091157031
1225484555
1000055139
1866226852
1482375080
563713685
550580512
1899758755
1729153228
754459781
610218414
823744528
261930913
332462863
929306217
1028705730
1966572759
1731546674
1663822816
942906447
1556486059
2083278021
1081885823
872064037
956388147
1533155666
851132127
1886421356
1935088752
647686093
1236353509
1878762135
1873170648
88925000
1597505340
1208062081
652638686
602204
960337188
234308266
755061985
1570555603
1058052794
1016992898
1903018466
1987359012
2045698629
1722107577
1571422038
1562037797
517530376
980424449
1497832170
1599416199
1852488486
306736669
985088217
556136966
45674377
772693322
1203823059
1282027887
503971809
929510060
1370952887
2101477149
2137572141
2023591573
2102079353
950425681
110416192
709657691
373497636
1168468986
1726650589
129032454
1008344350
1624865570
1851140032
432282740
1039419720
221186760
1412707189
389768242
1820602960
1117712028
696504912
658207529
1673848994
742179289
1430900851
730188405
2024207176
1934872661
1659698465
1247676416
1888866162
1649786958
1123784341
1843461868
452728992
1234200533
405635911
826226628
255185872
2132286500
955259083
1263530222
1609668423
658915467
1695812963
501604495
880102227
961036504
891372737
553221539
2078748532
1587877649
1211429069
1605113878
182573291
494846272
187818636
59296819
282235285
1847517101
1306973235
23617800
1349820412
283273929
1867079668
1802549404
1517474462
125231931
481292384
1772660334
110034783
1436551467
888706909
1719703206
2095466934
437036224
73824053
828085514
1398072728
965196791
1381307053
1329337613
405590792
445252474
786967843
588164083
940098747
974786479
647460903
1222334032
674819933
1954434138
1245951832
2024640345
90224419
965547852
1679706101
1607698882
1090779783
13514837
1232875568
1200814567
1450066305
2121582477
773034125
1398049591
411135053
846858179
78651457
1809207782
1812054970
1459958511
991061747
70162114
1905210985
1778029590
658326198
697826084
605332422
1305787101
1920160117
1280152355
1112737591
1018628301
1157309052
1202962011
1984176154
689531505
663177245
927472289
703046342
1896052813
2128286856
5628999
1870151643
753837334
1403678591
133803048
1600695513
1482330048
1943010830
1265266835
794804911
786588929
1335428949
552532249
417134872
1993755147
1250358333
1022467294
1152058600
1023034802
155136001
117312544
2041663104
1312445053
1320274555
1878355610
2001976558
1983451800
658344251
557539252
1732020965
639147460
563168252
1454688960
1392984794
1966846843
1588492009
846196659
1301693243
1384019191
2111463494
2096498155
23124473
1299408795
501546756
440259345
1145680295
1751905089
1462726639
150255247
627456244
1617862640
267567791
521635700
782824045
1587842346
252507662
637316955
1423810498
910851913
1194856207
1008347816
1549999373
1758024459
315553128
795500519
1577387654
1904045137
1641697178
731597250
1140580681
1605677024
680611757
1163705154
757602172
1182158513
1603964499
1903282467
786579954
919207490
2053537714
1414036198
389586482
173621858
1935671898
1172410527
1761464204
40695912
1809727482
1037791055
951547826
857100041
2046138871
354063551
467640853
214208351
1149564071
2045028507
2118253489
643777601
629142109
1111350522
101970978
1309753866
127572028
859573150
344428731
1731536527
615371969
1131008686
503260369
521426035
397561236
892846851
695047893
185749487
2065257378
309028450
226445399
1727501212
1346819505
1177993225
437117605
1245474728
1532056777
904758458
1459683079
534137200
802303318
1430452920
1177914801
1431445427
394319794
1279885779
593715646
521891822
2139458929
938144377
105944701
607347250
2069153063
609205070
1128773286
319230652
1502051921
1823821179
504980139
1419825651
2132849629
731425538
999843215
1332185486
1909418764
1436960821
430176566
1293991893
194235631
1889859646
1828129093
996538949
1172828918
858560246
280500729
1567148713
2138446026
874216375
2089040535
2130421307
1812360752
47501589
590284910
1734030168
656706659
1719058196
2053260820
11274933
1395395727
410757311
1431100584
1380761709
1142182849
283460152
565463547
904117965
1720420973
995640114
50626210
1914656604
738016112
1878755303
763711906
1910845030
589831902
1044212635
1330510095
580794280
1918429010
1272066983
563731939
1583306114
1319568572
1154016849
1169852634
1976275231
725591397
1075629806
1987550164
2120987125
1486387117
1271167101
1354265186
481086319
1554627253
1919728733
1385204284
1127564578
767885199
1435830495
894737534
1505901311
1167102150
1658449440
1269262694
1756934052
555178427
452289141
190244684
326123789
1724356124
753976624
1909429904
896441048
1907993473
931798890
725232632
486101223
2007428697
565299148
459604700
1346332166
1836466249
1813869886
1827418485
1243609854
1586114971
1065139122
223690784
206516523
353485969
1118428319
1712417834
1520588119
629394111
834196880
1130038524
1184572539
1286486022
1320283208
1510696328
863358498
2074259832
1272642584
1759799547
1834769658
56957827
337548531
173387233
2064386524
902847679
632991933
1263235042
591830281
299378171
943169880
1835440135
1885493142
2008309002
2059130920
2092009665
214311323
1030075591
1656943852
1734899442
1659469702
343657084
717454318
696558593
1630143106
2037737527
59771274
346017957
1964513711
1332413858
2105817504
1651799721
1389371685
295882387
1825186954
1306274561
1198730066
310695239
422025956
1790560347
610073410
1365195836
1478516835
348082905
1226021190
1390164107
292608922
1440332513
272756050
1949552774
1027748307
1932225752
145726211
1745202626
481300698
1775869317
1635456505
541071972
2121887274
1452486568
1873485830
2080221130
956802642
1115373868
228619869
634505948
274164781
1427349936
945201188
696190737
1070426635
1555274598
2061386573
401459822
1903357503
1139924115
1791623929
48482778
432772980
2064379979
1998035552
1460521288
1849122084
2143761763
1058240266
182939134
1772147433
546213123
724011106
1746551059
1998699691
450013288
1679288542
808018685
1565387156
1907908411
1442524634
1839551938
1187774699
240242174
388259027
110717687
1795516772
302161953
512177509
1551390628
1442086068
156317791
1599873406
1874859049
73214122
1450425310
1187896689
1922336206
1446703426
98653307
2105275340
1071367211
644866430
681802798
670434622
496082473
1131816087
202239516
1304101159
549719595
2110147928
599142145
241787885
1150438979
839384319
630046913
1261156666
487417443
932208866
1773334176
2038808071
226811286
1929651967
1491197829
2101670335
2002866089
794139492
1142083376
1777718648
93359270
1240736683
1735510340
1164726481
1885603113
269829491
1835161103
234201939
1401645578
2037400620
1538303098
1951365173
2000064900
2137445243
45669411
1003020231
829345914
675716324
116693250
1316763357
1607925190
1890027426
1208087781
1834736476
1672195745
551801962
1788923164
1527578186
1345941454
783522892
1157813186
1439300724
2024259576
745839879
456543557
1762379041
1015669370
144221013
1996580980
269831300
34137985
1387400430
73712825
2034202885
1377362025
119382236
889739468
59224291
795098560
1006432718
1375987649
255540102
748976496
436591782
2090276579
273688593
988393744
1731716095
1801266780
186851551
367755339
811596318
1626152275
244531267
1557436197
2082695833
2006910309
425621919
79433198
1856007641
695453219
113571183
1095924424
769166045
290420
325802801
888548281
890029888
385027093
1683646842
1896462607
1761014742
1939186944
497955455
50122876
1881979875
771644049
1038516620
1466212322
425427181
1225368171
1833967662
1237023499
704036799
2078498929
646976049
639248984
1937925590
1072597968
718682182
1646449584
1768051188
832253365
594890360
389733585
832543785
920693161
1278281866
1722573673
1305720254
814445060
1471552632
919251348
606148357
1969508088
969374224
340644584
593668489
2007890845
1806856907
1019095670
1085775368
1493340921
108635521
1789812167
1424356202
755611570
281577503
1214798145
1828209539
1000259685
713764081
1448777079
1832513050
1308654441
1838510664
517573187
81863954
969308882
92663213
1387584209
1783753943
1564215845
159351909
242418652
1386240285
1128726134
583063236
1979908774
989133331
242436495
851520796
2074908699
1735777416
960156318
1717237219
1012649971
1715767888
1998814722
79964468
1396493779
851590760
793728549
697787210
536620162
2102382990
388814226
1054193350
36763296
1358123109
1146856563
1424347505
994393404
563588760
1583699415
1236812056
1949829046
564941901
1819875292
1782254172
1554075232
2062311788
486291321
1481500283
1650605556
1446447639
1051253854
515771879
1014731879
902584929
595736347
263742011
1754175689
1389464896
961529221
143312203
1344364238
1350343448
1197505553
1381127535
560982909
196878468
657991392
1555376313
760467229
94207159
644704721
562812627
659149060
317096365
197583151
65740644
231924505
683874472
1547240928
1882530062
2130322111
451011134
250818293
997570343
1353596063
846554641
1261312354
960288104
88535889
75357927
1103600308
1432900128
1425701375
153622213
666544015
1986684284
350500682
1324535407
1394576949
1110967911
1418742567
2039281670
1673780538
2077891627
208894388
1871363689
2143632272
440818893
407754514
1543389552
175865307
390592977
1994400686
426683601
1388163320
1200513102
1273238242
501992026
13317558
1361774131
577349954
1116917866
647190611
2003051329
1270540080
1313734626
1842251966
1621040762
490786386
1089345267
584525025
1909528953
981143290
110821915
1839936932
1190037678
1982185604
1836085556
1630856571
242456470
1231991460
1806721879
633049448
1078908499
85921832
2021212768
131937953
1359160074
375721147
145255511
573450557
953071101
1262173378
1220641169
808638782
385229810
386892147
503407100
2006270572
877678533
1592752368
443311949
639723838
426412010
554133864
332177123
1616449688
388835820
20779031
1099822611
631292291
1252770492
759060842
1264341739
184195343
844982674
1138070859
316133296
56659100
1513792006
461388807
630109658
319379459
1723562185
1850750827
1128018242
2108791995
90159326
1631425342
1967578919
967837860
1076694062
263407220
1607561698
1503106072
817541084
1939738821
972072112
1206376905
1960517853
2071894724
1837669196
1065804697
683471918
954527287
1250000040
1528454593
2092598146
1566133336
1585113693
1458906505
2027522143
67739703
1778285964
1603600681
1918490530
758820558
1564909028
2008649857
242762253
1385004300
829004069
1319456315
1648411520
289082119
675078740
318468957
81337293
1647150852
1524845862
2041855146
1571561928
1215031410
960176195
107550199
22075049
62692587
1636004792
2114673195
1628825923
1073634837
1426096052
1508864418
1141374541
1056898369
964981451
912381423
1815718927
382406832
773547632
2058481180
1767411132
1602551701
1230453848
1268339004
1891633821
1905532588
1586807961
1972971114
1405199792
964170175
1867342612
829278073
31717937
680035159
936828272
53792986
742727746
425349416
20982534
224070021
1498984253
1447078586
1732934439
492875146
356493307
550432243
1405256570
24728587
932839075
31320554
2083209767
552766559
1633872256
1166179967
1821105563
1378022429
924228907
1260429877
1203509895
181945052
77116404
923368859
1011223125
108834342
1603404018
1948051397
162627328
198648116
225917165
183609862
422718137
1724901418
1630688449
8168928
70292917
1987181756
558601171
1475549487
2011910343
1491440246
1506870041
1947636463
2044206805
993258649
966332782
1717828721
223797430
1890561690
830774950
1427307325
2072506742
907891354
203192536
936246219
1016725696
1806596554
736813968
1179353025
2005244670
962731133
1362962887
280479159
540148903
846167688
288648088
610441820
685865797
847249259
2085991307
550292492
191205858
1445377701
350445307
87929015
291152702
1316778090
1805757736
514950133
1059856132
489049038
1942257458
984879226
1396940393
2145449995
1921125445
266182441
1804562901
510455765
1445535466
1662323924
1473186898
661014706
1942803083
2013335801
1507182394
83967523
476293974
45564543
931216783
414801633
595857036
1122422641
1860179334
946302343
1210351656
3848389
115596785
868625745
518798522
1175452917
1357674783
313572332
12848495
607131528
311538679
1933973940
873313970
2116101581
296946057
171365788
1630941857
1770132955
832380494
1426261292
1635985109
192079241
1510228816
2112279083
237643784
293961951
379597068
833500820
1416384592
92292755
1779803164
479252600
96141144
1895399949
1347878345
614939666
923369219
558069481
928511998
936217714
1165201009
1240050678
722708007
2038514979
1208668611
1019654064
62397120
692126820
642303372
894777614
2118388112
130804833
1086856855
1481133280
95600268
1324500640
1775095231
475197336
10517812
1043996175
567490091
1790320976
1523248776
663631235
1538237278
723643473
1278570901
314122849
1281712954
59599252
1250340563
299430316
1299649930
1973048570
190461647
360834893
845218987
252858767
1052961713
1487522359
1147636382
1023866177
1618327192
87009589
357515810
1713927460
1411510229
2132611041
41641148
1422028042
1029123569
609131240
1064865370
404888697
1272762475
455619000
1128532170
403849729
769741849
262761477
463448981
2020082413
562191793
1763098911
1845647335
752653440
2123933804
543382674
1005512208
1029411869
2030905033
5664942
2053278046
1501748577
92674531
263310208
1068192389
1504184761
248437602
1109833538
778729155
1277561171
1718964778
1843594525
1682449868
844243605
151729878
663498390
1248093334
921471727
926259867
1711542315
794070492
1488451660
1327157578
492234180
93621453
1303607734
1035616854
1099133661
185535955
919038240
1104798603
91330354
273303169
1197473134
354640562
1341495559
554174247
603078164
303845449
1332903402
1880639335
2022810227
1029014280
1415605555
719570184
1180744158
2079103946
1967663519
2102215885
857880165
1531722186
748802730
198848178
711396117
1241036910
292469631
2015003851
129170116
1391603292
53056159
1048208356
348918247
144386513
1321511526
1546391381
499027075
515523437
2100565629
1102105240
819368886
1285985383
835260927
694695465
167516015
103382835
1414265649
1348260173
35003133
1234445520
1302992411
892883298
618684059
2051795141
1091731476
1330080176
1145348403
1384201107
1197600379
1274518519
628320751
1250656538
175243228
977238998
1395043051
1496754754
376146732
1894070127
2012278191
329228713
848691719
684163429
1615214096
1683952646
1378858894
1782730112
1787335481
645640895
983506637
1822338614
1880086416
139015400
567738265
351286827
43326893
1659469741
1681367003
1188675296
896187201
731483734
315710168
1524507952
1982140273
490953396
354263303
1229699676
1987708150
730410035
976286155
1852502693
1059638748
1824977874
389182474
527369196
1361446873
1768041368
162615660
1001298706
266198615
1146122298
676153673
2146285031
1285137698
1243891938
350088210
1328464592
755878031
2031455213
369656240
1652065232
615455300
685366408
1029089537
450111925
1176319804
1383352840
1679811601
1016544306
2113762875
508614109
721563351
1025917975
186108335
1110745825
1553287171
1547555208
731303545
1715902832
401370267
997502161
714541482
1077523940
996303544
1999679180
173932230
1346391755
1180660124
929810261
1230363320
1550316365
434391846
1845818620
88199125
1463481383
148446897
1264518930
699350575
1828258499
133579588
665629802
189388960
855142940
1691547777
375497295
1965888765
1097351300
1923052504
549708663
665770484
176939123
1547210824
1380311966
1254463063
396030720
1232507499
1428395293
1742422475
265683975
210721906
825302148
1816000340
645113752
523637120
1904199466
2108595135
672084018
1021234748
660462062
352858869
1154814336
1326091864
542247829
2009957276
870155993
917745124
1828362394
1967507294
693313980
230587409
485794130
870253103
1777798233
1866106097
2124716166
26345305
951129948
1405627811
1768767781
1216813923
1616349718
446586281
885330616
113979822
970223401
642046434
75091310
1642307419
1663281182
735553372
1995166288
670611870
2061645237
389930469
533085499
784317582
1307675594
213964245
604341228
2000989574
444551654
1090135359
723759030
74866239
808757808
700991548
101211544
1759887756
2106619360
1869979325
829218031
1575485430
169081958
1714548647
1689465252
1139305360
209111433
1764556562
634129131
1872392615
352626287
481811772
395520838
266787876
871742241
928606337
1051105458
31934187
1142570582
1655446687
2032923762
1587122236
598098398
609199144
1661988475
1406856206
1310190692
1763200019
1019260314
1269326404
1485695697
1848478345
697328186
1654777655
1415543345
239309791
646599367
1624654778
2003866353
1280728499
1349563746
209008992
1762540271
1745084584
475796868
486798864
526207273
1526902327
518733052
1668777855
