468904499
467237990
1046859496
1034055480
525878168
2070120151
1760177790
852792325
2040338507
1655317279
1055085450
1847950752
1643210398
1868311619
133651362
675031251
2055852499
1191416093
184699939
1161735820
629163083
252035574
1187376118
2114171947
332393948
1615281624
1593310304
557271664
1254192068
489163507
386453597
1723096567
956401497
1433313093
609668399
1482279665
1355949596
222362541
187588342
1248804456
1877679821
1242673792
949271560
1373406571
963501763
1082922923
2048437823
871870615
126855368
85654114
2033606435
756018451
337689689
1073498905
722706751
670083637
541296881
168533407
1227355301
1795488949
657696914
1613808899
1371101869
1614098411
899638344
1980770268
948894429
108104293
55649162
1136482771
1356908749
1933328983
231672916
158696661
1159251906
1195174679
1241619584
1060206081
2067045294
1368474953
1145860196
1953168081
2124493404
1483549885
879183338
699716507
6149874
1420480220
868249914
1233505176
