786094315
1866760528
2031138695
1460612581
307661162
583826819
1439199751
2018196457
116602899
1616830384
256669196
1563238113
1677362687
1690065542
1010420010
201420705
1225828356
1050890249
1941086105
1396082176
1337320927
39272546
1394704025
266803018
1066778781
1768007591
466049735
1312419352
1137102946
1418170163
1444299922
1923197262
1137447043
1327954969
1236326195
1445108206
1911781788
528042299
1315821015
2028384688
2144872683
1572490211
1444139153
1674751723
1115072105
307075515
1876172428
193416814
1357965765
1669774886
1589498990
547803044
1709047432
836719367
814606063
628342565
457243311
1280655798
1940761917
1594346257
551342313
1237578191
1370059871
1688789356
418049513
458902419
986413914
182347653
986944718
154751282
63248693
984333753
1727241493
1507387847
511601828
694829951
1814463362
240290609
888246765
1024945479
1910065495
330262107
1572748524
1471629279
1166981475
239870939
2099971845
1624224786
1520526737
1893250114
1071087395
2071869050
983344658
293663619
1613174758
1401394171
752566038
452105025
1583741824
1739510756
606856307
1646990518
576360861
186614152
1006894717
1087962690
881444103
673874431
1328253299
1769690868
1698819911
1090835146
2099952976
1124084787
414980777
1119450803
1363955726
367468974
596191941
736998815
113235441
1667279336
661384217
1096580099
1960942955
127075327
350490622
566025345
579180352
1934232446
158052453
1186036659
1433739316
734413315
1372650812
293150385
1822376005
106611267
967024817
1003145656
1876302136
518361080
2093980802
1828771464
1642445867
361477931
800738619
858917945
728946906
1396930560
1595916760
842182347
916726248
109817329
1938762446
730185556
236892656
141769420
1296210901
816073009
2076001866
1454263355
2002109668
1362257535
41193022
1227276832
1655407920
1863569027
1333888100
474949089
719231035
1062706588
993310169
665728189
743994404
488272388
1027206120
1544733023
1347190333
1756153026
794179935
795623445
450851725
1710906183
905440774
242130523
293608091
1142333431
383899943
1589818993
1958406440
312418162
896598700
1813032460
1674675697
937791722
892825645
1182599969
653877101
79230097
1657549059
1373108136
1141936685
503375580
2038836325
1885931089
991647969
918558797
1283180464
191354654
527228176
2077360399
986978100
978079901
1640782934
1892418874
1220210425
1934391026
887268657
1604110368
1376726371
698191449
1916528530
125841423
363740262
1443720579
1063633145
1256565907
478836901
1717510246
1335796004
2136385960
943134734
330249041
492277892
834487411
68696482
1483925861
1753046208
1351876946
1675280516
132790736
1281753697
514774968
1110870638
775052983
259710194
183597415
561960361
1146978852
1787707783
1938686732
1845170301
1556752666
2064528155
61426915
852989597
980677652
1317992822
1331826498
550704250
506305178
1320728810
1493838984
836554219
1813006703
180842747
905250701
1149448916
1933888956
109643999
677245784
2066679692
1391397696
1192020752
1030066682
18967032
1451730947
1213664097
580927393
451226151
853888233
372130478
148912804
263157251
289174985
210339720
1116146848
1269852638
1528332542
300489699
1820556888
2034637721
1621218509
1166912225
723708292
1286741564
1347754972
1628958994
288706833
1134160280
1738602993
965952617
1053356325
982517042
10489722
2083423007
1001484074
1462220669
1149603457
1582411467
1913446820
2003491690
1954541945
2062359624
119165293
96233283
125215696
1235312141
1366085921
1653548239
1535801840
1039159161
1540702312
1009536702
58587738
116926956
148794618
1406342711
1745885950
437501451
393019343
1337005296
1403454069
1446375668
172038690
1413943791
1382315028
1173522764
728680812
384434837
608450583
494643984
240442879
415508881
409519960
359608172
511742164
534735657
1594920313
1877828085
40800248
983238506
769503598
1581502560
1992775208
828091337
1698429516
2141569826
86950400
1296831819
431587630
479969743
486353467
1835041699
1926345412
658392157
1101501842
1161176792
1831914921
1830182654
1545611629
292881856
177342990
1786054508
708390737
586862950
2145662680
1220132901
1121598607
1593099345
950477338
1162398855
428854203
1719980937
596417767
274145763
400588626
147363636
268231942
487539026
1444195455
699819572
967508769
1930548922
387377623
746370533
441457431
1488879465
1907547325
125888704
1171578471
1305675306
418770560
1348921461
944246166
1127161298
1935784411
942425198
199810551
909899371
388040896
1150287890
2072298226
816895099
722785179
521232346
1091040863
1123373805
668595982
1359272805
1610912831
2112791437
2059092377
430937952
1895856711
298986352
1177308486
189830494
1787865817
937372163
315719198
811960640
95563822
734489758
13398453
1039809988
1861651056
1949182864
1982235187
2061461608
711598587
222792435
1064265850
636413166
1039687534
1787051029
1157645512
2130728397
762941186
1826241494
1342517554
226370369
1791549283
1254126283
657308321
1539922346
1553112635
1834616807
1729752840
1193494804
624505323
2045472038
2005455444
720069145
632478148
2018853897
1759879133
346645557
1820553114
1594630672
260623517
384668053
1817423107
1324889367
1021081219
709626994
964456748
31243083
692871743
1727397934
1857484577
2035389298
1953768303
1501550212
1142031933
463592976
893988910
547660921
150726136
476258102
1741155725
775231459
374246492
1599127522
1495300604
1006724641
1470497771
1107696089
1353370198
1143567237
554843114
1613993715
1528235291
224782573
791399434
401832862
934409567
1755856182
433075946
1627281311
1335770468
143076875
1515186961
1142055123
1644627088
509735246
1605648099
391132350
1057396167
1756374235
867390453
651068245
384122046
1241636945
102712119
1879422650
100877938
1573209890
839635092
1454248136
569293480
1394478206
920758203
2097528771
1619260779
1712157637
351877985
406186699
1320530171
784953931
2033468010
508816991
928030807
1401171323
1650872114
425174247
1910906569
1109036566
816306597
820819089
717927153
1683697050
1471887334
1102049200
777850348
1574599453
833988202
878728286
1000325695
1673623294
185492775
1569619175
920617852
1106250978
1519664298
392394984
670924968
1871542284
798581683
1991455139
509012567
684566045
352788483
1437043374
2085737368
2003660597
1862217621
1849160289
965213515
531040571
522495730
1683140669
67253973
1994383064
637706221
845104321
1421498869
1471694423
1723832608
274340917
997834070
1909325383
1843960092
1918451922
868092713
1216140743
163363258
1539017681
940199379
961944941
1382989173
1449211946
1646510986
1735777656
738771673
1584764706
1591954605
453505646
1286441348
409684473
984546217
1808937078
2092825142
1051800191
1655836495
583047715
1896904512
929851716
2054742138
1473253472
1204192633
905092560
1235095207
900669078
676060835
2103187921
2116809821
839424093
1494721954
909525552
1801369035
730227479
211253850
1300396373
318521487
950025523
737677432
1910476093
1403531170
2024118780
172676918
240593739
1685572210
118018412
1292393930
1193925057
701066127
1041814795
2123776774
608324617
367584619
1180485759
1513417178
1602679827
2081154837
41994365
1558384100
2050481010
881418458
905622406
812522914
535303845
1635849886
1023776765
1835700219
1954371373
1973802288
425894003
1717363818
1229849810
302529135
1890040736
1470443550
1988101345
2008059148
615353832
1034542755
561641627
1657168627
1010835881
1169966245
2024753247
43837992
535899775
1479949426
2124992830
577894140
890849878
2027990192
1459312598
1796472284
693029459
1994616444
1284838522
1716806224
1682833015
1091726248
1543124864
2108727018
661606418
625491027
263772505
404163507
2095934577
104390202
264739007
563804761
1138932957
826380635
73489741
2285190
1996346880
2098242988
46123183
384763007
1430708766
23632365
962657147
174074996
2051622557
274486097
1970547280
597168368
121618893
1107902155
166490944
1804451908
52144755
1709615809
1765695278
713751173
187623188
2029467783
1117914680
136074117
2133857986
1382653688
699878878
1125307295
61550675
773368619
1127592486
2057897555
724127959
1173715669
295176914
7353077
1197348034
1257834061
181428073
1101486943
1532320158
4491706
1698655312
1653939052
1112393861
1865146256
1310907312
1164538616
1427278417
929118943
1878289789
1614901605
811103078
848720822
1750975722
797477416
83890862
303370953
1922784712
145441537
1076739572
902893550
55855444
1800867532
2076609219
351032358
1808220609
1126473605
1608866419
1989648683
80476900
993702929
1994140389
1779132212
500158333
959050602
1496794821
1811065646
2123589218
776589590
592700941
1854395359
244007548
1403804019
555632533
1994983270
53797788
639523395
150870575
1976582500
784964932
1227610148
731992402
840820376
880994032
661117973
1191852734
541730993
1787591578
653235505
383896028
1868068478
1646938435
230552769
1499717043
2147096768
1189603371
849028216
1810678766
1165708941
1625617806
255896059
872620653
1869625354
1659700079
1428253186
1717124977
1713497867
2067776582
1867995552
1542596719
705257866
948122052
127105473
1546078243
1829116084
788223446
590447329
223363430
428331376
1243682835
607259458
148916206
743137622
837812228
1648633249
742750742
2027415599
350177817
405945861
1045640893
1975795624
661841920
1918261546
1697937330
174058351
1199031084
1267578659
1887556218
1119324018
988090564
1282669289
1824581885
1936212616
1409774762
1223176480
1617845053
50514560
1813623809
1841208483
478845936
909822996
300984293
627762143
1652960618
1138796521
128911744
248227713
1018728473
479089562
654173574
2064369366
307401538
1316015494
1835147264
2005338868
1490073846
886694700
1125433880
1230146416
2006018719
2113524444
365332058
1683116956
1902253412
1775106820
758809788
1372614817
1825621381
424949949
1066339652
156983669
1334772946
1367323946
784745812
840249916
358636819
913657557
1088477629
1377365292
1392747119
1742651203
1294251010
1700148657
911183050
981914626
1558003877
253773248
1868609327
535954109
1483919664
1727144398
501994905
1849251722
1262777706
256764670
1476874895
2021587494
1629379487
1155012628
299053795
548235492
1311996297
1633826741
1915559438
2096742110
326593010
126712609
862916019
1415070639
1504077902
108179490
1010238195
650845264
1808328147
1921421245
1632759891
1218848376
27710845
1353885570
1754802486
1511630509
933546320
109313743
1213398584
48840378
366078413
542789831
2070427872
1995457901
1697802459
221998019
396209745
862315108
1855824761
164285535
811573570
34934123
290998144
1674489589
1450004762
1795076046
1782669079
312759309
298437663
1443513578
86696906
1931197554
514878307
114407751
1137599476
122197145
1626038261
2071145796
231510888
691953197
2119986174
597589302
1234743028
2042930398
445563555
785061839
117444769
841773300
1647376947
1973269530
1006058835
311466870
2008203653
1297056979
1985956459
1310724768
944649378
1621141891
1623484077
1243087041
917171821
1710180984
1026800947
1432050128
1824588735
16916775
1554247273
1303143348
2088062571
1785758162
1995096545
2060565097
235863816
1082355925
1956011847
681427371
1867417764
2073456616
1523200671
1367311064
1899242499
381775858
1678777934
1759962504
1678832837
1517250745
923203624
475998567
990908988
399204054
1719085608
1908080810
2109385038
598402907
1192647290
1786490125
615319682
599410916
942149826
555898605
237685430
789762723
468980054
473549246
1872118649
277508253
1154976617
1592052765
203481222
530693640
811880181
2102723721
912469498
343174467
1715202577
443818687
1860425213
490922554
919817255
703850553
890126608
491419215
464447715
852027998
1089822123
1657095006
491034475
1705141805
109022274
1433184301
113556763
346707704
75463377
582536817
820256950
1947582026
860045071
1975233567
1392151143
1063526293
358443559
56547677
1018766366
1270913057
399722144
586485295
1714731744
112663709
1077407849
487065351
816514263
1967534457
978484567
1280961978
672078807
2068306690
790573336
1163113283
1625964847
899595610
448813936
1739521610
1246303314
524277313
174574780
2066560264
324375691
1034619851
1894310183
1716526835
2098146144
105270094
1773074512
969428862
1376183151
25313008
1555914157
943431248
137976718
485838359
1430496599
954490981
305889168
261497518
87969311
977967976
182320560
878542648
2141081259
1808285408
1778138258
442411547
1400323370
876957925
966688861
1574898150
796034541
1291064552
462034353
542861077
860107739
412696849
648131171
485698603
1382125711
2024314323
511011612
790556221
820261923
648988330
1276394580
103274874
1603479311
1582283748
364772393
1691448622
412768076
547092953
422507622
406365687
207894713
53162233
848777235
1608218084
930120158
1815466096
1035632586
1726154699
959047000
1497666940
121532128
1819154740
1910363789
769663300
157369695
1145005853
646493975
668381307
1935562074
1466755898
1317369637
1064473006
1570030772
773365300
499273106
1934803165
317330275
912041183
334412471
739837897
1318406870
542307184
793000130
19700457
3041620
1723120288
1835166553
1038674207
1301791340
646729906
388857499
1423323468
318400998
151737640
45503120
475770693
1296743493
691997095
1144152001
1084821919
11269345
314037990
1811277
1581300118
1087403291
501084384
1368619635
1404733566
1413125567
1703032106
2144571463
584048789
97855643
790087946
603749247
100897263
365724586
291432152
1139571470
1667515926
938162058
1528428969
943355747
1256563056
1680166610
988858867
1732333750
829426455
1680855963
729002103
1914248375
1692125308
1043040093
1916059652
1125941778
2130443384
269660388
347077766
1387693302
1682785955
2050109872
1384781118
119351097
481867
27385416
723100344
101379131
393110002
1014532496
1240950601
2060625929
1952694555
621895923
856498028
1061773963
154578885
1845356895
646624065
984005340
1378729210
1375626168
750770067
923370871
271182614
519346072
2049312649
254142350
789006460
248906767
1641835653
324308768
151532992
879133123
443659865
152014859
906518539
1166760209
253393990
1299628541
33809057
1494344592
1212770822
1986503612
2116240515
2069268850
900793928
123335752
1767142098
1547417993
1107341092
998387660
775560514
1858111160
1921758531
1046743128
229973584
1823587533
1300885478
1018980044
2072494300
795237483
1343288812
76543644
1674370606
1786948677
228558504
433405497
806225238
481952494
1733034039
840034296
1976297086
798321213
679054260
1945053953
720106416
1579848188
2068389705
339764866
979782534
1028247150
1338152526
1755343048
738874662
1112427410
654602528
968848246
788531295
1955488006
1987828290
713541947
603241842
1183633455
790085592
130128800
823098484
1018644096
563534298
1629323723
1500596590
149084689
321874371
1329410029
947405902
1000928631
1126980334
1667512318
433293172
1047886392
2007277184
1413075706
2076133542
1197946063
1020935106
667524556
162889825
1675537634
1636372802
951421120
1483541992
1476717444
1664963067
2086783834
512867251
307565011
69428987
1335965736
1326209107
632963285
817805811
679322050
782047974
1139680182
2008732079
1729453876
2140608813
988228765
1249482547
426418337
2036115157
1109276083
1839494043
1964765051
159738498
712945501
484805959
322628323
240999487
2121178761
1274049443
1724541480
1450412558
791528863
1663841666
1963279809
1099093874
1733270653
1151761897
277819334
218750290
1969567708
957141384
1000798264
961764242
818389815
582768493
954889408
1806618580
1832251040
1381307745
1695250090
794043475
1073318141
1512531493
953781974
1786263642
1997337453
1276410297
2027263130
1971032566
402976093
1604320962
1273961476
1194504956
1120678980
1089757638
146115182
706465986
94035887
423934516
925216276
2063603596
1381075900
1926014541
877884190
51982067
361299386
1832773598
1858600648
46066778
1066597696
1406367090
840110253
2139915837
771414935
1793892227
1778695831
621268740
922818877
1658475313
444817659
1325794970
1115312627
1718779135
372816278
88507960
661053125
518931460
794973946
755089013
942865977
1720190222
671208961
176458229
1498721115
1549093151
228440297
1860020501
1234383102
2087040945
1906087279
153497150
1345924387
598713885
145929339
2117339322
245122464
1924625170
591124415
1167941341
1435616836
1035942074
346252663
403445815
607237561
719068941
491953775
1268290687
1238000402
1286927721
2023379700
33382731
859634296
547105013
209840960
210871763
2096198164
438281257
2070892265
1183097618
377838554
1829495896
1336594768
1723762941
280726133
1482524107
1693618616
525848598
1259665630
137259383
1693789939
547798818
1173201457
2040042603
951244633
1780439018
611627896
1443198409
901246057
1849628298
582642482
777142109
1883011029
1442276778
1324247122
2092851990
1653148542
1272961639
383649599
1576557159
308575609
761488154
1258569407
1645170378
337767447
1539295541
980210837
2031386063
2065144139
92392819
21161798
1611450430
640191637
1194363255
1504009385
1591436271
827318626
2115637282
887151032
1728564683
1817781932
1469793514
358223145
1553309314
764586645
1682470267
1498677656
270251539
807948258
1882327255
1846808698
1116523868
496331761
957894457
614210598
834099209
349706350
1594421435
718001624
267366841
1686814255
739163423
1878817272
179522244
1933526678
1235343009
1770958515
613361656
1203496643
510625899
194442692
873794928
1980419414
552665837
279620594
597522411
87652456
1778298250
867773950
895600715
1513141857
567099000
2012124583
2009473619
1524993457
478851533
696089180
1874699808
2073272968
1414090804
2142066649
1612603575
5770579
1873400273
1792125820
1939297258
961259635
1415600687
405175266
17272630
1926226587
599617958
891067558
1759162353
1152283795
1170688152
209201116
1239936252
801502754
1076975066
2135536967
167160964
1644074066
2000177902
29150935
1021583875
331545787
725240115
748800035
257335107
2139330919
743383037
1869938683
2145101499
469299662
1514580855
1936915109
1430559297
782697894
194606727
1447831928
561440833
794224686
191415838
173119538
1946508481
1362103991
382320654
1038961085
16123097
1459295720
1027014404
183284061
955886138
879708658
212434996
1977470014
1211254445
937675111
578786401
1468589553
929522383
1322169438
1191044588
927140234
1791469101
558141795
716571695
1074544750
1340839689
911178422
374893030
1902280523
1705403108
566308869
2075400061
1504427942
1928412860
310237068
395905379
1944535957
1769532788
1422919784
2127820019
577935279
155144794
192771367
407921645
1366399240
1130446479
986708046
687505145
2059968862
161393837
1878549733
839625448
1952862938
289207880
1556197143
879924040
1630047569
319891917
1254817071
1384844444
2025295026
1821125940
1312760858
1382239320
1602055152
1622997926
1778144699
1399107461
1245047066
1053580835
1379443832
1822982345
1208725630
1572215200
83420342
427641222
555178031
1070128389
1115146367
467663245
1231522226
846212452
1307288693
1036901516
1135420332
716002188
1916825556
617984253
1035894105
1024158979
2002828698
913705483
697801271
1168105908
148461155
152372775
643620186
1926605855
1551480237
1888667252
832703042
783440421
1564165950
2041428672
208171973
1647586292
321586246
763350004
570231033
1436732613
1231013249
1801753259
135461417
390818294
691171127
1270881749
1106820482
460513036
1888866003
2142714588
1484672015
1744211053
908936423
34989639
764833313
1057397579
187362414
1408453499
836519786
1738842651
1149637103
1669222828
374799425
566319405
1563167853
582971398
66422050
1884754099
1346321403
636653083
1174003065
429851004
290922695
1309464482
820669299
982093822
432862584
1927489781
1442606858
174244939
1922720721
779795226
1918455992
684173497
814784865
535805657
1741571076
1002147279
1944259156
430607214
593506283
946412611
2099830042
968305708
1512732017
1515514247
1551277106
1579154067
1252784699
750114861
68323502
279304116
1179965866
359246197
1588768598
2000635165
1341340020
2021631182
1780641298
636463230
48392473
1555878372
1416258456
1966848465
92568221
83559673
355170474
1834139297
1085706953
151945982
117262863
1679213236
1098358594
69609257
500035296
463606963
1585123505
2051312402
2042761030
690424556
653943616
2111084532
969728672
1833909482
322847082
411013622
1687060999
1664187102
285161157
1320218649
153166684
333553630
728613373
1569425141
152918448
821181594
1652984814
508088922
507837243
591208119
660034905
625100106
122937707
1758393499
694709364
622973003
74516814
132349221
526801758
2117277844
822773777
1180745374
2080878728
1792502449
867171208
256242162
56032423
406748559
1920429264
341193580
1726967208
2073595949
674747211
308096934
1495537442
827665659
1129278528
1001038608
1335754581
1637115772
1592246728
1995789486
114732230
1715184435
1606699337
809441594
190673791
1681216151
941790815
717475549
1651010347
1764564592
1898220923
1584405428
1409583393
617908483
1840647590
1465615817
1024657042
1613593207
1806809397
604140602
1539705508
334072960
912237536
887759302
1161738619
2041516065
1888797910
350009553
1531148189
1333560990
198315391
1645880419
901261778
1805014729
307838366
1091935569
1338747232
1249629181
1809411118
842273932
866710126
1560148393
279195712
128809871
30573228
2119843302
1594425688
1055230270
1585952861
1253751438
1659370872
978174721
1587824398
424124761
1865934023
602079370
318157178
1607248286
952088923
1849305367
793325628
1150404314
1347702138
1694587406
807935395
1655540504
639039327
2146682628
757686038
300966797
841472912
1624396164
1861115190
1120668624
1753206035
1891688418
1093028278
1200148076
799435040
531497492
306415866
311322265
1509672213
1894240264
735447026
1228122589
348835986
1053604204
687887227
1300924909
755425923
1481212855
303845576
2103128061
1028316614
1111780971
1611184918
1667355941
1110979951
221387308
1968322739
1952452863
1845783472
1681954281
925637839
1451505859
1426159052
2018666118
504170287
78110444
402679962
810586153
389432709
1912352175
557342770
1124879735
992991116
906178756
31000291
1680878343
59620018
786426214
1014607551
363465594
742070628
2042924165
1475246565
205771898
1562796458
438742869
427159206
1383635549
243712084
125459030
918106183
1169349924
1576964889
196781587
1040532394
2081135177
274892031
1443212356
744237682
664324741
1208080883
1301580452
1789204476
53588352
60275561
1820204768
1734466695
119895579
459147334
601590598
483361173
1201217962
497031115
1958607738
1406989860
2059827574
249866959
1834149066
1295979475
493579044
1959608096
66602010
1662928968
1389089338
263383597
555977714
1322740867
538275629
1999190070
2066978549
1202600370
1059787305
1221075354
844321198
1113375657
1281350915
517042318
700358705
1401246494
976189653
1301949303
1884607667
29923967
1798980419
1695731757
1436913828
1711324345
1945598717
1123579246
859820172
291694113
935703695
926422183
1954623081
177309385
1189805780
363117147
1500050252
1728081409
214823569
1419545153
783198131
1274610874
493136859
1627519330
240502884
1774487774
2144561648
940861589
1028250620
973267653
95327244
765374639
1003191621
1894307663
313622749
292621801
1458148360
111737818
1416201047
170484885
403431931
204421094
1096907068
210571364
381730479
139229200
573688511
1881780731
1867310610
788512080
1153842237
503025093
2063122954
1646979096
2130544423
156142190
1273983223
2127622424
1097003779
154750195
953406429
1192331024
920124835
1956598050
939155039
1233747584
101736203
249819752
1345485402
1517937251
420304637
1748917333
1722358345
1517211705
1959488697
2104088825
1656440905
385693560
1838385908
1376267867
1174205640
844744497
1879292961
1089844946
344239946
1862353736
1245987137
1618223169
1842492512
195507268
1772973364
648415294
1387838292
545614551
457529696
179509684
1779362135
559265900
429329436
977363889
2077203151
849634073
578797574
1652077848
219362130
390802623
1608683025
1875803035
776496183
1299585286
1104587255
1950701823
2144329783
836396568
893063122
341086081
551266656
2139050259
1959309250
246275521
187073879
1584798967
894690815
1574912172
2130413518
1352220511
1754421856
1762292006
1911486411
36267644
592172247
1841205914
885901717
1170969822
1345800115
1105263847
1561772445
806999492
833583234
190784981
2106584778
1938170489
2141486804
2103430914
627083409
887066278
297033347
1178350066
878632889
108858950
1424625587
1065706769
1693657917
171832754
493135293
1676587787
1524053265
100073501
1291396145
1288056029
136341145
1883568393
981778295
1022242862
907054567
180094762
2127506709
321343364
987094255
813606295
512128345
946195385
604293137
506131502
902142651
1231376546
1393197780
1199175999
262242964
124347022
1308034949
1686868551
1190053791
854209218
1858701305
1683189084
383313357
1235270923
1783262585
1674709503
375843304
1919603730
1410794248
1357621599
794362944
170365167
1537716362
774386005
491708531
377326969
1587992300
1003836877
1323522354
44801789
1509968379
78181358
1276178336
755682511
1277357357
1538421300
880029533
437908658
1077806204
2070083324
1292117876
789023861
1605788760
1675431233
2024294784
1241567697
1202657088
252654440
1013687779
465967688
1610276040
1808050723
636332855
1000508754
434953080
1128041387
1377835723
2022945381
2131878264
553874429
2067747170
1494362995
632055787
1196441858
102561858
1909413144
587379511
982591392
199838154
1665185715
905191068
1491956030
306725928
363496181
1019903616
183537065
1605063878
75077056
436191505
471268010
541044745
2046467545
131835085
1177377600
899492651
566788166
157935339
129844726
442249899
142329955
683719156
362513421
1636692950
1315774943
1558955280
1739254809
1077704440
2146334791
574362553
1277542594
1664036858
1479553621
622014977
1970762786
1843049802
1641918593
6816203
1300630033
1716995649
443007709
1771898043
110556746
341991606
1903733128
1287934347
1241484258
323037646
1445869686
1371328984
765287545
1588199642
2055048140
1127800967
1077408944
1223339436
539272599
669180105
153560228
538123742
1243542658
1431102822
54676952
575612632
2053117799
2025439738
271178786
1547552744
2032255942
1571808819
1117064746
327780003
1196223214
1227621492
669771609
952472695
368072191
1911255867
1275510341
1813941878
1135101204
2040797887
1254657872
1042665696
1021115206
184583168
118521484
1560387805
853763274
272081712
2098511547
2097305932
1703184535
5704851
525434916
1608818686
2031144589
796613703
1008887783
1915916883
220938874
2125952529
96213238
1417162089
1206090373
765984848
222151136
1574162565
529757067
1497661477
1240620795
1664858271
1390975716
347795019
560040320
264607274
532378187
678561804
1824995079
1386141461
950643517
1776022978
1335963746
506344404
1781727829
1861398662
2115163090
1665388771
510528717
976567225
1433822006
731467592
955036106
1530035245
1146033
13642832
148536445
223297169
1587805397
678293512
1720958646
680942544
195668136
964450715
1028737563
755708456
1229057989
1561115750
1434270260
906569421
799773564
237430129
535108751
2135737310
743774533
169352933
1849652324
711453976
1834741704
212697394
1688021201
1121080062
944164986
495573660
503631659
945311019
509216492
652168104
1168608188
2097021889
1330461617
742083186
630480785
1526129753
1706533901
1659218348
134354561
788108243
1072850450
1568624821
1694677664
1872624014
1806054951
82302767
1860877676
402345836
251655700
1563046353
1113799812
2086397404
1775743747
654337366
1059993819
572425085
1149911026
1563625478
1517736104
1659127518
68309935
538860644
1608665759
1398771552
1280943830
91662896
777417657
839994084
1750881244
911772218
1628102327
676248046
332913391
1175296343
401388413
2138968342
1257599110
114782441
393830531
1509254811
1677828794
1507630343
1448168567
1306088893
14484061
360678738
1878513978
1164395087
1924304217
1248766434
676038957
1992614152
1787627078
137221068
1243902056
921087261
228883964
2021319713
1761081345
1979765208
785608283
1241700024
508529607
1118521674
269512719
909918020
1110006369
1527111829
1024700461
1503836900
888882992
555045608
863983595
189567912
1861134501
878467657
550246650
1592164832
2042862744
327067219
693447618
571418054
172197723
333591049
708639122
1416099779
1254678310
937523087
1289935844
868276007
769804647
2075544127
2109976031
1278334254
1046582154
232005102
40768626
9104875
1759116931
1065469088
1512941775
500516276
1620514696
229441722
690084188
1334165549
1107909379
1240330838
778846733
1003288476
1567398058
1472294352
1574706530
1739595781
1805885401
135862004
1008211913
913080063
1073385091
150664109
1781356070
1843189739
78724589
1743848453
974040345
1125306743
1975853555
1014808972
1134411618
1587486838
2080278060
499869745
2088003114
1553309108
729311467
630603654
739991009
1837220847
1870934493
1518837743
693025675
1290848903
843648447
120248557
882961036
502050200
256110561
1891172949
1415130263
1329495653
2041837059
1049002685
1025201744
2120561648
645367490
1999242089
1098384743
473737397
866567413
85312713
2061224235
799361825
585182458
2001743702
205187285
1314493925
484863708
945178295
1004231124
208314553
316532390
1697256799
1499163456
1160180837
1817505356
234640845
1662231037
2073615918
2125813794
929877652
1255627923
2020167205
1978880337
133346019
1993245205
476764179
2132588108
944146300
950501576
851671874
1029459013
864242163
1651033699
1614641471
718502217
1856220985
781651749
1203365926
653915632
1785882873
1411680479
970448022
1335656025
763360288
2130628859
1005677733
998001133
1645376248
931810003
976331279
427770252
39954278
849014837
259166941
173300297
694776394
735931120
158404758
1638922695
1686432696
1010076632
520898060
403191211
513626683
2135539532
1121693429
222364020
769707633
177575707
876279652
408106858
1589256186
1846727674
1743762883
205132826
1829872885
601956969
1203133959
1327765485
1533766972
31981591
1755535737
1573721251
880996428
2014702678
1747021548
1575772822
603150150
1905426306
1067211869
142099198
768019290
1588109930
545290410
1281645974
1576165814
1666983839
1504009994
198389799
1844559546
232805999
606496657
1286332084
2079533673
202775893
1491464911
1761922911
804732862
547115222
942204748
191016186
579096813
550256838
1764737437
1460093241
417475868
1364275338
888382416
1020626019
1122217996
1955594285
1162725217
1890237287
1396220567
1708015627
1024399613
824902733
1227515818
380925959
1023292532
924591716
613731958
1629789190
63440153
545781984
1832565083
1554905064
160221247
489814297
2102020286
1102425995
680830483
533633452
1652682833
298084273
1993726693
2070158702
1662359611
734625461
943301073
637093959
542736099
2106026290
379847598
1938956666
1666558270
1404247211
616375752
746590440
1785173171
1639668284
1671182157
251421481
1121973826
1734622310
797203465
807055261
1142043726
957424712
1296869558
1096580364
2059850708
1977700042
1630213816
1565049893
128300667
1476456862
1487724947
1790660278
63598675
283542372
280270589
606334774
242085015
660118188
397807793
1908643285
2064365399
1014183545
507750077
1702054922
506368181
31448586
1953476404
1628342008
1766070896
603196221
287913621
760630974
1560620934
1584783180
1857211339
1472987994
1414999574
1339941507
890554239
1543300241
668914721
230795539
1186476871
732513397
514337911
1466747460
1338848171
756422926
2126865648
1736655964
517582563
2043747400
603355861
1025332641
1598318674
1109724043
1056781227
1404311430
590582403
675368476
2007507652
878496024
1435999450
1420644938
315795556
1145727141
746149284
1730795130
338185001
1636703523
1126611723
1007099722
1867499062
165604946
1739613119
234353326
1632352407
930977643
990776252
1611734407
520149959
1508358816
1507998159
1123505821
386207809
958833186
85746216
1442989036
215660968
676328619
2118357512
75684972
1554824643
1406873315
1496329910
1870620200
405116808
94995546
1453931682
743301809
1731699070
433059758
1750401532
1451714484
598664704
1342531003
1686067810
83533463
126024998
529360415
1695267871
646174958
2037719231
1055782382
1769680779
276443392
2014615568
1855426995
1719432428
82792889
384271966
1690306293
158477861
1939096609
949695960
1654807772
1662233161
1354812768
1749803318
968681196
2098114578
1334018740
1401740954
1701032462
638249577
2000405658
896079817
176833739
2083939122
1022104816
706194154
1631723345
1668279774
596429737
540022079
1290476905
872873129
407154000
998420252
444821910
489946889
1382692218
2135128203
648424750
1174305179
937340515
155748874
689054693
144669635
1905552193
1657735889
95300565
1092087285
911993195
1796333027
1730336862
764915205
544929197
1907170602
701370679
1567034013
465881108
185610376
1087830139
1062310846
725632456
230823396
1935183975
1132786456
1229243648
232522237
1622733345
464452218
220166792
123674447
1638757397
1157507307
279423322
180328442
1302176943
37491867
1838064331
1397477508
1129579152
602573878
1046326888
712432367
1367489084
1591256085
472119321
2068859763
1010806450
938000429
106986492
2098636589
2000311275
832618948
181976337
1788011603
1965405404
1411219985
2020533840
1440655101
1875672203
93216985
1564329548
1366945952
1250724292
1843752870
1547274395
405417587
1881244737
1237855078
1802895096
863340242
1840428957
701738336
1575772609
1060434393
145510773
2047891930
981810508
1156317223
838408711
1088797000
1107470164
691236339
1921415948
1289446501
331764294
1739337704
553182838
204814486
1032509157
281371393
298031471
449355058
1648317345
1548755764
145624280
1048108092
1954173351
2026869018
138479523
1609584799
742725612
1978908480
163839487
171014573
891859225
309350260
71422855
1873669733
1465667483
909831566
814983086
425653999
1601067905
588915386
1715100500
1932832199
180769443
120799690
2137646686
1213278600
402171083
288194509
1662633658
2050488429
1836950273
1808257939
951112873
1643639977
1687643309
1089592396
1105741128
282885273
921017228
1269580616
453899846
1812876453
1578930876
525322701
1539062539
897114712
1435154267
206561977
1322768711
888738525
795477363
890385564
674087076
976246806
1011185254
664250114
42041759
1413356338
952444624
1704675417
1316361119
641911249
1365449708
119990344
138067578
905609369
1209582741
1243808707
1188494642
2130599969
365905675
1642394488
1795992775
1944836551
20233541
1187571666
694467615
1455387809
1394133643
2017236327
196642686
42127358
760138243
870729762
1018374165
1771323497
1534979877
1060415924
1037196187
339940853
617607693
206073658
981852102
1983057402
326064003
1119919681
741183123
1535646744
216244740
1929677766
1518763065
582150415
1424588606
1167272192
379503318
1444822148
207360210
1073970934
752726309
1601493853
943723613
949368995
1643621212
1703861856
1820098757
514511729
1327701705
1207594986
1574927653
217414245
1547535839
45051698
423487903
381904294
2028109100
749551906
1501823975
621808576
137715002
1718068715
404002694
1656478068
152735482
1828591300
676266612
532238800
1125929800
883626823
1606209734
1878656109
337637028
402449699
680541456
1981258240
2106311555
353156566
348286321
1286529613
1560751552
1923213974
1503943858
960803744
1968265673
1927431761
1342708038
1848891125
529500020
697048365
323216053
667215022
267633432
727218747
176209442
420368914
408326400
852476055
952607714
1534256200
1736102878
411333801
1265428662
2073739906
813783500
1945970118
1907514499
772611408
151643036
108317172
2059141021
1712394589
2031531147
1415601231
525714685
1852313172
1195549344
1868422723
1553720649
1725049364
417987440
1876936703
244780739
685620872
456671802
420990181
1105989786
864998202
1273466236
2058597500
251770755
862085466
322447653
1517199417
788341725
1136231154
1315685887
548372576
1908842562
1467328924
656689748
1820499935
1032239865
540737247
1088617518
1557954550
245566771
136683214
1278893625
1799287421
1861732579
1696881065
1528740476
2106513318
235018289
1985412278
380019851
1341008075
702926833
1653486088
1252121927
954697588
368087906
1574569581
324413357
1156429631
563317087
1640099244
1704802207
324676001
959944520
214008308
2145175936
1992184385
754745555
1086309806
1402655287
1000312327
1222993020
534065264
652116100
937241951
83462681
33372928
896271621
318480970
2018785206
1276291473
1659489045
574228391
782293913
764127325
1528925979
1150381819
191213258
1853339336
159327803
754530345
1345954933
1864130010
1079206346
158415805
2078138318
1076898634
3116543
685400226
15724792
1405771830
1685712553
1238717812
1939837095
190345005
28476116
2023299776
223717933
924747737
194297099
95019491
53555562
1853786144
669247883
835849475
470429821
50690214
1986231295
661643079
1904029551
2145559098
1416173424
1102500836
1862205460
347896122
1260916641
1792860131
1424794756
1264033184
330776709
1440519548
522321367
2016489262
531753713
314674814
59350619
560229829
190490942
283068552
1484977566
384788041
378088043
1538533129
91090538
1047335926
226898956
561520359
1098026141
65646603
1223163439
854572044
63722053
491853215
1957072880
1925927514
839749338
1070505873
1571303997
117060446
187055410
1902080706
1557579995
709376777
1771086320
2089333708
1024051591
1830436939
502079889
1214542533
2113505491
1987057455
1599330575
344109886
1378106936
1690421113
1391445813
1605005893
104457824
341988306
1670652496
1327621263
1196560350
1734374550
1819474479
1006149582
1512818416
511740169
2076655455
936638765
628800615
116227217
691235823
38896962
825603994
314838495
2128230670
1849655585
2145275434
482826911
916714471
2111297277
322400719
368561398
307923515
1700507655
2058982511
1699369328
1158029900
15956687
2041357634
681198749
1343577951
1090434336
268089651
1015568782
2096583918
1780908067
1527308951
2025755726
570063184
8625918
2141982943
1261299007
47522881
820103290
1576137502
28269903
522275227
1573929288
511096815
1438989698
1537742917
833497534
1807551096
1845666432
386521541
1719049959
1397552113
1544551442
1735006647
1291426099
78266543
931100950
234376788
346356194
1946669732
183477058
2127264261
1326495035
61749136
549843797
1335120953
56248432
1811142804
1382643834
876351722
1239796658
1410913738
1398626949
666242298
1922010553
690133000
56501567
608024439
350200448
1902167999
994545980
2069250408
1152236464
391613774
1656773407
296178916
469880317
440390709
530555704
816236511
239576793
714032762
796017124
1566071828
775781899
1345860921
753709133
832030331
1009520077
2136352968
1708382053
101833087
1399783058
959525354
768075385
1174309963
1649658354
824576952
1782334402
1999858803
579261304
629396734
1921625563
1731497768
1021010509
1430915322
2027676684
1490890826
1871306031
410748740
159643690
2110882824
1124781503
955660814
1529471004
1900563402
154038088
135696489
585110085
1163558165
124565809
146008490
1265391253
1524348867
1105533844
2033466638
551175182
607708551
710559943
186025936
460083706
1289821247
815422671
234225621
873835367
1836433180
1665140943
754028404
1179840358
1388963326
1164777144
1339484048
1352362502
142074999
147661215
734349858
2042638401
301699303
870046347
480264838
1465257468
994612157
626273328
583165073
371477376
1731807173
469148064
922652559
192032076
1179708007
1108678495
652115782
322045606
1924101166
886341403
1195880973
1613050698
403998698
1949909377
645407409
1792962024
967202874
1984891457
997840878
1109277873
2132552672
1732190736
1004432627
286768327
454753435
1484697465
1752025796
1449365592
2110970794
187707221
1820842969
1695294319
656855285
596011880
1887326395
1836563292
1704690375
391958529
11125250
1481307894
1278299932
1207006224
946874944
1682298630
1009431953
1592282353
1327777006
1976634827
1429690163
178134236
938429053
1414759187
1910324972
1942861680
1701527515
217594759
1280075497
1306069663
1666960352
1243562643
1493776884
1340319673
791373314
3148522
1936331553
531216061
1839711814
1493538280
923174590
1850837065
827362526
53990874
910359641
1774237471
1736289504
1919791594
1219036176
916582862
1748942774
501242691
1094717098
539888179
1916001879
857558422
335266211
1470045746
1075153182
1615341708
628631761
594629886
711420704
2122408645
1934949559
1502794018
2125557167
1723797464
2034010080
1817785334
1069852096
809701022
1521138751
1897214623
863691897
284014744
1523968446
452497753
56322690
595520974
1369080616
1805265464
1096763666
316314066
197669995
865281897
1173872489
532936206
187843995
101542023
794267
816475756
696171909
712214971
791400753
483637820
67525341
769474273
59951636
2101535421
439775959
1129803732
763752796
1960914710
879534707
1627444693
97445806
256019505
2079942446
153768496
851540480
1301539414
1959033961
1948304146
1617853481
9220308
666102395
644242322
542156515
853946390
745784345
542950782
1670422146
1441956254
1255165753
314339251
1925594074
1322691094
1083813524
1985545710
1276742868
1523589483
967865794
2040495664
1337020545
1847400502
1520456709
1434466351
2103420007
1452915507
1588234848
807476839
606971274
1399785161
608297337
77341107
1409005469
1274399732
721583429
1951161984
2128346122
1467367774
346629118
1651284620
761840380
1601794871
1965623872
539950806
777002318
901953748
378012868
2053745186
278059584
1345878662
1946757202
1615080129
1045795516
1319730263
902062833
1001731876
625162122
342814033
1809208715
1232133396
1742599194
270022405
1309474503
1004121015
1544422137
2031057932
807799352
1525284612
1350942058
1154428470
1029085584
2112782438
608739694
847225808
505249596
1385742012
1749179557
883262464
1292003550
2027239141
81657479
1091277104
1494835622
1127452995
263523719
249414807
2129184871
888685841
592228840
1790909939
2120819238
187344386
2060932344
1282810093
1191465402
1457870833
1166384378
1999264754
835671797
369842788
1006209576
1864757382
335141579
1614949270
564499542
840391175
853207634
166195451
1723653640
2145211184
45950944
1805311119
1089004640
1540786567
785280466
1352528359
1790201374
766981690
93730553
234946567
410407981
67066143
422290953
323856677
1349876236
1613756355
1781727510
368776966
1465537461
469915660
738619755
324263390
187189394
1073761334
1939212660
751688936
1914152509
644936647
917884388
1490322501
642664183
963835332
1148149972
1731668824
357138251
1933430439
936713535
2147339626
552928481
1030444088
234802545
963336462
1097510231
657093498
1287193139
299902820
123366206
921437001
668679786
1588903667
1391352661
1407299541
1913167057
1578542055
333577227
1704896070
182747344
100246089
202349069
1100631732
1590568590
845013252
2064467064
591234915
429198428
274121668
377181706
1365911964
273977646
930110187
248872404
508780191
1893446649
1346382636
1165873689
1033156140
1646285456
1289239895
1954593141
167481594
730659915
1198462155
1574781136
496343324
629520562
1908358363
53755746
812267906
2008604452
256104815
1912899638
1451689395
1101118068
1829883055
2042924310
1530316496
2104004723
272622368
748744812
230498721
1202732555
997617217
739278912
948695556
196516205
1905152601
1981851696
1842801661
1046908849
1788961189
2010283255
1777568764
839939696
1437580743
126428440
1469460259
1198455459
180184187
134244517
1059576263
436289002
2047144156
363782010
1537407070
1729543563
259222672
920239919
1686064638
531845040
1668984731
1916563359
1734577595
519118300
508358623
535789503
715634505
266027576
370157551
410952518
1312936425
11635093
273752126
943021541
851574789
1711332869
1069449982
173551400
762304680
1249634169
307795918
1821880944
1685923171
207456426
38179306
1075846594
1936999989
297401979
1996086513
1475580979
829247019
1517587596
1244660690
416340967
2036705897
1753019313
952130470
604856754
2019046889
1322288022
1015809273
1184499667
1333923115
1289561399
2127521208
38014256
853410620
1049487542
211565657
1615715301
151638063
519361575
1290112597
1837561235
726818001
1328291903
765924181
516334342
1625693882
614527046
1991915321
307457254
2132114642
1089092363
723798221
2021336891
694628028
1675928691
478709998
566191269
850733065
1494519271
1750690936
37172532
636597022
1730728497
75186789
1490007642
632732391
286752446
958239295
784370455
806114021
100868244
474448042
1532932022
1429160148
1240372223
2049266364
907370382
1854899269
1893698037
1214827636
1839530263
835306752
1938625857
1713383507
1529934780
1467070901
44609857
2096126049
170320318
1539129128
1699333338
207492851
28242502
1282578187
282679640
1518250144
1915310578
569432086
329005792
552197385
1375546107
429874036
1026645427
760994481
1859034184
119534002
662777197
618920919
1974433271
408991586
1833748555
1666479887
1244298338
1624890765
1232379746
626749470
944478018
1276989603
575391871
1114798336
668635083
127241561
1322291187
696877585
1409819748
1604970827
67644081
1177646679
26919265
396649873
1729844064
1402465372
826523910
609005844
15976205
538074446
728539846
678753402
1156995365
555489470
1087744988
843260273
74485709
184559678
320667390
1306865455
811309148
1265145408
436371410
1386701020
232460096
1105006493
1513942581
1554751284
1801884078
776278682
1012238463
1869528159
1953925361
1039157729
118694385
1536285777
294139453
945218295
2145291621
310115659
1483292741
726347820
988869061
492804459
1281837290
2076614050
1336064732
1356322999
113690080
1656732122
515704806
924999229
774393882
952076216
164216601
1006853978
2057082709
1678159182
414121614
1711483139
306954216
1426360078
1433527650
113395929
318034159
1552222035
1649681707
612173612
349956682
1647489680
922289271
1833249424
226353852
1911158333
178570235
1508191142
1840288735
1514634967
717030493
1953978815
1023883441
1232735299
731494396
1798277323
37327867
895710997
657647653
2094410576
426386532
1071769268
1658410067
733340748
350645698
944454070
846736678
668679857
349192457
348934737
1280853469
699149140
1996424417
55659093
384914916
75294622
1966817426
563485151
1583485764
1659622513
2078120118
153032610
1466117680
954519911
1385767909
50128429
605313586
1423095777
945839426
1262961239
1370022705
1372225958
187246859
880949125
2105566707
537892557
1825403195
804819737
1206572414
27112004
1153754474
339942236
726261144
1002695243
395601329
1111176060
1077989865
214935107
1674661211
513991982
1874557620
1605297681
667024592
1193191652
412333944
2052792501
1243320081
1017647530
1328404630
41675860
133125122
550943688
1413901818
320371981
1431892813
1371984877
858264539
1109812360
29320966
2064836953
1136924364
1183075440
257295541
1863185509
38287036
652896870
826877921
1116276901
867831977
354055485
1630268883
594905949
1959353166
149809827
1788097602
224203463
55118681
883934035
1241850993
1383523311
925609895
1374976115
1934466999
192028066
1695348097
1218876164
1564012943
406128988
181204876
1593333910
323482293
1318129241
628925702
580777835
1033831102
667212738
1233674705
1860709023
1783489640
2101506683
67280860
1266274875
548928984
2026634027
1416084703
189542938
103353842
1471203384
1073476974
1345204835
707243047
1999086869
572697303
494226399
43631287
120561752
1713102563
1607644231
526690740
1894307440
1053494493
850173033
1064953033
1682420195
1430950868
2098784135
202149286
517141926
1812009510
1985638926
471164961
1879290371
1104430153
1020093945
1758440750
373031208
1209636884
1861794592
1844234592
135630210
1059515779
403993992
2134717079
1632213082
898220391
30864719
1752774834
463839306
1638508950
131981926
210663098
544519795
982154960
1275616131
79456342
265622180
1226916618
281605628
782764106
891442481
119760906
1253929067
623249204
1224191060
126539365
234206306
1597222268
1336176249
2096000898
1293973213
1471806459
1008033029
1697967205
1459039890
492762464
448703948
1489904609
98053650
912543254
980929911
230035577
1123206353
1525449706
1212190537
251338836
1604906049
1477812717
1478255455
1886511677
113093176
222214288
2006272584
1367022243
845463492
1082979996
1493561608
1079669798
532718616
682254209
1028187048
1826691829
6577020
2036220077
1377175386
1465616911
381498893
1825879334
808037872
479552544
590938941
1788967784
709588121
1714145294
1166933842
1921778658
1965484130
624356243
1252107727
1296255937
363384273
1365200903
1518470225
222173209
584739499
216450069
1305153205
2078301107
1296119867
1837871821
613071669
176823267
1517080003
619648689
65559697
746771741
2085265600
447058590
425167428
745819825
926611134
1016106369
387303961
1636199255
582768015
1554237803
1410494265
400768497
31110399
515118345
1697024435
394494672
1880319248
1068011012
616667881
317575099
1284461082
1921821086
248392559
433097301
1612209259
861464228
609920569
981805614
1481112917
675480266
1728577356
1418894870
1122538856
6261136
17231047
2049149991
1022367505
404535008
1537865598
1605135520
1958772811
800876216
2005904017
1989883210
1315994561
1555444804
236894234
1048830161
475972169
853562115
1366405261
1760433251
627899553
1614797820
46046904
92625165
328778400
655967473
1074430779
1809891317
1331447739
655524487
1081302539
306502948
661785623
1098533586
208169291
1684153128
1503068594
1746034889
1141805000
1314357758
399427457
1000225370
1156757320
1715422018
408186526
1393651555
616768532
884158695
99730022
1983173793
497108298
727629576
1450487965
543155203
820254741
1779266365
1199122676
1894685520
1441674034
383086768
402726360
375492926
689589716
1064511983
1474026512
897759007
601181464
829611459
496310248
1742986464
2143969217
895737706
595728186
1153242889
463676076
1003914713
399410796
1080444608
1888073408
499140819
916134753
237698059
1226770395
219139070
780853262
2047025136
1998405435
1979975938
1794227008
1292595822
215579058
49469720
1668088748
905168774
1113981704
994631612
1802927781
1715163168
1824243071
151754382
1310665984
1820728640
1047492088
1906394171
826487882
1511168164
762825236
1225898678
444129125
503414996
1725039497
1360263878
741113055
804326244
1579402949
1521966317
703867732
1430324736
1354458608
350611093
575436910
1570037666
400080813
96042010
327722793
1514062517
1090673623
2130650574
1081742037
767433046
134921308
244924374
440678039
1182413396
3834897
1267165921
546097913
766660133
345580951
990227038
1270075129
2070620449
203007268
2011188185
727463045
1782410217
1385670854
1431330778
1065251306
592645814
1781941871
1640688216
15199833
34539036
1736730227
342922626
1548601554
679920202
326089552
482859943
1447353248
461010861
727784317
1888031287
1643424257
731619214
1007713560
42038522
1498279347
1353294512
1032265560
620870829
1276431313
1235272829
484575366
2003894358
870199398
1870246220
1287741488
1935450704
315408387
922199711
1428655273
330608220
956738748
1017901852
673530846
357856654
1697822054
999620398
840716597
997691654
1460631259
1568500915
738239294
956571869
152636481
1745952854
998610391
1650915829
951763718
2030875952
124303010
80711383
1118665133
608878376
2084605742
1988864531
331640948
1224863582
1776831588
647049335
2147063294
1058003213
977657555
956318394
2075905065
1651188401
1314175048
1626243471
503325152
7407997
476451477
1963956411
1575908912
1214690771
773044632
1728545394
813159978
1771655024
1231977575
1764923696
1655047328
1356280585
1845635080
626228813
1965158961
1782757174
467609696
149316261
860137108
96957636
796365597
859716754
1154960849
1774023152
1816035148
1083382266
1277727906
982726548
562142089
1781053058
990134546
1038593567
1597525821
418559810
105800690
223086806
2147105204
918960668
1994741830
1231599131
536400717
1502305510
440396068
234552149
2128534323
258071381
2017309323
448660371
407387643
729962783
545618008
1203753240
1589679538
1700578857
830292744
1258231038
636477476
2108020650
93473939
1198619565
1741590060
1083608485
89729484
1191632234
1502168295
195530175
1414719040
1501789852
1114490843
1261977222
585905335
1650891560
616799084
1026301404
1885443709
597849759
1284372785
1755269384
1046510130
1691760428
337748520
1592128138
748030020
1927428058
1145223348
1578322765
1038175448
1781700824
1538859767
1131649387
832836741
1132966180
67774224
922566226
177114766
1569942520
1118096401
1591833806
924248724
85103596
706327380
1510154059
1735995157
1323126464
388971815
1473955218
1920976223
1673344601
1081740955
820002705
1217621381
1419489475
264647196
1965651402
1199433885
1409870544
1396490519
90125685
1044087720
787866638
1221775073
1876924461
1920832818
1289549297
652007039
2097947584
712008169
1770103440
1542297742
1636256893
1855207037
101141474
998927305
1443718546
1424267938
1387899120
770190116
1197760513
913760073
1851931071
2017763219
2131381455
1123936898
134926767
1949549209
175887135
1544797311
1198556080
266012821
441401383
1986422718
1487787894
170842196
1759771889
629853543
822849236
1710235825
1341861713
445469028
1105049920
830634958
153192417
1206191394
1829562263
1596910963
482975685
1069977736
219617432
1680736198
1983737809
2071548503
1551015769
1967635616
1048001754
1685942536
1769701177
1223888889
1083256199
820773609
1489901710
1524657582
659712680
830205956
1695499779
272000921
1460059500
370865367
1982236746
654437565
816334395
939803018
1485072523
969526813
2145994413
1167151139
418954128
481486450
89645227
638571560
14739000
2073383036
562636416
1565754770
1893535005
1610638170
1104213658
1515752534
687043411
39986210
189042496
29461474
1564643792
848755176
859667430
1112659923
1120756097
172243282
1483525290
955509195
826680847
152376038
1895312214
164269723
1121902851
1893822979
1331420862
1540856979
227825781
1421066089
31944892
242564781
1346965477
594581308
1808319551
1093016834
57735830
765049562
461285721
744779241
805035772
650328217
774240715
222195916
1499083393
1633908146
1334855840
472355842
1806151428
670897482
1427865037
485348628
823273520
1175693603
649618351
1945176371
922032934
1981039213
1338549703
1149858715
1254621654
1370494595
1392423497
454103483
1965075903
1053259400
1547120318
2022811733
1818308962
2008406039
620107326
475861086
511250608
1394348042
698057003
2010334001
880772540
2032912843
335206195
539440320
556326677
1763071232
1024788948
1379600198
791281188
1674407299
1177292921
1713314122
1507962864
368358976
715689190
615100870
1738853571
2108112687
1069204354
1556445826
1013888439
468841024
1431773911
684713754
329763415
2051881238
1160574840
841014023
1298745632
1858631843
703864376
32034524
1744061038
1039070571
571474844
152904068
654658155
1596263793
1532504266
1445939343
1123187444
562313539
1011769818
483666661
930672516
1727459008
1098767531
522042439
1688088047
20488237
2078488266
554492838
489329261
1362778529
1239206592
819092676
1267176119
252297785
1660106699
418438103
2110929628
216487427
450472627
1707507019
1255557998
1021947472
1860411087
1910216154
470727617
1245431705
1208671849
1593915061
1807745244
72958019
2077581722
590934112
1800417027
1028865606
1112976552
1341021426
1049353843
1043981170
1895514265
1538683105
259276051
987237209
210292133
1526452171
1239534994
1870398833
1944890274
1202980975
2086886260
247879254
763004346
1194960611
1269826726
475931785
957693117
1740554343
1721363490
18881318
1186985756
1381625086
91839338
1117083831
1972559199
1892256365
2145949437
938052103
1085794144
1047819632
1982033273
833824761
439019089
93825676
1821061970
649311223
1620277847
913113317
372226408
1417684474
2116094292
311629020
1665563728
731614990
1506589631
787906806
1207546775
316799100
380977501
781426617
335680419
1567963257
15568055
427519757
537563440
1988127254
172292474
536029229
778695709
1258086618
1583848862
613245334
2091911379
2022867951
707071011
1765489702
524695526
179865210
531119371
896921934
1597549684
499730015
1208550955
1115629764
1231345005
567656938
1903536570
291408132
884456039
137030423
1072834749
1220136458
1704993681
1088402804
1647656215
95073473
929046411
1819948689
631102703
1707742120
930551660
67467917
173503807
874979391
2090335868
880574818
492985445
467547747
1060440028
1024104816
1364469681
510506065
1523834831
425536988
1626135829
607696188
993193927
1382188752
899104320
1877649966
1519219175
1971939069
950302776
1076729208
912858226
450475343
1171802682
1841904637
122940384
1802905385
1402163109
1053492044
1870373302
1575666916
1928471436
1813225522
308758086
273973233
133289621
1369198115
1298078050
1497759303
1879704180
674429233
1923296291
1358356361
1282125422
769006570
593061465
33746094
499172888
2112280641
2005685164
1449475664
1041526201
771059742
1899951007
65845235
465480731
2022891392
1868750620
1867643840
928899788
1591640274
1295827109
709887576
1257382149
1604585195
983860810
1390671770
826299662
134455212
740947425
558520194
808884445
516760069
1916876556
2091009867
1285766639
362454373
2124755962
1784939528
327251366
1982957478
1086931544
1368777568
606533572
839398904
1434622803
1072014303
714806648
1155889776
792174495
1643706436
600046402
2088001604
206110365
1857428551
1545103152
1189971175
1100616674
223919166
1324426387
1841564099
782439361
2133310832
210840520
551832269
2076837052
1496607160
914286642
2054109366
1134063040
1241538009
1889583196
73510936
462831929
348633120
912909840
1897454732
1420647423
1627716488
905860860
65338270
1123939277
1505907263
5856227
1330049642
1215852166
1550959379
372537169
168985192
1774878545
1696963556
2010549292
409834258
1682790740
73906164
961666527
1612144144
1570513324
1875953170
1518769862
557092716
970007531
1260869410
630603653
1432839460
1609502530
1543513493
1182810544
882666305
1023746334
2088671405
948004576
201963
1447095020
953860803
1330251605
515463538
357336534
1702788774
684448731
2132215079
1252268682
547514375
394565690
787575774
621420539
1356232217
252236271
44450216
1084701739
1771006133
601542932
2054709270
884391896
1232146585
1340065082
346410778
628176431
375391979
1229077084
1651922765
316579736
29598012
1652124728
1763674756
983458815
834892685
131654646
1340795349
390197811
816103377
1325526780
1642466493
1363617752
1720092470
282558619
1985038292
928841040
534794890
2029488508
2013542779
158317376
483547792
1920768402
1042709272
1715694378
1113349836
1389120050
196387161
1488741815
470713486
1848309926
1805321551
500311498
1352951006
1421512659
1483770313
40360043
1553167306
677082014
430557854
221787035
2002608795
2073024347
1585404788
1575217617
208099318
1422959432
356575009
742894209
1304964292
222634141
901211585
1788512084
2143402543
1943920857
1356722814
1109268731
1185557259
1553109975
450526899
1656270746
1253936253
108364802
9098596
459403611
1529877462
1492868910
499763654
935561120
22467276
930321508
1157348155
2025076071
855862207
595269295
1452810041
1063961526
2018228727
1809385050
1806855735
1175709371
2032019191
560583672
816737808
2027938086
357020881
25976974
989723170
1542578140
1579086950
1440250069
1051365238
685539555
1548614871
1060463835
1144943167
931008685
405849097
1644706821
1866569805
428316373
427544682
876434313
305908797
1283406889
1471703608
1758718838
199884767
1342448688
1420620240
2006740502
370674411
1305155784
419840526
1187412219
1185610222
776861407
1213389194
27849744
171955900
644992496
1468099813
1223321138
1330532051
869231037
136301325
327991570
1800239722
542150422
1972698392
1519325880
970466796
252759426
248276545
1276375593
1536166315
1719980153
887610783
1736051083
914945193
160747375
1595307937
1285619605
1465903159
2015148464
325548176
504029734
644526223
1538937370
531879478
816482123
36446218
1999979292
2039803262
1366978270
721726681
28620939
1694969840
374482755
570771362
1520184584
1893808635
1541238158
1772944010
2142085180
670130103
1161626678
1714581686
1557740886
750194113
482043231
1718488261
198018402
1767662836
1036907773
65683218
2093211013
1540937507
710209442
1484664735
2072816985
1526691565
1521110954
1925312629
1419011179
740605576
499555662
1447632119
288091768
874038418
2018403481
1808276353
620363405
1412157991
1433736715
614964938
2082288094
447879745
182062976
1492545332
1198073858
664106207
1063549945
1396092261
284285396
2100457718
1461775479
230012761
1493911577
24501273
1714677496
1419244915
1551192839
1088304802
1197073896
822720370
1828910378
1696629559
122868841
2117002147
423184329
2141272322
1777794852
1043547734
1405946665
1064047919
1658512672
1340751111
1511927665
1840575648
685812795
562517875
357198208
1749362741
1958610136
641483604
1702336811
1272901968
871496365
1048764741
1297403241
438690213
320526008
701112432
1526995016
1517599904
1523832803
1208421746
1066745815
1646701644
1177940245
1489930144
1640490319
808251449
385994231
898953336
1872299369
2044506903
92220800
1236743386
1737598904
778033595
1799261261
2094797112
379912688
1610387750
588797068
2082249500
735806070
1460293433
983530593
2033209311
1898983646
1304056601
586838096
1278495014
674172857
2110670899
339433113
1740918673
1609888895
1517373358
1083365169
1102895566
178141160
1469359400
2001848903
2050440529
1366382656
2094069703
1139700267
956497912
724619650
791477880
903811376
1104532339
254381982
1492608444
1039298191
990188052
805418229
2022828784
875913716
556918227
1179401737
1462751812
1835413242
1853574594
1425939063
27362707
1447009619
888344310
1544736065
382891141
1991239877
1722877225
1852250541
1845605132
1625834106
1071149549
1792191187
618050725
2027647461
369327189
1409528606
783975189
1473859528
1663910588
129099985
365674071
506614993
934518214
241019207
1382528709
1491436442
1420420944
697796873
1179366036
1126511891
2123735936
1206728743
426037862
864596598
603981160
808929003
708352827
179374738
513695897
406474311
1805208844
1584845446
51181850
275775922
1465009260
420509040
1685304528
101500801
1894368568
1201731468
230600787
112558992
1708346461
1165119001
353578199
943391522
509071795
1773999144
1641188395
1688437831
753027387
1617440683
747682926
1179065249
334553634
1351664087
1987994253
1042906461
1531038825
354206502
1449380773
1188764021
1939051948
1500562623
1464539943
1256577560
1921071663
1002360823
1358078362
1667956584
56608644
1588679149
1780515576
1764955105
606314502
2134093775
560862980
1115386298
1760609271
54567727
656340481
366153010
1672008411
1404023408
1545218260
2006562045
608203847
1385728865
901984858
2139242672
1739935367
203881983
1180523045
1531503667
1704444607
497579341
640597580
1478032622
1499940164
1998675942
998505558
1556548808
1439871443
631537486
1174020266
2046185945
618147614
1734883246
1014088595
231273237
1789450973
1670429077
597426248
1313975736
926968837
2142644508
1173054133
1535172684
1380889725
2075038992
1526931708
973341444
131437327
559971105
357361463
1835881934
1057550446
997959043
1166430909
410006963
849151337
17452819
1966555771
141539132
648990306
993092389
40241430
1267137920
580491987
1054330025
1498411157
222459313
577275454
2095837405
1536435049
1504244291
2090998265
562005535
891933327
1324404342
489560879
271381387
150262138
620998206
831352493
507623602
309396493
1888902939
1505582645
1475827402
151426254
207250335
1493280221
2117982026
348789467
2142270527
963590767
389030897
1261924799
1544082755
1443360923
612852309
1766542068
2020636377
561206066
1155493469
1377397021
504720684
1717499004
121846700
1829125026
59576235
393228088
1979387165
680574442
1224580581
339527119
989970935
965999872
1845109764
318314689
1117426127
2052360099
1811594910
1087924505
253665919
1806381790
2051515272
642696816
920822941
1448114379
2086057739
1533675250
1067172799
1959210469
2094881317
75182621
1189123842
452118353
1792681625
1310970542
133759731
1852257861
1704198630
2113146896
385348655
781295563
305190367
1375319590
1747295436
2816484
1693634279
717237915
2055176583
1357745541
1805162420
161358854
1016643683
1709194044
804055671
1937466625
1009824776
742629762
1323658227
2076997575
554356583
1271055896
4696548
1743480425
1723174249
1797378174
906967320
1856933981
1502152387
463682302
1822597229
1887501042
1244977866
2127787597
1115336984
844789654
2130604081
661487615
1562027569
2038297016
2019233156
1219706341
52172223
888393192
781416737
856227894
678376169
1791241513
1598857656
2002034396
1720755441
5730592
1125606645
1725451989
1749211017
701297246
1375346515
508694689
410747579
730015254
972376992
85861161
470032648
69871210
66165110
1585369632
914660864
49285543
99373599
329204785
2087582559
2118606756
1548911126
2139754782
859516300
182844215
848499028
1537892469
1974085729
299873037
1392443217
1547357522
305603629
370566214
1125325863
2054814646
1071863461
353188731
416025688
1482611040
1083203985
1388402680
1568472201
1553236634
1458273890
1634637311
991122618
225451106
1683922854
1090496218
554655891
1624021766
1061619326
2103567017
1616292900
1921135626
138927584
317308281
1311544447
2113013313
617181318
556504016
1512887187
922784947
927070231
490729403
830115945
1998933692
843918134
1246141633
1334061084
1927122119
487060665
755049638
1332875105
1945334555
242203301
176514076
23302013
1926126156
1267010294
577957904
1402664274
181145972
534041273
871473526
2102281598
672968858
1188781807
1266342397
638498523
1805963125
1822846413
3902063
581264424
602432996
494631466
1411380370
453883040
1338549600
510038355
1787944125
1118188071
997099021
395510115
303579529
794949928
637713416
480093605
818251942
416355924
1747103899
1396209846
1819020198
1928249871
1930251120
543010077
1883047821
455736330
1731791884
1001906570
1094234853
1390271362
677269335
1098136916
1971535786
1279702332
1592768382
1235432508
1733585372
783834334
1745470864
1374045849
1902022406
595086237
1769555964
58118287
1390036165
259785733
538211892
60804459
676141657
137832143
1457014306
347678208
2066082014
1239781778
890688285
1801646187
1695518108
474996521
656069109
642269313
1865267883
1333338444
1740406230
1689320022
465557128
1185690964
777268882
51658853
1969525299
375256098
1425704702
1724064057
970342335
1047777019
1782182344
212894853
1307562752
172910588
273699312
1983704409
310742731
1730713618
183898969
229341097
823011748
1074587254
2030987284
371046208
1549583776
539572745
1013315522
1267368011
1872911189
606238104
809204385
190984670
1791929068
1586473268
242643523
1613970719
1961729366
1668348225
1190551128
784588054
568641596
825249824
997482907
1876204348
998160412
1271182219
1712425110
1308903143
854412190
1896324079
1538244240
1677423938
823427686
1421747876
2048470147
225527814
1961320621
914302021
1492895825
1686748163
1520540125
154616563
1877732833
1164985545
1741089831
2120376356
631472617
1555335549
1641240933
1822023745
192439955
62398882
499789922
1189922862
1938603230
1497950334
313621434
1503544692
659369830
1168033624
1252385124
50130422
697973914
2075812810
1471878299
598960413
153856976
1285715272
1513262434
1646752801
824979787
886318911
1801369364
555228972
2051304457
1394975547
528121680
535293426
802827449
21878966
209833523
995267404
84277848
709623445
37706619
2022881078
60090132
351328053
1378942123
719459962
1519361677
483843599
769590384
69851943
412172761
93985035
668812357
566029737
1379700308
34591143
65298890
57196447
920910055
1866668255
612425420
824730864
1114160154
1140547100
1360024290
1916987603
1162426066
1569857813
764771360
1246703914
131997611
802477979
1122101345
192087743
1153806032
353559820
911547705
525684061
837403419
1681138089
595536004
1249576180
1775123125
1264348361
1815605917
1007339785
1298939505
1880904807
1064536232
72365912
1600089414
1676961652
897096776
566765921
670025105
109637418
336269876
1832451171
1679495231
1101041236
931671438
1811492842
1903519215
2053772783
2003580585
909841599
259848955
767644642
1435525660
1097252374
301299084
2031061665
199344906
2076422209
1147926378
2014950823
936278346
299382235
1748371982
2000814578
371748147
1200977749
1530292583
1268844923
1767743670
52834040
1378482341
2104013546
1885285211
910493925
1057571135
669473001
574503119
813606702
575762136
430600057
1723448302
835611091
1198244699
1011490314
1932863465
1499543783
895068331
2132208371
1428482344
2042994710
1999675546
217277042
194893297
1600563881
70607973
566641445
654057982
1600900556
1835486368
274318004
1653734596
1066485062
230847902
1391536159
1976978987
1288419037
2061009161
403998458
2102025740
489287649
834598515
1677990394
1324898741
2032843215
541997060
1110278558
1384903350
1437065392
1095003282
665902047
1332576454
947195180
883179089
1527469751
400275413
953787062
2094111196
1054333395
407203970
1782113917
1328651399
2060938566
701115331
1559499302
1304991078
530610670
700434691
1218516591
934609128
654976783
1707804240
1769207644
185483529
885219333
1654567211
727480590
1995497892
891986913
17062334
943017526
1557888960
1349638788
1890212706
293584402
729624891
143004472
1247371464
676252440
1197337867
1654575435
310882709
378505619
1568030353
1011998040
1938004921
725537783
1542608710
490955964
1944054374
329734190
1145932748
1504374967
2098941834
1331416277
242110652
1606025397
2058896867
90124896
350528663
2075959201
1033142422
1908417623
1278114341
775871481
54518377
2007739233
918875953
1301889842
536508025
2116213820
808981629
847390734
347235791
229528334
1859388774
137757064
955066118
1254513836
628713029
751636844
1584248026
1774645777
108528163
1535706213
958578406
350638816
994247962
869991626
440763712
1344776625
798467179
1473906135
1105710601
2076581521
102293968
1160228978
1936837106
1021169921
314635172
325861483
989900093
1123616801
1173252217
1337135885
1353145136
885157343
1474892949
160727606
2139671179
2103605978
912364450
1576435557
1730768107
1020892614
964658122
541862866
1371531430
1958906085
1411854492
1812295142
1156199062
62838023
1138717629
114426015
2139419544
1241011597
1274654994
1928773002
114697870
1589290166
107150837
1104597964
565423320
1280403054
294250201
1918568456
18076749
1769143150
2079296062
10264280
1725265481
844176864
1586699838
1308549940
1865069478
403874312
1850412806
1089117260
215296749
1114783650
753928755
1371495812
1177621674
1892646384
1485921827
1169557570
986174334
613093173
950846925
