814254358
1262450851
1630044828
717880544
748368849
1196833906
1447050047
1762284470
1820134460
1849822154
1490337694
1063716186
935049590
1245529298
268522413
1286215155
2121962841
2043970153
1706400226
444104584
123211446
146595083
1064581661
926750
1329581506
180016147
1463318208
1555767000
1936092047
1435317452
1728012051
602862758
550284655
1210573231
1320743302
1298653505
259923489
620309701
913454327
2080057949
322648208
256308373
996290488
1257697798
1501837671
1264812901
396429306
1476316864
1161299406
2102829532
1920421448
1284510853
101940968
837519461
1285437603
1431522474
1017535609
601272164
839805826
806144008
2036589616
420334229
1409006766
439390623
1630907460
582266421
1738044128
1890830949
1202576122
504014807
1823405251
1525224330
760323180
672212091
635438481
114677203
1937024992
1031867787
1590994067
950840751
987213671
1363931868
87867956
1089154639
53967681
1373305559
373193466
1071503290
1974577723
1212999292
1877647299
1863683691
1633333522
1139170417
155590667
1116757334
1721436838
1893634795
860104636
776529313
250165955
536026239
154269995
1010489135
1208238330
789708476
1125166339
997779674
1821576263
568676758
1948620425
661306287
1932608626
2036488381
1750460926
1986576308
1262310293
2123654392
910595950
1089404368
1189170037
640759601
805604412
675019911
1779930019
961195079
1791777245
1353883209
707346226
504398233
2130412522
957512181
1040424472
137198870
1968001317
101179154
926907346
945684008
1098958829
600999962
1514360766
900095606
1262306249
1299485745
789100340
865283527
1138578405
2051410633
841454272
2049174355
993331353
2030624309
542450309
1798935765
558160572
174896680
612647196
202454169
1528779889
1319993423
706852403
1511708764
130021956
1747276875
1648907634
2098023273
1848456030
428331332
896223633
799931211
1029331294
263100752
1700026817
144153895
1562586497
341643509
1009437423
553681254
245570494
1850891695
455371961
1238901848
1734032356
997822270
890353965
144709280
1172718950
1503001162
347163449
554015192
675510937
1054015852
2065723956
805532893
653809080
1567147942
756072519
354781462
1995479274
1652296152
1154712673
877326921
1915396904
707255842
1021480816
1330499753
1048899352
2030918239
1884181007
1294469846
1734326286
192069321
385888046
1320874994
1189891591
1276242012
1465584274
215126894
631759526
1812747724
769142086
1307270463
719279928
687382394
2112803356
1373089008
107046688
721392227
1727870470
2102525962
226204732
735099495
832369235
2141601636
1442355338
1853850052
1324617742
343771042
1737284643
1061315101
1638240888
1324127282
1253384422
2024128935
497518628
295792366
1152887299
1963102903
510919260
1784646825
1628366979
1280061346
944433640
200163259
1967443740
909753348
1573252268
2074490428
1631145576
1153639090
2029532742
1857350308
1888738586
714418330
1851468296
1183610276
420784734
1028602390
1527381318
10585729
2089917492
1018138558
1334713011
1195818266
894783845
1832231640
1491610632
2047671144
1647850895
2002529892
1684834321
1128734226
1135107590
481784313
1328897485
955067682
1391537662
754666105
882074462
875199590
1908305196
764123557
585066250
1649560134
1478541887
289050898
685686762
1899326621
1317653289
65584432
1909912350
1260087133
1083722990
1097141714
308421751
1978506836
781889706
1800032384
1878694332
282256953
1655078628
1416045006
1410991179
642702571
1897829319
592405016
1597770253
1141883333
1347071122
332361068
2017082923
1107892670
1096484625
454665525
609969156
427542864
743716424
1295655918
179385837
2061369713
1361240350
2089298187
1173973198
297479692
1038956253
1482394949
128502880
1820845959
1134943685
2007197213
2103102912
642538666
1275758571
1366610443
1285241237
1026104242
1959015460
735527842
20503928
1158602934
1067888910
2037586851
119011956
16889887
344768729
728981112
444432751
1088485153
2024637030
623818588
1002371218
1238393732
565633128
28860768
1535873424
1604589381
1511255717
1664376305
1277951693
498715755
1524089870
1233570957
1141254421
652364793
452697753
279012010
1678469035
264229565
1014539852
1698972963
1422832499
2082428763
1589076167
1541844455
2099318650
1933844896
123341919
396267754
874846401
495301
1020086342
1877217619
1238889033
1585719470
1906078387
627278809
1042825204
1269850456
144171466
173293249
1768566211
1668261336
1406864206
762336984
173142481
1859561959
1041348994
1851611517
2123791524
2055888847
1403100832
1399140375
1990833962
844693351
793501182
1942668964
631054599
916843101
191453070
1505901000
917338402
1211539413
1235634971
8743787
649775235
994229710
636022597
1692600439
116596519
780194063
1865893688
1885162730
300971752
1125274247
500016067
