1114912113
1440256975
976176827
26748251
1953317509
717338050
667787233
1116460731
83343186
589935409
1455737373
1780575278
68490842
44115138
1348321447
1367550009
639288701
1461060177
211476428
1148691242
1021939251
559555906
1678287976
252929473
1901191006
196860125
2055607754
1124654645
632746054
1796655611
1464609716
1747658167
1089428938
293302895
1774406418
895262799
1010640945
294710003
2011723531
1093984131
884645412
1319977256
727075762
953136255
1364092395
2075397209
173202616
2003381096
1388973738
384679044
1004588690
263429341
944234951
535393018
516358814
697942309
732253144
424482920
1822596954
1364999198
73654883
1139723022
965173717
1163083822
1433025917
592096487
2058346621
296183215
886806490
1922586504
1390167346
1771451903
1095080113
2117243108
577104510
311688860
2045156670
750307126
167586308
1286646760
1134986170
1172174998
1550076102
2079221121
1707568016
2066434916
629679782
292337512
343434189
304793088
1657336710
417089072
1444516110
475026779
1580172894
730058380
1067123266
1491035868
1026241595
1953929757
1266138724
268925293
1577898012
213735189
238684754
7518874
525424049
136357776
757826000
693010357
1423004536
1892812170
1865185355
825596990
1824549644
1425269724
744548259
306745778
1717607236
1087982448
611538867
1227460299
1505071520
2056054977
1702487078
937760767
638629709
622126697
281312987
1664871304
428572806
1547451711
1933796598
2006470818
1761186901
24997704
2013989692
139127302
161355480
624332044
832137660
1584360016
369660566
549839367
262473359
46726562
1975109091
1007021618
353472341
1545232680
2095004066
965011208
625209331
1452591938
873582537
180212761
242869057
1512212247
802339458
524182044
1029599903
1230912264
2071633756
815912853
1089899434
1685337009
840910557
956405478
1824464311
1002266037
1580737522
509118323
439142406
1950398089
1058957691
701615765
1997124651
886583134
1708637383
203113344
284332166
1656157801
1168124552
909541497
961266091
2041707090
1089754259
1204135149
1406435689
1892093717
1728317193
288551944
975522334
1652467301
1104464798
2065421768
1190320662
1945375355
874343599
867301326
800157745
307597473
1376419649
1239300151
110511914
287893692
1940915916
2107636566
1174476827
1502069651
163266262
1458808993
1010743804
1331390815
220866843
1972009895
1225614257
1310621102
1028661396
484566298
1055231171
609494942
773118242
2030753505
114478595
1877583040
1948691626
1304799258
1675474748
675551577
24616936
328148845
983149050
1401036585
1567448996
1093660965
1688930278
1360881264
1053813883
715923457
715467267
1217080145
27248802
1726211071
400987312
248115645
1550737318
1626601569
1558736747
431915067
2111167867
466484271
1041410009
736802462
349754128
1155888604
466901854
150962106
313204214
2142376602
826513683
337821150
323041799
1809662734
1738857736
1890490795
755840051
1280304366
1103888411
1809653934
1996227823
1819355678
879250431
2023476625
1398083101
1280237744
124108623
801336772
759355665
1682845370
1233251839
723039885
1845993
127178200
1459842347
351600122
1283066804
1926744201
502562228
1596271019
1921637156
1329075912
1934092169
97195307
991254998
1525466257
1987686103
1747095049
658286975
944090866
1409265335
507031150
615962897
141032118
383024128
2014045998
1421269862
507132751
667899122
33141880
42494473
1901150961
756181765
44340467
2028329161
68540464
395940589
1163912318
1995284665
898502817
612699689
1769438173
80095081
399308210
1866633481
1071350079
1924774468
1706835936
670961480
435577795
503443154
2080226815
942608946
1119406051
73775286
1325633074
985968402
1495045148
1832765825
1653867524
1528187028
1875260298
1407534838
136885145
1919600765
1288380351
205425609
168057706
304809021
53226627
1066560524
917508710
1822664800
1146655605
1316816921
1541814633
70522037
1094107741
1101166921
741483517
1529685536
1604610076
674226685
324810834
576532479
748001971
1650443908
1562500881
95563471
1335726085
1068884758
1623750500
1063502736
328935948
1760635645
835619853
1617316299
1966061255
1003677560
1922125321
2019287882
2070238084
692150383
1694469034
1069410041
2008967304
1088800020
1139932078
955591397
42483293
1881415596
337793286
1647093369
408158633
662604120
76142201
1156160604
165564381
1638643082
1251724075
1501290466
560044192
727990927
417309554
888980140
341142925
1252929408
358812792
