1755104810
523950213
2090111748
1331777598
1265465847
955389828
266983228
13883820
160153273
445848493
513042525
319774057
106313696
635057118
211718233
2035517815
1557185992
37341786
1245076620
1862088119
1840480724
1717281427
693125710
1067752358
1190758696
43355689
75836426
1130144072
633060734
948503408
1700377549
240681897
1472453622
1643005649
1572459495
590435821
450911829
1839442723
604319641
611065103
137807569
1117362166
930839160
244121265
1752419285
1142557394
132155432
1162121629
1179899180
1377232053
876726100
872896256
947029832
1569851810
1940648614
2137788528
1613207500
2016485040
1120448952
98784586
817504801
673342854
339466483
142474775
168864855
1911925979
732910596
619776685
1603885054
1337230237
1230841788
1741692623
307108755
14197300
1985813889
2059528040
1156754694
2117969321
1074166021
189170226
1347717726
1950892122
1062066482
147263910
1373260284
855231449
137568791
838984136
724232841
1258017743
937768723
1541737642
1931360597
1277235206
1684212417
2100225453
1041677537
269639365
572518490
498078944
1606869602
1803360278
92287919
1913978358
1817557578
2078101808
1826022750
826828625
2048587482
752705124
1015998851
1248821560
556113598
2078065334
1396085471
1929373882
785813135
1533654262
620874371
1510045976
644188357
1558643094
904299971
428065307
688394652
441028740
380807112
1730072190
710668106
953325602
80667486
170054060
609202232
172955405
2084032418
279276162
103573566
1762571521
1106104787
4677400
367792997
2122103639
1253498960
923906595
2052685325
502100783
705796829
691014812
2035755045
1326671200
53577140
532459755
737830646
957877111
960525062
1426225299
1398905852
1341332174
1008813841
2109573958
147174128
1089481327
132144370
756376360
1262436732
68693141
1035652522
1366010298
1831264662
2141757310
1370687698
51574011
2116377301
476703011
975480606
2021578978
978803794
1681277435
565110142
867075192
860464988
618687282
1399534947
1598295634
1576564394
212576361
877037285
827986598
1553908535
1885851126
790076908
1701082663
827848805
922221278
309975375
2090285538
990914419
1345627897
1308812188
674695433
1339901559
532016239
726269444
1308795212
1008719250
1701750050
1182890542
1987523044
1235543838
1748000684
707114588
2096008826
219204319
2106649535
1546820812
1795768713
171742248
276374450
476271663
1725650783
14741928
1266348571
1279249798
842590734
41086201
1589225173
785392624
1032000621
787369423
2094204812
1706696054
2127270982
478737403
285481851
1288582547
1487456653
1987231901
323989441
1327496050
1075292091
2071990126
2034610638
1023817269
143710797
1993776526
423154434
1939479510
18035126
699528884
268267525
1743685910
714270812
1534616096
875452060
1556861546
1575702297
317193586
194770522
460219270
1104563009
141491687
19431677
1084350343
620229090
304913528
225449242
2107685744
144661781
549438684
1287698146
1219953873
473945162
1174825136
96287494
617655959
1021118014
519441928
409651821
1039153141
1218970812
677919346
635355403
1933241625
65051794
1510807463
1342619523
1640754091
1828001049
1537390046
2100973362
785080410
1678881733
2120405039
1869430754
151627175
277834919
2094879996
111829271
422496700
496835032
1399527417
1642450573
970780194
426868906
1738738068
1588436153
1447986920
110696348
1998087974
339656413
1329667161
528523672
975011816
1115425138
593575466
338335632
310561013
86845910
18853033
1847951059
40335624
803933444
1379349144
13257015
525880550
1530976320
291091934
473276898
1642805591
713588634
970111931
894849361
208555560
1940892125
1321718267
1947293628
1381844631
622221539
2057989976
1232448957
961877953
1240173489
1760972630
1936889769
208114979
207064448
127741753
518675993
293910358
146594787
219143404
334245982
950528231
1598492549
347502997
1476408781
981985221
638594931
1949685679
477307164
1352183566
772313962
1372156525
1560739126
565722440
546391144
1360549106
1947567071
1168612684
1271055434
1032532380
2130490637
363745276
646021362
1919896758
571860255
853085811
2047638512
1090536248
1146996169
46749651
1309679653
1481242152
997277882
760688554
1828745149
326203015
1742673775
319856433
128405046
72497291
1672039999
900719009
1444653817
1085295477
1466441449
1991044961
298360935
1266524872
1012173997
1569416369
151573604
995180986
1933161645
797594967
767594097
357538253
1650680778
667748961
1448074501
650193299
714498612
610270506
2131435451
1711776494
1370959060
1812696953
2037979509
966149187
2132553386
18900907
1038646479
1657109737
919619916
335816648
594921566
238577717
179377961
893282501
1505102589
1191551959
315215222
1656676194
39249297
100893220
306787513
806843394
458431473
1957468291
1474592355
1906505974
460177942
41607319
369292833
444129746
1753383813
1740251893
109343051
1643879674
558917433
94412789
1662780582
1597563912
1751522526
434916850
1933380560
198960444
673494568
2112758521
1092242945
31113509
1156826832
1407458167
1687789703
1196076130
1508351387
1994577216
2002919524
1966782860
1804561859
1330028232
1725805187
117256154
1371635551
2095098020
561385900
977535717
1687866265
670728951
473931743
99300050
765141740
2136712325
1696863962
369180618
424145528
1482760874
568141062
1097640096
1448035748
1660384007
1128753605
457378932
920358526
669059661
1653455062
281226266
516153229
1508890939
100525478
173231441
691435523
1826330665
290487595
2063071074
1773945037
851873495
893123143
1314327655
1522602446
1367054887
1413627705
140260538
1356283564
963008020
509441156
1780429092
298285246
1077582218
730585540
1746320994
590482577
1859339146
56216279
1510841103
380915159
1709671341
1792067369
897068388
1071078632
1892592848
1070299829
1762514155
1571439865
1360787424
1678101582
1197901255
65177271
423741077
364745262
1587779717
1790795964
1778372967
1728040255
999595881
593897339
89997763
632541325
892182586
1167579981
1363126866
491019932
1758062558
1074982364
547236211
1121420014
1455897523
109423905
766003735
205482263
1180502537
