64118521
142796510
1239476002
548927468
2045969051
1900219529
1806007048
1268589520
1467826618
1870287746
1612010125
1009615128
741711374
838393263
168653702
1846082366
166438825
89574349
2057335314
381494448
1065756748
857158504
456481066
1572583559
1081952244
987528264
956682624
872772719
2055768006
1196500237
25445479
2119886527
1339296747
1264921481
521330347
1237782151
1017657362
179853747
358888023
338000333
2050141493
1970898148
1347615461
644369219
661807763
1516269164
342967937
828246588
1605843513
252819604
1209741037
524116614
1109978108
1666222103
2096700173
44446704
506266719
905899149
917219423
414551077
2102399386
942664903
386953956
1294212485
60102736
908284304
384510988
1077760099
1088138051
743399011
1415760432
990795897
566813511
615892245
1635165116
1228621275
2132161409
1978133054
2056867863
1590521275
83469010
1119125252
2114637889
1193447118
637863708
2063854414
1237893822
1144130427
822269915
7629597
1558681505
777185653
950294500
1945635461
2071398138
1010397237
706436117
308425479
2088157336
1794574169
1051824490
1356434120
637886418
1618638002
1972326365
125567886
699775629
1957004127
2103700940
609159844
1400041754
39686302
1728285097
1367195995
1233133420
218665157
1283566761
323543594
1362795584
2105836676
331173192
773993441
735538681
1281467692
572145255
659453171
144381281
1278581372
967878650
85054969
925671893
2019703141
1441489089
1563558311
1490857495
1266331807
1689126198
43149476
1075852286
1645343490
652309320
328410392
1685029793
233110769
1695606387
770679565
451775926
831689500
1094223160
1814571511
790042528
1425396352
441081304
1525581209
559380396
1013226559
37550732
703761678
144324284
1005429383
788816647
1069996177
877648876
82822089
486070841
221022723
1349153896
27713391
264172199
277522534
1673056881
916481519
605932926
1210603026
1149592289
154055665
1981282592
1601368215
985745165
928022104
1268456078
1775787693
205934808
1709537383
1153885254
765315204
575280294
1191435986
1469076882
719604578
49381721
110409882
1789600756
927030597
193231971
128187949
1148053320
1542385867
155901340
1412225519
1819908401
1828958221
181223391
278357679
892077600
1330815680
432413344
725876544
784700247
1418158509
1653898648
2053156326
1046462554
1859833456
1615210061
52864160
477665012
43006707
1244300146
1946741895
762611286
1293681868
2057151777
404728394
73228817
102900100
532916343
1221282138
1645285967
688817683
486024009
1317710720
370292256
667247400
1596068399
1262369856
1998063080
2028481743
1988246400
635279680
1299156604
1494661400
540952358
198135510
1207011208
8678771
250999670
1684676221
51685478
1495299816
1483934468
814296764
641498036
1393602597
1219025158
714726854
1496502697
1751941501
1936008992
994305016
293275536
274549353
164532088
663567793
941796754
1760600487
1925937649
792376186
1641598582
1766700402
1427655866
793271538
1113878154
1968608224
991407048
173405715
1977286995
1242406718
1858081936
2028972474
590222886
1194532756
695785590
1231720923
440651705
1914810749
1946447777
1937154402
1519268602
1734973121
783975770
1812544139
2009522474
948507858
328628284
803835580
561624697
107082285
1596211767
55739631
1873782687
876383985
849011169
840177194
697508562
1840418217
1013582909
527311909
935341287
724181197
408800735
1525564173
1918713953
1104586326
609801448
211882010
871913427
408765577
1552764
243698381
2143738698
785528534
2056242520
2005777525
1734036392
237387156
662129457
148177441
344469442
110857576
203917072
70768481
987241562
1052928241
910945675
1684750124
745862810
1924528584
64578385
1681204097
501226133
473379121
1059284622
272456438
1577965447
1669086071
484338448
302395226
2077851648
485891212
546093607
2074106699
1271419746
454852480
1932400576
857972490
692239636
447046385
1006149931
1036709078
557903962
1210067003
1107477560
1545145524
115511596
2018423235
1082412000
861374406
1795468172
1146990385
395094855
149210657
1620369506
1454379478
421667096
1050851305
975981901
906005544
1353246531
906349901
1391896757
1899340139
832972952
515832855
206708971
617889880
1373805346
898948607
1064936266
232471629
1935657686
1622840228
1442538633
895651598
1020502104
1558050229
766591185
2102914104
271940988
414575709
1102420841
667035843
563786367
575306700
2121415321
985453463
1626158005
949913574
1891459007
831920889
1856263476
1135872116
583777380
541752780
1651704972
790486351
1159642661
878026670
1689434958
77095279
1110498299
1477608996
1699935507
405553284
225776946
572953963
1963603514
992368132
528384419
88060854
1406943841
1630805260
755096697
1970730208
58628312
729028371
808700023
1684786318
1678941945
552675383
369223559
1387721773
1688547499
953000939
1929474554
1192768823
1743487290
941633567
2070795493
1285438600
1018728846
1033810145
615563949
571180705
1439363429
841340895
1144134668
1255483295
1833709027
1672519087
1343544149
1093169221
1155840699
2098640847
916415781
1214469012
680185570
1725115805
751771682
211643867
130307540
1120995241
1599365641
1818855039
2073996180
1381356547
864140215
1669999822
175506466
787452060
807954774
1194235312
1821262205
1423518723
1765416017
1113141987
117375971
762067037
221141634
1951084998
287102476
1564685784
896770571
1442943175
1515842983
1813186353
509928539
48544905
1390818510
1261700221
260188772
1521126050
235211814
1859554413
1192497441
161724346
1093427312
2056637656
1831724168
1268933778
696606069
492195295
315685442
370384626
1915714018
2081101459
1483526613
2033089989
695684848
1704668248
1836691340
982787324
1121870384
585978263
278246852
490229719
251680968
788175391
538774624
1642499478
2049875613
798963396
1016141880
137603779
511034162
61155674
299328126
1604461474
2117793330
2131052294
725911605
666915751
475763941
1041597047
1037300378
243994312
975214859
373343343
129600653
1670899707
2078011591
1966291993
506203384
1052398327
404786609
784450236
1542628046
656467577
1572625627
2081402670
151483408
1475017592
732882419
1167625288
1612621372
1243916581
1228780962
1911949498
700894407
1199090645
1895518144
1426806012
1866006396
223798438
320919412
755823126
467792750
1296134271
1129166470
597393403
819550330
1059694413
416201749
1325753714
2112092741
820988358
2110203950
1507237139
1477455935
1535345930
1441156162
1628939343
862879874
26554933
649080984
328017598
1270471514
1877861946
92483448
1971365921
929468943
1988001593
1250688286
647991692
64316383
1571607698
1403814818
532109133
720258321
385497640
1129502536
1539808651
1445192054
1545704285
718078718
1409801147
219208995
680799020
769554638
1696664931
68661302
63227152
