485300023
1300853671
2015243846
880662420
515540731
1560564700
7214590
1171567190
16777520
747337526
1356020540
1107714913
45011798
1637735150
355925010
1788830075
838691724
1835519389
268503789
1559843915
1309251626
1567918878
1648565546
553559529
1558716621
418096179
1941562231
69235449
1783624043
1639482119
182951625
121440418
792852142
50711823
1002102839
1308392873
1611276523
1009317429
332476415
1628054044
1756654956
1688496955
588285309
1801666754
1178748458
944210320
1443013182
2017440182
632246061
1711516971
1429800449
1941497688
1131952201
930882348
347573569
543185174
1348978527
141652152
612420623
985118922
1781134271
795372248
1106559341
426502765
846084071
2108662180
1734895638
309876947
970495961
2067372053
1937930991
579667269
1608385361
378732652
233850376
639650171
1322942972
1676863558
509606705
1955189034
1240896881
1939407155
1749203074
225365434
722805855
2096776643
768550608
2071784382
90945147
1380971231
909419657
1872079418
28859832
2015978998
151098535
874943903
1977157530
1885994173
1184820850
800169843
1805882578
975268193
1379837113
1266784291
1354000846
1613687489
1906434462
529460170
1143067399
268557520
337165556
236480632
60481027
2086368630
461846066
783286882
2035661625
1230396674
707587616
2126606772
463884257
1617007273
1851202542
492744089
1485502623
2002301077
1367687993
1315176505
1740811602
405025195
2115346349
1399210533
1380293389
1347699814
518511176
586810587
813903655
277461991
1116270757
1956971054
546019511
1453436314
45968038
606500538
1392321296
507814104
1389787420
1280499274
1738210778
2097375036
1259622398
54611387
1566898662
963341293
547355477
904917637
818158722
1915043470
72610495
411486677
172585017
40473196
1810697210
1552878406
1388173010
181724738
2139688993
54593017
459186729
1108476103
2011564071
1005206240
414428769
2057532109
1611706778
1806750065
417862565
854010550
939765691
8589695
803901939
51904442
63201082
223316953
1015245735
610556559
1128234590
1833404457
378116381
1200845085
97407486
550701399
1241318281
1908104696
2103579805
482007643
2089829435
2095785151
536600660
401532516
1056777606
400681083
1406738757
1471206375
310729544
870961887
1130472792
728592109
1724972438
2070238484
737181804
381390729
2122142926
800382887
604707682
989905013
1410939446
1732942272
675825822
1789055828
786303710
773233309
192273579
2027621991
533854357
148369736
362145987
476200144
