651669364
1814997911
748046796
801713752
1164969239
1914005696
193312769
925926799
915978321
228544612
345129510
8345768
494418021
1974146523
307175033
1542585747
2012969028
322359858
456272625
1534971691
707403600
326601523
816471233
802873900
913838648
296816249
1151544574
1356004112
248413263
446472256
2035535604
900082627
113986519
636098752
1701796379
1278955759
402620800
1895109148
57398910
1318599121
2123653760
402528420
1326944889
470588134
229191295
1634119922
2013173881
94676675
1956479780
321962858
1629648367
516399732
648564381
298635952
1319273632
1562403029
595452202
323334558
770923493
843865465
769806814
658975450
1743948092
883793334
1295074202
1298260824
15265445
1697695003
1045886324
72664355
868810476
1022056437
475192775
48271718
1492644571
704384070
1682391640
1358334804
799060746
1491387773
1680297662
281225465
2007787505
181378395
579861417
1179577490
1743781424
1175313619
1502912048
367221269
2019179084
125235215
1026196719
1615643529
1009028549
173787274
766420705
1024293994
1871482277
1812307029
1096958349
592809105
686879818
1572151124
641080823
32040741
129051546
175988816
1390375545
928112292
1667376589
923189559
1209337757
1527680446
1104567954
1789199175
559774288
700865730
817029146
2062686337
1068087000
688724583
40437904
2094283719
156884464
1049466453
120587345
923305169
2073760447
1992069622
588128550
1023235148
437395080
1275008369
447902624
1078475903
1307049110
576954170
1254464719
549941008
1505066463
774357660
1473130567
566920572
154554459
430214874
208636099
714328747
1131080604
1025665246
629531436
51683956
1714389829
669969340
2145967676
1871274293
1719435793
119071373
647095814
1645712592
2111140996
1235224364
521464092
401052428
362749085
969366716
1479528331
1669798196
1546320887
586509403
72255556
903903702
1360867063
1545386123
1470824274
1515421522
1975600997
1679460374
82266622
959197954
557641972
711798058
1010881910
124548153
1381767399
1009365938
1995822446
953719544
1128437312
495434612
451948489
1092094660
1730658976
973412581
1493147088
2093408062
1942779298
825191771
1615722610
1341616537
1411701174
1687978166
98036591
625084590
1085880641
1568860865
2140506112
913997991
1100837591
75289086
1873195945
1658479563
787087145
736594207
1783027716
21370896
1745960146
1631366514
975090440
726913810
2126801126
1427038929
1819008470
1709976455
252967863
1164671910
1655900869
48263513
1989863681
1124139831
1389880050
1254081208
664634349
1487916641
1879165798
1750514990
909293858
1872188262
517029333
2010131450
1947477349
242741630
1521127365
587080846
979335838
1156671434
608451742
577812336
640554300
1583542182
1304726146
619871779
863097464
976250968
182364586
1116065327
2140922878
1838265455
1164328840
1983302911
814921638
406725242
1089900471
1479555987
1894641883
821582621
1082587329
656452093
546287236
1599616663
519099895
346280937
1842358293
2040227261
933361783
674210483
1049415047
1541813525
1252022819
1689969347
977872059
409265317
162357478
1840969523
1385516285
344722064
809551202
1378955515
35503871
1973880042
1214774779
850425509
233121636
157191602
182497848
2127763519
978774224
1265085178
636731965
1525061460
717218193
1155831860
1871342397
412092838
1048575473
657220532
1086303322
2097990520
51550409
190842493
1640476220
1029422468
600107811
1802833698
722908344
1985624096
72115
1532459546
1217095964
35575986
1358855941
284387095
886001496
1591977577
441578697
1068499344
1572257449
1420352921
186100874
61505766
797930733
903319067
1217337626
521789482
1315411906
118429452
1179010014
254231580
68936324
1230560423
445074073
1709412544
112499244
