916773455
449405063
1565883242
1918082317
1928381696
818481035
1542913598
1608037252
1767801423
870359104
147623749
1222199506
1428876800
1212567888
1052985165
521621292
1774648396
892163202
249596832
1034062247
1745301434
1682942767
1746472667
246289958
122855373
1882984021
746221614
652382650
268873495
1864219233
382359818
1185646950
166140649
1948243060
956245619
2094522345
619240447
351675569
1555075949
239558223
1222034674
1702699698
1461757729
503427826
767783938
367259246
1025049118
394948687
1259422448
1274645951
1429010934
857240234
810105070
1027999953
1103530192
932960444
763500326
1849751806
1585343094
1032373822
1566487392
1967702912
70537124
1732628041
1768462325
1026782744
1679666738
240219124
1378458313
1087259039
479777347
453009339
642475090
1941535076
956437165
1410259028
161310674
1981486284
1805207715
1420733123
1108648587
1086735001
130489709
1918753657
2114734954
1234019902
704230453
730751633
936288060
142089900
1763125455
355291804
2109792812
1833662579
2087919845
1730771489
712961675
1620102935
1970990614
2091419989
559878327
303284313
396945680
1202353417
97335742
1353382846
465128797
258646416
1187385482
122852865
1679379539
148550421
1209587866
1809869249
2067304078
1176839173
896405503
624050884
1907590806
1832693563
766140784
1523232613
40501720
728449948
1209411544
2128421565
311737790
1922373220
1601040853
135244756
1866309561
13435532
438529069
115771593
1215788949
535864811
1469154439
1680917746
794511228
509056273
1803770611
326407119
657606694
865874830
2136276368
577427125
2042714003
885198223
1201478009
1802821161
570408139
1967618793
1178570126
610909859
548585093
240498022
591847776
860322883
15387594
45404981
995567639
1881697155
58840513
1434096709
1997468749
1274629462
1969961520
1319139540
808063561
616989100
1828195814
464350524
943396220
338318860
1330225354
932188940
915745985
1225455709
1817387164
2117223994
880793222
240311655
1937359139
2059363348
851221514
338460585
152377723
1443069290
1198783468
167765317
1488474272
46867460
2049462473
1547314785
1480964169
1899447574
674460600
1303442041
1071103466
1482524161
1920431142
751815632
1946874685
716343714
1090134493
1129616392
1648532654
2005880478
207588453
1318436170
1975620825
1088381676
1558747825
1765496316
1000261376
262485691
2103956901
1152639099
1705554982
1155256722
1320404417
1046545606
1202124182
1222383242
446376743
535604703
974347168
1120837343
1839046744
2045450634
455877856
1611994238
649782619
255268894
180854304
1739917112
1384885286
1829386959
1598313942
1592473739
1000339481
1426451119
533371767
411603659
1044463788
1533633144
674089350
1000937041
538788595
232160684
8710115
1859193012
1278706290
1210834297
934092606
1725083034
1746439000
1908439774
698436729
1438002097
1806406761
1154314586
902512687
308705732
1409583480
1083366992
2048622844
646985118
765270303
1499453138
91975209
1765609784
778420610
625346977
29729795
1822884398
11496473
703819146
676337791
550285068
935979830
685047907
261994433
67202473
1895882204
1196087039
1792285507
1494837557
957043166
343238588
785356006
615966279
1497553174
1687868693
924672011
759653006
623752037
825811207
1406638124
1389022340
177780697
1498613334
1007148477
956201307
2123960311
1036878272
631602057
2135456784
1740697418
1307939849
538258204
529193601
1992987756
800252637
596396074
1741386312
1996339677
241197933
1088740221
805899195
584436521
1874096227
1421865474
2081989696
1414481273
199053837
694159054
2038233310
1024865044
2100797179
1279772003
1202645741
1451926865
139436832
11363401
1428403528
1176315104
642965458
1416376664
769528875
1950905307
1954634868
1298722476
1796409415
607403858
1895118550
1390312080
456259887
2136316483
331568653
1262159082
573269356
58181233
536540908
507775404
1472662506
735594745
1201934459
1363412168
1760459789
1155247990
495700523
815621882
459691207
635137355
826985283
1888094735
1811452460
1469950742
1156987751
433497687
1273372401
964138971
1732220163
922298169
1571542829
1479855065
165126601
2027802716
1468687900
496695254
1142478150
2041957256
554876487
1679019058
402249013
2027538993
267130155
1604183472
1243467514
2027589944
611947814
1739168037
695728179
1071639021
226821745
1522713462
812250108
2038274205
845180556
1969237859
324288244
2118552958
785893182
2056508407
893367479
209952364
1388879824
1058494080
90271432
710084076
1555189334
1232749583
604557684
2110065822
764284993
1006806697
1990121167
1031415149
463506521
1086105033
911521445
1075454335
677789423
1607249624
2147093356
904611168
982479439
811859816
795401725
1827659995
633614027
1119689969
1798729305
1419507210
1028714728
544613136
1629459574
270110904
1603107216
1719731006
980194980
1010812903
804996941
1584752664
973395077
1569281935
444075714
816032596
453213436
907582235
1902137630
1364734881
1983036571
432443405
824500858
1982646279
1337054573
1806980297
647022448
2132456298
1487156644
1280636475
1104662619
1138402302
552660037
2133377347
1683015438
34635963
256004603
1138639007
1754366970
1236199583
1968262
411880263
673468599
975363339
1981162198
1117544313
1791395935
286891986
2025126549
1546049917
1651626868
1860679472
1978493322
328644078
1695842103
1168064247
2135624375
195380903
1153036897
1475297371
1476017379
110215868
466216025
2028677416
96109567
1747816
2063313380
352114170
1140386823
1670196702
1588313753
1142355085
2082076965
114298705
2117718424
1915755516
1231843018
1761630711
55163854
1109485919
1160196981
1706790722
822681743
991206655
2035434800
371040199
11787255
2023575527
566421102
1164824152
1351389251
2042438481
1275040021
1817605276
1923632250
1371149588
1819353092
1839461982
1723263759
812256267
1362175036
1164093864
1954611352
1296768353
1278392569
1924846128
1065040221
362751940
1538993192
1120204076
1472237859
551706525
679511150
147435955
1542913180
567462303
518476154
1554700435
443554182
1084897256
572040940
1794943433
979852090
1847080961
1465065062
756000692
1070746901
1136934506
447979026
646527012
1949190774
1810154062
1810620877
1756318478
959438767
941529798
1533680959
2024478989
1304281738
925190503
997199417
629035950
1476897028
1676710567
776471905
872326560
96689222
1294948059
279543348
540243405
232361667
851584288
187703190
1212213757
551181601
1652768252
1968214449
1621928502
642219111
268709827
120971867
443926237
2078863889
1931592744
52761067
890819009
725638894
1586442026
767814350
2029920633
364148881
1765013767
511472935
1841045909
1294240686
1287944840
565888822
1390929909
435409251
845432170
1931173314
667770918
1697016458
2118876504
1879984676
100714411
1624161109
1700715477
1722642913
118896572
1969425305
1843614780
562822809
1900805546
1627723876
615583876
644140907
205879123
54542255
1411955257
88316108
418691136
1029485376
599789043
112253398
176242415
1887733883
678142220
1567172324
175659486
1523574390
1350861990
843430404
1073107200
1322254846
575931432
1173821611
798932307
129163262
748980876
917828879
2098588567
445112009
1480651688
1851910465
2072835885
2096235565
348567725
131231360
3294172
1760522982
219547468
421985308
642524711
819336511
534238706
818767126
559586746
1212380926
238455802
735246232
588471668
1589317792
1578676637
1661578868
764088990
7124421
687916831
1563021298
136287683
1436897708
333366529
87392602
1882009717
1814018218
1939303068
1807361954
1762770135
140387145
1938593315
1766064307
1900910127
10657135
40565967
395951190
829993647
574804674
1214718316
1389580393
1787185600
1453174118
2124826626
228173621
895008262
1556019615
1889752489
1659097253
1563144036
430185673
1074634903
1699431720
1867083381
1408001432
1786824322
1601609450
1074536002
1578643742
1261487756
689822489
1719030887
1052597423
308403148
1472457367
1063254559
348969116
1868408557
1893248206
923773790
935643226
1135344951
563475742
241333696
1112687929
791649363
1136341959
521223896
533918205
647955564
2084367933
964103878
1722590467
1636316005
683703611
983108251
1275656679
137829413
2057644254
706816774
1399317169
599983095
278364013
304430945
908386244
1750821380
1367685504
1257355360
1471746290
1113450062
33645502
259905868
101311365
597121244
501239564
1213999295
1388770608
1637581523
1735223191
1922688813
138053439
1672107476
739309043
1860643906
1160939833
1423012654
696268510
289112865
1560842067
606429116
995929639
812675588
1206412211
1274293652
1117106533
2114798455
877631385
337308389
1224670167
201894027
1450758451
1258315669
461799895
1552069817
1855436914
963039459
618585464
1096723874
453137335
206325007
871929039
591190774
1878432484
1611238082
304351033
891888669
886767088
1000619543
1181001534
300125507
1607048659
29447525
1112801095
665977222
1303741178
82423981
633292030
33888915
419732370
1857962197
235782942
1870490822
968794219
697582837
1275076991
676747485
1660622296
1893662455
1773471359
2113759631
2099987462
497916750
557466758
1830936298
2109154832
861817791
575341320
848438272
1862437334
1756342854
1148563779
1322002345
1785790380
113881226
1987979567
942047910
196305207
473787949
975936825
616037578
184266499
1211719767
339044752
1153060718
1909302604
1614121743
1829808203
1422441252
1360300550
1455795914
1388717236
1312804364
1953712664
1946183994
996257015
1915383848
660518137
1571598335
616338472
375471823
1180457541
1764902251
1697474168
818764273
1878783477
1537970087
1760812183
2075088685
2011758037
589265360
543642615
48540888
1800985127
882687367
1201601606
1562804083
349325462
883926161
837761688
1709626012
192238427
78995276
874946728
2145951091
2025179270
1871203743
1913851291
538213759
1295318430
382706115
913685582
328292324
124718
463676102
1147056597
1878908195
2001646189
760385133
1806513232
1865920578
1349650493
202672199
1914461466
1003151973
1085359566
968579424
418472408
1434685028
1852505585
1256234096
996827392
2044744012
1335229372
1871774121
2043211455
1212924994
1595494216
1809579098
1751138753
743328999
44801565
517340687
1071621323
44926283
981016789
71194272
1923834479
835179331
831579405
1582864063
553616261
33746251
1785536263
320594080
1036898224
723412181
1289173504
1455370632
10613562
994195442
564121081
1007440954
891455806
1899350453
731731427
787183614
964791800
179741996
449279064
568446905
923070995
494080630
1085787593
1994692318
539006913
2066804382
2065886590
315357744
754500065
749982348
1898221808
1308116327
783728599
1536274423
1628710407
1820626823
112202956
770400263
1128513807
122816518
1764595705
1692634888
1130257473
508567864
1444501694
1861988900
1295751478
261809846
2041730896
1745030542
830256751
817318243
91627524
1916044344
664526913
630634438
1835365079
582929856
945992182
442381496
1332912204
696730342
1750497823
2116640803
85521117
1231724582
1789783978
197724074
2002124846
770814137
320540592
1619236903
315965378
1450798065
2127804767
1760467072
1165303318
1276072597
2022276918
1059550566
873619492
705050021
1876868810
965247016
473610718
393912075
1595881454
161492149
976841931
394389989
603873645
162270487
1091120331
206887821
131427642
1176641449
1438612403
1921211620
1374365523
1293253601
544542110
1694906115
765006857
860507488
998220533
745327976
473490912
16040203
2021400574
348284182
1075590769
747536418
1053334203
804975931
1712783434
1526944921
1198888007
1161181241
1688437070
28246290
1555571230
144827068
190516778
499207913
351714889
321944420
1675849362
1790327292
95672393
902731237
936097246
640214503
450153705
1701104103
1500721991
1448374238
298948431
1974212903
1464414441
172865357
175013437
392521562
920401775
1228347640
1197497494
485701562
607808914
248901853
1646882803
148762336
277148143
1054970385
293589404
467664921
1554178298
645304293
789609342
1082544013
288147938
885281735
1985275250
1224245184
1525496238
287945307
777865639
878734581
1736319545
1076814070
705463836
1053250338
1249679428
880477273
1445771901
22597555
2108824913
495785747
508299117
569150179
744687600
7698272
717912516
1021835743
1062668657
1011501920
1489500665
469363308
1656806214
131626359
1551907321
1944954152
1016908094
1389698923
1021715688
394920684
1677644231
1799581327
1273655265
1266480128
728911749
1979119101
172246819
1978591177
712112726
1618018720
2001188733
673453991
2113804467
362004202
1242604171
711008419
369702475
1960516687
1732844162
1432371132
824534959
1074861179
1901734440
333857525
1206487538
1306158113
131328029
75911984
548373389
1153043717
470832668
78533972
805141396
1744487933
1345014100
1534053146
1576123386
1517260919
1365160675
140752464
987795991
1218865760
814206456
954116810
1580869963
2056810627
1665125229
1950572438
1869843666
1250485744
1235459922
546894977
177863275
989710715
880752503
1384350814
148385180
1012080532
1460262798
696758569
17640602
1931095467
775292541
822781998
1528099752
2120306642
209351496
956739491
1490083913
1574512172
1097491955
330396257
645894284
1911698411
1284513067
79280599
1821025390
802154649
2029853037
1543385408
2052640393
1117829312
2090280386
83020020
2107540027
823549241
1467370834
108441559
1835629773
780149985
805200129
1853270375
563761804
1580492670
528568726
2091861556
1553315664
737920222
901117399
895915930
164948746
1998609355
1226312187
810843031
1762824118
363341606
890123630
1436365861
1165496255
772493020
832267621
1070653000
1890322332
775064359
1153673021
1850378711
1598613600
473560207
1958820270
1286759726
1253710192
616536751
992546453
1817471996
49545774
1521115179
1761849905
1602861438
111551754
515483656
351293720
276500500
366609363
1577605907
1087343531
2129433482
1940947514
1977467162
1418315695
958960121
602476534
103099668
2029613122
345315218
878164028
1035802495
48210281
329293980
1509362702
2007030551
1616053706
615589247
476083655
461116512
285577595
525629429
1982231691
2047427500
2128490867
2093783445
415427509
332300940
222800298
782036872
1909906847
1310143829
763986706
1703370713
1140127343
34818753
514847187
1742603877
137918422
396976661
2087919095
1016082450
1432779156
2136129376
1345376430
794658210
1995676280
813946489
1410247457
324276287
1275063001
1695825053
849905716
1109811044
1595768905
830912935
1056110842
2011196414
1163213875
1278911140
645749639
925637075
441571321
1409736345
481524140
1581698665
1444555099
996371327
1176818894
1582473521
1393347988
1117254342
451072323
678643496
1105900070
1796448753
1473301707
954092702
462911594
736065516
1278368989
1737974595
284406921
2128274705
700301992
1880175827
811703993
1756412834
1743888593
1974917868
887840326
242154584
753071295
1329411647
1651890930
1234595436
763626664
948962381
83483115
1940445559
383952254
1476831104
910216253
835024577
7990952
2016116323
483989682
1481292659
822725378
946901277
69874528
2101094367
537392224
354281449
2081885425
1237694216
86973628
746105770
846623402
1830862222
573539990
1734463728
2073016806
1326611286
916391728
1577424088
413723074
1680018392
378902821
497206189
1472980303
762855075
1974037293
235712908
1597879652
1982028246
104345584
2081869335
1315837257
927070962
881286964
1385711785
880681681
1418679188
1739993235
815083458
508889757
1826966863
1561189228
1355513159
1510345437
2134729219
942493240
1435878596
1313856857
1858884968
865819036
1727579931
1391419712
1244721858
77302472
716916368
2007576933
2051339766
952629276
1457972938
1885884364
1056974860
1392358625
1054237973
1984045822
126161941
292466111
717243856
1544841129
2032459346
1532327314
2053730886
1711942561
946032895
1261760398
1074804351
933278466
56769990
363199299
99651675
1915654958
1229018335
1827231606
1159591022
326256545
1904534078
1876507390
186349831
1808390196
681653019
1644322769
1546790912
1738627879
889197746
453545238
1575190054
1015359687
746011349
144950262
412717168
630987047
1677277576
318964407
195445960
475826823
1580724805
1270250311
1409105289
1637494795
1633449610
1508756964
1405666105
714984298
1188504922
417773479
1041240843
945555353
146797222
1227590674
606461901
828450241
724429795
5769166
419594472
1613627541
459314404
1994784526
481503580
1205325753
2139734788
894220749
1836312800
1669528717
1213185156
2031758760
2145355540
646426313
1154525424
1406977182
136437460
640491386
768250498
1542103565
1355475684
1956755421
1959877044
249232880
754827126
2106674266
1476823554
1361289027
787640859
53769702
1367058193
1207235332
1667397243
1826372597
1054536210
1417176
884214702
1046787351
895637925
573043854
568832420
2108823081
457318967
566704312
607765746
1611844391
1973681494
744203206
104852129
594448345
138823123
1460327814
403720118
2098700167
1709560694
1158547244
2057890786
1038900600
372352623
698047997
1092670302
1739410817
1905283329
612583898
1418299766
812335892
614001074
155030821
1859123243
1509638999
728074675
280472015
1470978432
1185393642
847176327
2078744178
649754385
673374174
675463736
754606515
1267822519
814286859
67450681
1671542637
765503378
1777011375
682606233
675910516
668428327
1054958856
1373958514
1761098630
646886025
1131758195
226198880
2065185792
1944094087
840199954
72732965
1655733682
202355305
800807640
1936205697
1673333737
1986201283
635898377
1604594267
488472020
1309272551
132574355
1243078535
429611422
946861214
1310529216
2101154059
1712364592
940056943
636276644
240791461
1608485271
1691235500
1614749975
1222100253
190637878
599024522
1448299133
108340022
395634962
141015439
181072987
2051368644
343370744
981880627
1840090694
2016704481
820598262
328505423
1473815100
1309070283
1637777974
1606389455
404665170
2067389396
405767021
1715194387
2021059807
2118131613
507767682
509852803
211439426
2116252953
53604655
1826189401
1190869558
244242533
277730276
491685043
352582555
673365238
632700482
533655542
577250234
976071226
1515536170
269857280
845292059
188650784
598362703
171623511
1497721067
88657029
1778012966
1902386238
8562777
36296339
1470096977
2029622584
6944305
1977864659
391991739
218383731
1946633965
445596395
2044573133
990019875
689838928
174819761
1481704919
1042421484
848184999
2114405401
1576077026
1425435233
942992980
944129548
1695292514
1788285039
1132780333
146171569
1959908551
483017752
234828599
1590437869
237920342
243391376
1626734209
1708017319
125530313
1633678514
1538398331
517522052
1852062245
1337548648
963118447
1749151730
180084875
1652957376
1923971491
1661789794
547895212
624672842
1628711548
2123972238
2050108076
424220880
920618139
1597916942
65022271
2053398472
1744088511
2024930822
388932576
1978917110
1467885044
626852919
74824839
947135605
187386590
200355152
433330471
1725784921
717877204
137909068
915849921
1680995652
1887060799
1095934797
1186469380
1663548642
610240943
1734364592
140737837
91468843
1710853182
43362265
515689723
483987673
1641279207
580711995
389902497
1237884070
458159169
778835074
1069317533
1926044213
1405687993
1144142372
725696170
1593074583
1344497524
1159026641
1171375857
2062374728
1296935710
2087225778
1595886732
1036512861
1035676927
634872464
552577855
1645917871
221753408
693315692
1737386714
1932606591
736677957
105592790
269110616
230473516
686304785
659013114
1468357587
1144463954
1437848188
390191472
923024520
696052533
1534333844
1648720690
141643468
731347720
660263684
1313019325
646238800
1957199394
1252761456
94641885
846228607
140954735
729514349
1398806462
1786872606
951267758
2092122155
1376775673
736390701
681316464
1482368463
1005501317
911789981
21189600
1664514431
232663920
1165653554
954878971
622855392
2088678074
1650931504
9705588
1589915117
1792574973
741053308
102695153
958110650
1387292108
2059894547
63388458
1481933993
758639506
204343194
63964695
9962320
1991215800
1015232453
2102084475
1220507825
1751623154
635917292
555392640
609640823
1547707273
576582240
126671607
1780371193
1742235795
1081550578
255742937
1683430221
584998435
265448525
1125861690
230089760
1006501833
1228556843
1188200410
246310293
1140967742
1251588869
1728244287
1899607248
1455932063
1792208982
1909569569
1299664215
659957787
1864170396
372688393
264097293
352604040
928081033
873738116
1900311313
1504663274
1000409723
1533198858
1099415421
2081960302
1788941795
635361994
519475089
2054390320
1761223685
749564849
913408505
842296880
1937765259
1159718799
1983264623
1041870480
740479438
1735388223
350318895
385204772
1497474144
1649983111
1045162559
1214160893
2022671504
1309259852
1566764933
803268889
35514320
1319592599
160448515
1035924044
705307809
1259863936
970400698
346765957
1895225931
1489875787
253672629
1508965968
91956988
1167081135
203779200
2029722247
179316286
39560175
924109080
919795724
1774948399
1274427975
1305000496
1124938895
776927438
202679407
191616140
652115294
1511939259
1758381074
1455384184
1547453579
930490025
1615832699
435893975
1635797834
728212988
1406294673
1982563791
475955271
748686812
88752773
1984921239
840643800
1255833908
41216791
722882400
1435150194
80776967
1646991480
207462270
1855725366
773935807
1512462766
833180613
1550863246
1715142173
1024796754
55494892
1079597784
635694180
1510879076
479567715
1566184205
979228128
915461691
1054498391
1707441116
174272716
889578535
35912739
922959529
978331308
2020833978
1763603329
86681568
2062050769
339002081
1521831762
2142827736
1985993561
1729294032
1851069454
612445721
1094273150
536766420
15825319
661931675
1561563174
71320211
1741529459
49773706
1582199288
73613526
1615957911
413943768
989075217
522972654
2121384884
1163347934
1412551189
9813975
2086307463
243398849
2030647953
1702427144
330080417
1945215074
2041429226
1851912179
1940559163
1879939139
1433722563
1644144969
344901212
380512065
33427741
360726531
1042443740
1594990915
432046743
636489551
1644764621
2014246031
710103078
1113238884
280706151
1699178295
1636211539
254607387
715042581
901279080
264421362
653866396
1144677930
147585667
208809893
1474758347
2092800741
102755471
1179186879
1885876256
1982694610
465425794
1382537578
180112175
845937860
1415965319
540838706
1888381600
863472587
972885449
377387504
360753560
839647832
1087490582
1473992445
1120353983
639185229
962720336
1374961370
1354227811
1863999416
1639382732
2008094207
861193698
1786968399
69420452
188468398
1732285493
172175923
1367655277
1470678101
7386886
1833081071
705732031
187499061
531535283
2121697351
728337767
272433236
837686290
1701223217
649820740
1198439850
393387401
1737311322
524948647
1513741385
229012903
1487668983
741219107
1583240714
1204184752
233118192
1443851274
2065378450
2020086591
1513271726
106363200
1604888436
1685447650
1474018477
928082890
1692834536
1159615901
1633814921
1880333597
1691151184
1608028624
461187716
1963584420
298231266
14927285
465921512
1496671117
408314687
55749186
2021619764
1922056072
284762090
1361805100
515791531
1868002804
418506204
748909723
1164370430
336401006
621512667
530158509
442764207
78917455
68122511
1916782684
1007000345
1760957047
928914937
493331619
1493806996
472582474
2101360243
1954994712
288683246
252107862
1969921998
754604759
1748778979
230753037
810353945
1622915095
5325461
1095116035
837236547
521116992
815635192
1255742751
1270026716
1980005622
1592143758
1891539383
362680483
2034907965
1970456838
430802994
1804207001
829973536
44276393
585638291
1323305155
1538083389
1058220765
1277181750
1345594454
1346904011
1529289612
1168032804
2101508770
1130584943
1398785841
764379068
606016391
1404111302
1859495103
1443252938
1925228294
527646647
551512042
1047771362
360168622
2143655800
791827097
722849105
2031080117
614800288
1153652100
1687803470
1444773824
1197928493
125958113
620595331
588528235
1184178878
1897777081
1934122689
383599242
1279583046
954671845
337624364
262684341
205974038
1102003432
868700732
1610085340
814014888
164470023
1387829986
1341661535
715982065
288117701
1701830157
712154217
1079944798
277195615
595750686
1694745086
1430847715
136070508
992035262
481292560
262028622
1612630593
1069820795
1446207500
1362924027
856459836
1829806742
495023425
1811131681
19947459
757707766
2017105719
1121950891
1626408499
1479707411
1935965779
1790878522
720053750
1130143667
359376939
1008171451
684490176
1071531156
2088116249
961685791
1667281842
1635377688
245049858
1803352350
479929302
726342419
2065380972
2092559896
1796163214
1364104825
1308000275
505139403
1046427919
1803023700
168787436
1066375378
413247818
38409508
40842622
2039656317
1518116919
1976808401
1683051191
90687021
959468420
2042428130
1098858472
1643958597
966475638
1039491074
458160740
486273832
527385114
703210599
142142535
1007314416
1429553018
60039859
952390664
1078232584
1424144684
112907291
1583371987
323088956
1915930991
1752159424
1389464334
181695162
1790568932
1430306956
73867831
1161202203
1259631710
1756919023
1251889225
71616482
1651863505
203264049
1715575079
470855496
1242755123
26252172
957129328
1770140237
729462771
1099271863
629971006
11532141
1159311723
1582361670
1089764725
435972759
1695268962
525653065
759061715
1463716305
130328841
1042402
1645411467
1920897773
1431349358
1719279299
934616328
543497420
1328714674
39021905
615113903
833094531
242285955
183205334
1303950027
1485041078
209457506
113595708
1107697668
938920277
1212867571
1737668674
950452418
224695646
1172546696
2040217144
660668406
720332010
418386561
1419730121
36564668
548715402
1420772523
1681976135
322129527
704638234
1253771786
1256745855
1248135654
435002812
1295767761
1863249557
1268097344
1538053716
2046454892
424563723
875611146
108428750
538159431
1983308814
1047349028
1751027003
1573493840
1997801446
1975722649
598556889
1890534942
488907407
1318888899
161437855
1908637529
1355453567
710153257
1181926404
889946055
1032282784
1886564638
2143717841
141544992
987216645
431237006
1437312753
702982554
1699334350
827882821
601953798
2123898073
1703493967
710382549
514573857
1539319134
1757731577
118117212
965329326
1608049375
2093839861
1563886215
1351100670
435263621
735291467
1512538525
196417502
2090745034
75208135
1378343906
833207441
1107490919
1117424897
829441635
1249035911
2104641542
1260678641
538865016
660140448
812529343
1366747837
1262094247
788943768
922758157
1972476796
1303517625
314593643
1582724725
1421634837
1279922969
1043290452
1367991051
696325537
246907474
1803254672
1431617004
1759446000
1999672174
1374878390
1834654135
1230532432
60602184
794661406
200473681
890043819
2043697318
157631575
3238812
435078686
817772024
815768155
1801826524
2079866271
1604711923
577101033
1904859419
760745901
891694676
1340100496
34897090
24133997
235907300
1402888141
720459534
482814775
1058659165
4592890
94777127
910847691
1379471281
1929431262
2141380124
1440073465
576609020
194370157
182633636
