376072261
1406938742
1665740402
2018114600
1118930725
354854400
1041288589
641715866
1888310111
1700589216
526700993
664998749
2041211564
1812293459
1263897899
874651934
864683716
599911918
586123572
52285722
1989146833
223243257
43916428
1855756672
1684112313
2134238023
1588304629
476577612
818452463
1607342023
1949691992
1194524725
866797117
1467948746
1065155677
1985727842
1822803147
2106444266
479960060
1563629610
1659549834
1006661053
81144711
1553277750
671470864
1345042610
280446036
1536154580
1944954528
866569609
1588440303
1786617713
1089812866
1632356731
1494890738
626441532
1619111107
935711719
1103019144
290079922
395570094
905227489
1484604647
1262367211
225692587
402276676
1100611405
2048495734
361237295
1580571466
1464641696
2020787129
439748871
1545786407
1426581232
1111219736
743345370
1707027268
499890668
540816250
426113229
2088330971
179950316
1515926096
1573204055
1674841054
2142367628
1044831514
463069125
1097903124
1334911436
858639220
2003130613
672032436
2121006431
81339553
1074309112
1074134189
2129835287
1435546407
507222007
1446993336
1308849889
946970878
845296095
587947473
2058190614
1588641465
147491093
410597635
2129457716
573604323
351444958
161924384
2089530419
1924649013
1836765438
2084414399
821996879
152350915
1034833875
9424668
1010990135
890480841
681457104
984512919
971820394
1755766216
2058647108
954172033
1043828976
418385467
253681721
205195217
1365356345
1098977817
793142690
1276063312
540135634
940633783
1686660947
522109702
1514238106
2038105905
684034086
1456284877
1815271271
373315876
1393215628
489784502
525666792
280565856
499209170
1536656927
1171046697
1180666274
373686198
2142867091
788948843
284849658
949555476
1832777819
703235125
1203237198
2037973036
2068591471
154731367
683632078
1197171135
694867001
1624265861
736348434
1216976704
991020320
626970691
1901010790
299821549
294758314
126843019
1693037178
784542817
652509811
1973603034
1283751987
41683090
997166083
316934614
415369289
992549526
1105883457
700218947
1942105002
791177628
1403454073
997858552
681667016
1324561896
1152589919
1365299094
374249383
1847456921
842081307
1110597817
916949977
1833101627
1737568508
670477119
2132923177
2032326823
797320138
1678476707
669385992
1449829949
1504596093
1953137979
1491513040
354278528
122588945
1906882329
1346828054
1228472402
459617628
1141449408
2019650030
1863071701
2139307961
553833398
1040149949
1144414232
1919132492
1414399332
844387505
613730152
377513501
1761337482
299348131
2115082010
284330954
284787660
1999925185
1081651092
1963264367
521827529
383997394
1320376812
327481860
1875510434
1674655340
450070806
1634909115
873999746
1678543208
2094526743
2015449155
1550709591
1810114797
2007273468
2104542989
702781098
1004204052
1876191834
2117180431
1848591558
342438338
347210284
1462445392
641786469
314808646
1746776346
926574130
167250183
680943791
742354849
689077712
1064941185
2062731662
1016559573
792967971
1589903354
1466630379
280393438
316419453
997689939
227436533
184384960
400915882
2037551330
44174780
357975224
592848781
1048378832
86683410
562545564
749486742
429121748
909755848
64448487
1070908217
1224564495
1811224833
1997482347
1391814678
344684976
592353549
2080892391
1409626161
507601563
949968316
55110484
2097504917
269115047
335503922
266440722
1266804986
562940456
450825682
1667720869
453008138
495000462
2025696093
1045856919
1543379295
2112379503
1608402483
145382389
394017603
370674684
209830876
1464925820
1595239179
2021055710
1314924520
839570209
218257038
1907278069
772978952
1627883200
267395984
1722947268
1682993684
217417253
1992062315
2018497607
483857976
1111383654
433954415
934683658
631620875
886962553
1429684121
509833320
1932819473
825579768
474729175
1393738308
970962157
868746778
1764412992
1180793034
186188950
1212168523
1054365096
1501113470
2051738733
1272622134
1260907891
677234037
753021686
1528303875
252697658
288531723
1745721129
97276325
159545682
82095457
1208659979
593500097
1016779115
1840280854
1480462650
298979588
202630526
1265798475
1124559356
677359701
512053136
2095521514
1546106479
128982480
1128830900
1732295430
1341151004
35712348
1085925252
1245406089
1308334482
199349496
1922640126
2061356169
1727653371
27854136
202404244
1325890852
125130462
361949926
1407986309
1333790441
955450023
277281777
1026587648
288429025
576261365
1229218174
1554227501
1700820722
1906577876
2066280637
1648858588
1305200707
47779469
630205840
890012489
1388930473
665918188
1975937742
486852914
1974252670
27803590
262009393
1888125191
1755456961
289863529
2090529435
933864166
414993991
304995713
194366827
1748784433
1260445736
471648604
627888433
1548874762
1047909970
1857106607
955618615
601247044
1616200835
874415604
102621984
773917895
922195073
732827824
1663930384
163641899
1398746012
1492384478
650494813
1225515034
1520188068
912504206
966156578
1128161382
1202367736
909202365
2062025548
1617361727
1214198079
108908727
1218662512
327160167
580557332
1846550945
1876034929
1628467302
1556173905
684169896
82230698
1024891092
1558585500
184852682
1798808987
333296926
917680506
1315255724
496938825
168942870
660156554
1147433638
1394457904
32860975
2059937845
213130834
1161022357
1114821933
1122333200
1075564257
584700012
189047631
1184472984
1803362525
516207798
1765030316
1502429822
244759080
1246013970
911120079
928928976
1328244668
1936011172
340030829
1513097350
1587336511
673327755
283294208
755108587
1170266580
452237078
1415265142
170216570
1846694983
1448126117
82670767
2059825817
461664826
1197492700
1034675369
1537229083
1782192713
1223723000
574218419
1438071590
1739930799
191765088
793017764
1984689879
1437779058
1704137844
766135207
618540079
1492665368
1106166036
2131637429
932518231
1779493791
267447990
1687626819
802276723
719685068
955408313
972493294
418896403
256050782
1055164061
331238573
717715608
105173114
1365913942
107461043
1887365827
442153295
681679462
1177953769
34600446
873444550
1970971533
2019290325
163739961
1527625729
637941884
782280040
872807449
1744107921
766433821
1805325681
1376118064
1033881811
1345468852
30911140
1753566880
153393517
1003404434
24979635
409444299
2058568495
356218208
1127159907
16257961
1722132151
1234620950
1903623788
16801798
1916300412
934093909
51402244
642261315
757581795
2070692569
806001276
137723876
