634728036
2054873214
1573941918
286675932
16982118
1824162503
1211223742
794668575
1702903384
1106321190
212422562
1882506148
1981969113
132641440
449130119
7075989
368086452
663884074
779204765
188008783
1790193254
1129941357
1001841093
620410129
1767864447
1695428402
178689430
578621847
2093561804
62698774
310235347
580806192
2117571988
1884177265
867482125
2134554107
1560856121
2078705867
781739034
1116275857
1037543409
994161597
851298358
872028874
1126803037
1300428477
879104864
1494889489
1964312551
1658309629
1682898272
1607022157
640767338
537255717
79948639
261148137
85200471
258638069
839769984
31278627
321336843
1150005332
612084820
291425184
886698949
1479566945
278495643
300071422
1410789164
1060234677
1416347280
300848926
2054396274
120161990
1172877800
1033715663
1420590467
2051982664
381121504
1237419371
1562808645
2064019776
696957880
56092335
453791845
776906519
317240472
538992316
1035544588
1157010457
570270944
1356881432
159532141
1182355764
1648306616
1046231090
514439061
1926802259
1346302513
1925228225
839553288
615166145
78593503
746465915
735328135
1251471304
