1378000496
1144202521
710677674
1140207255
564844023
684078396
2013271229
720239852
921552028
152290954
1253452546
1904669301
2068887021
351283040
2075436083
336096978
1469433561
935471598
1064645844
642103297
2034957678
823981427
454524362
1815453601
12980973
702091923
544417449
391019393
644643585
1030807009
1920953588
2022644082
27525882
484147615
1015367689
592369906
1168226011
881155270
1312609758
2089778040
1033446224
418578657
1846963693
954849598
769861697
1774916128
1290946576
91811610
562904078
208108773
733914908
450378108
1032090200
1188439270
118348061
1045071173
1890531193
662765511
1436090566
387691130
1693572520
1209560507
262851564
1721098403
1693708122
1278219253
165984661
714450485
11890876
1478594419
656744877
1045337100
1897173076
356224922
2000186698
519551126
2131141051
1143649627
611362736
546561481
1351758400
1345277644
996939590
236364952
386233266
1115287651
1281436126
129280811
1778053162
570043044
516971942
1324142035
1779603551
779823506
897756790
1325828025
2058042760
1063741451
2040278511
2069933636
394852222
549539740
967787088
144541651
905764663
820490139
664092777
889422066
1964139766
1275455513
1435983547
1168414518
473249510
285439489
1404779470
859482776
1400727141
538731948
988763588
1031296655
1108774993
1505735530
207955042
740894896
138075388
1105711832
2066722922
48634500
21969635
1959517785
2118568136
416821858
361573877
938871577
561363509
1267338540
1759361716
1225456286
9276958
1576017834
353428151
1445260506
596948704
826677661
1730699995
2001728174
1686160438
983943488
392976475
527440378
2015240144
1501751468
2033175908
75711538
95162716
23767648
1181423371
14401990
72402149
1203393006
1973919775
43486637
1620214864
188010005
982358214
34094725
1455348545
594236282
1259551011
1464625504
22770468
1612979163
762402362
619719172
292173176
345618709
473963699
1978333614
1329562198
866940174
358290344
1197318694
221207994
243982604
1273030232
316370710
267750253
306969955
330772701
340152402
1510362962
157208828
383639039
983094178
345218833
1365997254
1017188904
1800567379
1960233536
129256267
1117709235
1983004005
1742235430
1880111597
455239529
2034408607
78246658
929203228
1865258573
1407808856
1796143402
76065270
457643902
2017351396
320047874
1730674135
186238459
587798127
2037644090
517011160
927950529
1400523404
674219988
1311589569
236133935
1019438822
530103175
1253322839
672522553
342853063
1382579106
1790231788
178373420
977330889
1522859737
633612950
864255848
1601106395
1562816178
582030773
861431604
1211475933
658096043
1319075506
1081343681
978143918
902265993
1267582140
1565942045
792426436
1784593300
346408927
45466192
311329641
1657998496
281600127
1330768463
40618023
1534922966
2003291016
383471086
770018425
1646039156
561844507
1747349314
1021415245
1195457457
464121514
475037992
610789987
1046152287
1336469596
1822265920
1704248331
508061455
756125954
534908601
1410327448
2023708094
2100850646
55270236
1660817747
299775925
100736429
1972147388
1957774421
382336556
1155432203
1998392444
1917259523
1011239571
234379883
539794300
509795079
796224390
139659966
1531210324
1991681847
603781480
2006248316
454988186
1649933767
1195234265
129770459
1206698450
1703295720
885896413
1741607051
966139520
762120859
1694974050
1021409757
275454958
1994749975
1122146186
100118698
1805040749
1504482742
1255550901
1655949545
1274258617
119306824
1890329428
1814052917
629101903
539070170
1953712883
12828579
383268369
410010715
2019076896
838256556
2059944483
1066827513
968027015
1119159285
622639585
1853923428
713282689
1588779105
468560639
260773091
462705214
744015598
108039418
1584851400
844134296
1913080167
941850495
2099685198
1421546065
68625464
71508374
1164391845
1882678382
700610278
1703462016
1688907617
713438857
2086730385
2098918333
585032105
777503293
2011379168
1651859618
1745530308
983054805
127015555
1451970088
1696337494
1715794661
1920530728
1957110585
31016227
517062678
2065150004
1615867628
1361196974
1830746523
410234475
1313398524
1104808940
478859939
1384906899
121717138
214054673
2085517177
1825179154
1902962291
651472386
1764425891
1854396976
1236504492
394445537
1718292496
740880462
2139975845
553863653
867896018
1444462286
102717500
436207031
1217509366
2059828085
467223258
1734572044
1977494441
2083090886
948285370
1660757317
345841713
114200247
618082609
824701653
1499107146
739799747
1038756326
1437140675
417495253
794234969
2088613061
34437497
501148297
1177633905
428883034
71957145
1918514368
421375231
625820799
638926738
1865837517
728538299
1075133769
935863235
640882736
1542357027
522951631
470893530
1477964266
1471237002
2131650847
1823805979
1585437249
602249808
501023984
937060747
1342049556
1539780311
226717774
1759544809
186531632
167847187
1793982306
687679930
1345481093
75381692
759637075
1116511813
496756924
1385457874
1755438551
215110793
2113996173
683088672
1150974029
607395262
77962051
1673925660
1078288792
1555926317
997679014
1062455991
1232248649
435632615
1664705799
1733272633
1372693362
859271707
1125569296
1599411136
471332869
1312100929
1767258324
117831527
1999780859
965255769
193213220
611934286
2081767582
689970144
1997392161
1689722485
905080937
1963904686
225327509
2056054966
423816300
303289560
1582496979
1502105092
1859215878
432692345
417077435
943980879
868324961
2081783235
529769864
93534675
793571294
1655339161
1692945812
1264904163
819956442
1312720488
1382735691
672253653
130492609
1575948911
1284187939
64776543
118435407
1134096452
1754499028
1023516344
950517491
1979826537
932087663
1374333791
135632449
367100994
728955236
1994848327
799793339
1146032671
791345558
1668118300
1080332258
1321115423
1761652976
1873903553
828970936
1307115140
991324068
1648927378
472351980
226576111
173697383
602844589
1802525022
1457885322
667621132
1920960429
444498127
274636512
796993126
1395015618
106979401
1729080789
621865761
242611850
2096181783
1350820997
89976530
748491474
349370021
881322088
269126127
1429702279
54953863
2030779103
1156122184
883924799
1190410595
2147446253
385368529
1662762575
226538716
559065912
118123516
2029063739
2016951235
785744648
1802540520
313965714
1060381160
452049998
1708981332
1167360561
33647139
183363445
1409972411
2129828922
1534184443
1499948941
730836749
1883554464
233787382
999962876
1165773095
288741245
883258331
174411632
1172666045
2073668926
174374237
1558034574
1588947853
400912953
2117100487
1707071369
282493044
1986568074
345332369
2085033565
153050140
1405713529
389599915
1862031472
425590442
423247055
2045394917
1835562853
405592329
1432095712
1188028147
1136429078
1168166528
1421815529
2136391954
186455976
1710556774
872166637
360867608
735739171
798351915
535241845
146290098
239816120
936154798
115906937
1946887489
1218647843
2102475011
144736210
1156197760
108041503
1550449739
1545797675
1970072975
1976040181
1969044730
1867984244
1664119387
227153412
1152596309
704663886
1363582490
173279189
2126479415
1352490797
359735165
1689552541
77173786
720602773
277808065
875525702
1255844618
424098163
1115341822
44515769
540005100
914745664
1263163612
494996463
1059481874
271877724
603037966
462447966
1817675399
425627293
291004499
1639236482
146127889
1955123886
1866389894
1298724198
512304124
1082488736
1472003388
491299891
287495885
1831738553
33368785
364669672
404857679
311176850
1240195374
1660702297
735275013
208053548
1705218066
1275280113
1122799212
820898030
1770276576
34797439
1092775754
225830894
497245405
762967506
651458187
788249904
254720340
797586076
595890143
2121110234
2096310275
1108194267
1056115322
1420830015
1599494159
1343611208
1105084920
1632862944
1708280880
1509942599
1944039794
800992606
1023161249
531831159
1009046154
580895667
1807111272
2131845367
1401793698
1429904200
19159158
347085804
1655735094
516404563
1110053310
159709633
1304654467
1364773650
957295709
1900544610
1338400236
906122336
861255230
247031911
179468703
313265741
1590643119
1284553624
1946128685
1151440351
647012575
1742684831
1952432957
1670173824
127032342
813995463
103585844
1934143614
798357182
1505379542
1216564166
817516340
1852465346
724815612
1333920903
815035009
884525245
491091723
32325011
1841820954
244152685
1370725248
600459643
1105407915
1617757159
779928346
1418673656
1060916630
2064481970
1217318693
64873333
564010898
812519876
2017306290
86701074
939552218
683818105
190286918
726212184
1482175288
1695666460
1942776350
152207980
1400648159
520108314
1486128884
68199520
1404633559
1977220607
100524531
1098970866
73889644
1471249779
1699430509
1179297560
941523290
331875207
450487568
2002439920
248873530
1667806262
2067313253
812884428
332842490
1937135895
899585502
1272394709
473470353
1089872421
1998606893
1955645641
638055233
1793899596
2107853621
2038703392
166524262
1446498857
2106902912
1571157822
1276235816
59943796
522645040
1350125461
1531193575
74591901
381939373
325233218
406467108
832426941
180189490
655340638
352749555
100019096
1468225066
685592046
2037154991
220326921
1957986755
363141696
1310199342
1809110000
171303689
1948254575
1455525948
131673663
1839474320
1622050211
1578172520
1798893584
1045724385
706924689
1858837380
1568369425
2057050150
1242547308
1642961326
291505875
1567780526
2049428434
1123932816
1747970016
557285425
1476682372
1847989112
2025510491
14790770
1737660456
98353764
1972777525
2100802152
1408553106
1634403877
124622194
1209324034
942446178
256295857
901314706
417012741
1834468377
552724642
1462737126
393909418
264078375
883622903
303475920
1506625683
379100581
594981795
926922561
281045367
1718914612
527408929
838330792
1048113336
227914394
716357636
1062904106
1965574850
814711400
888197983
1918893354
75780859
375118212
2043515548
1285104893
1317564390
152327757
38935951
1734577131
1986796135
591660593
1049830609
233221905
855738968
1933453512
536697826
214881003
165070445
1131679621
1141803564
446115813
703110585
1669212494
1284446605
1751223921
1897126888
2000804241
666644379
1715218090
668031994
1554842362
1486627796
743812853
1929960575
1382659697
2028917746
1100041317
1534987454
2067853697
687134801
1374299941
512030642
1736965410
1607521847
1367769611
1522935275
2144219673
1582650614
1688005720
1128415646
576970531
2134121533
1831526232
98699377
1271084491
1435266505
1995826265
1124405084
2101910885
1563560707
1792437078
1509269599
902704855
388766283
1291746526
137880904
270200381
244304196
1672868359
190570430
931438997
899684652
702601073
520920759
359722851
2070370684
2043856034
356458876
1505537650
1584378107
1484874523
2082508181
1571015992
1168917107
33723910
694616835
456699964
2029550175
1819021920
411127201
1445627234
1463975350
1920396801
200848442
1852741634
1064659679
338729346
2122942015
1308963875
2011597705
166028798
92919224
763798710
868629871
613839984
1123521561
791516907
510212370
1479980438
149570909
2094590477
817371313
84595443
1518122822
1986288420
118319353
65256009
295504736
385881
1884277929
706631938
1446013115
1200769632
479545091
1646861557
906027618
1544204770
1985590904
881485985
705684998
1849704961
1047514783
798604222
466020023
1916144654
1412444206
1589541585
560177913
1922656577
922038375
709748823
1869763406
1739409688
794344266
1240402580
1578214460
912663619
1305658590
1873719196
913049500
1042452871
432867486
211578968
95738855
912412577
1858440525
1001766473
309133700
1696547781
1883252459
1014818698
1398769095
783283594
1813422920
1864789118
551944601
1078383479
1306847055
1112122514
853556408
81401782
1821871337
575836166
1820811470
468731955
1816238747
1251542282
1381395575
974413689
977777831
146961427
2016866560
1410645317
358540395
2112605416
175574247
69497273
966888241
484707947
1766045054
702657052
1499526645
1017330501
1485940647
1165465917
734635972
2037885248
96365748
2041483027
1002524114
949922156
2122884810
676911804
1525758323
1796212632
1145643759
1194513422
900271267
379555686
21443463
1878049098
526517114
2038310023
1141210767
885057509
2003431791
1316785014
954554782
822836385
1801492961
573116189
1525493437
1153535958
1590446690
863950436
171518228
177599014
754352036
267883976
71598394
1756876151
1217806133
46999556
286304307
596080808
1843212188
1431948066
1790594230
595999807
1811503753
1812037693
326565257
190537219
1702864068
1467776025
1075594728
1558812212
637077391
2030149511
234164949
291086705
455782052
1759658386
1444622663
2046228742
476125175
1616140891
76344109
1230477211
1884024868
147942503
839869714
954347353
194942059
1126174021
1550428161
2038154247
410638440
1193538743
486670407
74658545
858092788
813235664
265195764
413473208
133528041
1340790492
1972285420
770605433
1223456355
58966721
1061692138
1679238407
1818625108
358831153
1577983502
147266635
1974972045
1654327611
1377743846
1711513265
1802270114
70129913
518376970
1997212173
1196303934
2068805131
1887882772
1606942374
1114860226
227069531
1681600919
1972953014
1040305196
1946796683
238942574
1173833237
1140103528
63744347
1944438670
216076235
122711068
858647160
1895314643
1941336176
1217478314
1325814497
2088602811
1044966711
832658460
1318863010
608996328
487444926
1388992923
1127373298
337173451
437813209
1048694781
77572575
2044755584
16071359
304642107
1578872855
1989024373
1344947303
1378185891
80483299
371296892
370805771
144227646
168251915
586882006
266938715
1026899075
334713001
60791243
96893741
1660527498
1910407
1141860452
345702310
1320773417
1750856780
833147236
562282692
730746430
1170320687
1000095901
1779441211
1247893263
897367837
1795512570
1552535370
328757045
1637053295
749999025
1706942936
1717536595
1121295917
2077748707
1861764241
1289547832
517147065
2128702956
168963260
851860067
42010552
265857001
364903917
43920959
1407717454
710606228
1364694376
1011090586
1543753464
1926977068
1741837017
566590504
779589321
1373794580
1814483767
1676957159
1021823503
1219535489
2005714204
511393150
1969534514
1565173492
81446097
943346783
1495438551
1943210339
85410968
2012585616
1924429647
254374228
716962035
1966440199
520231229
1081865953
2010361158
1927948683
1792472181
1227571886
791555622
1188741997
1007065306
385908991
1755332501
1786654628
1759703571
1422332620
1316128139
634043426
494384461
1174358695
1145436577
316435327
592048539
1226882674
1259782111
2087487090
1022609365
1345193079
1952589058
799555365
1599567307
522067446
618511916
2119798536
1603933399
481389427
1900263572
1248921932
1708961313
544335546
290180281
568542972
930244537
2045512783
207713952
542464460
1320361755
1523842091
1176507887
1814746217
550717138
174460816
2131181544
1142765677
1401343490
1243480007
1082769119
276469208
441189438
887874529
1076024573
2040756745
1409941975
1694536489
2013071634
866391726
28442268
1765851558
2115313658
1737403582
162703456
258010292
158462906
1092947993
156039427
366176858
1635412453
1476401182
1890018949
664436692
1143663751
293252439
838897508
1127361648
1436018116
92757351
223358007
371303587
369226559
664547446
1259178116
1445251132
557820543
521636444
992303973
423408529
1388028170
1020746242
41776439
1355858181
610666176
204479895
1613868473
769129082
1297427888
1769907900
1135305940
785356694
1098825434
877841241
1449793386
95005538
1171093680
141207247
1222367186
459628148
233964598
1445725193
830931735
603191157
2110272639
2090109851
2048442289
520609535
464262647
893262614
944018064
1852290818
1914008856
985794504
1060665351
377191384
1190274399
527050176
1146320466
340218640
149474428
134142758
1125575334
1248299862
1011983999
427885072
1343305400
35594031
569092319
418188938
495222179
803056917
1863914132
1326153914
1406248074
1826703123
1268780118
1307206715
199829010
1733042765
52985682
1143847075
1437849935
1966994538
2129641579
351031638
196702275
1172432330
878081814
1343022741
1512650970
1027556242
1477165500
490742656
128372457
341665851
918627729
1471677857
377259883
1487720048
1889866796
872482062
143293318
1606297280
51152329
1549541392
1285516755
1319932447
709264460
1485345766
905491564
762250142
481709193
195857852
581761032
463867124
546889490
778463307
1636299454
1424971305
2121486049
1001466777
305043899
1451167901
1492209433
433416356
1792833752
263353514
1905094214
22609987
1751073563
1647477362
895092050
1894366881
1106290994
946244379
1296424625
244324101
118693178
2005689085
1729669867
1024184742
620455579
63895412
1220042594
1202216612
527762536
1766932085
1980679919
16578343
1044419742
1954682320
1018045120
1349463641
1258366573
362770905
1782879998
903716678
626124420
1540490564
926326665
229714335
1040484278
1821418715
2124081216
2146775272
620179446
1273022193
243615725
738872624
1131227631
1973285593
1763057367
1751683210
2037181005
835616313
806416174
417459894
455064750
639612446
434038237
1499484492
446811118
1452083357
701464486
1705177692
1814854262
336860836
461410722
293495034
1877351400
1387737387
523209369
770352030
1061672455
499806937
769643654
1681851901
1772829131
1013259379
273240878
756573114
839061324
2036298245
360772676
728758682
724430910
1167188851
1146218576
1179495661
1806801297
1580256813
531496505
106128767
884856522
1232960991
1811306459
552227136
1569821827
125233533
845722171
1299689579
1512970921
1368931540
2070041609
427159728
1868738478
692201615
2109011629
1494083961
1705460995
234768859
103173427
397038671
123583456
463946103
1125797353
848014367
1631134954
124532281
2027510028
1290452603
1704789094
411522885
1396581371
442161968
1644483877
1060404182
994389105
1066822056
1185637716
1840111276
219027988
551124989
1061559168
141585949
978284717
782813998
833787565
939812698
129414311
391764912
1174581558
232587738
788803583
1298165014
696533842
1914600937
2146179381
180185148
2039133218
2026205761
1470637752
1596438665
290244999
719735475
2038600633
1934728876
1780139657
885506090
854067284
818293725
578133718
1073095272
1369418714
1639692887
1214681222
200219783
275023237
2048468787
1140032482
404437549
292750051
167130392
637025287
1081553634
1465295406
1333559129
848670923
1463991140
1513744278
740320494
1342713253
836898382
189275511
1632958252
1556633857
80392496
1420203480
1189289866
965898587
126787117
2007583592
1544032305
1199882389
1229518658
1036241544
267079963
1429738442
1311264782
168065102
422287276
1715702331
460815153
589417668
205243970
1542368788
2054713074
1538803100
243556063
1371220566
905063730
983876557
566450172
1741962112
1173152068
51924776
1151112321
1253544565
1472128257
192918539
71959504
1598915374
53018483
1615991809
651314115
1282537142
504749706
918394079
564791936
1816014488
1086459181
987079212
1384233171
1547274335
1576496880
1589477141
942159475
1483726306
980796593
1185715538
707463225
1885860323
22108448
1273913397
1480338787
1195260516
1325838173
483967460
301321433
650482782
676886000
373280937
101914508
729904483
1989272747
753228624
2012441625
346538805
1671622703
429749913
15069645
610598236
1416829125
1399302816
10388923
845842357
841296309
952548398
182085016
1822092903
2138263937
889548241
1560469578
12888737
15977990
893324718
1208149253
1341816163
1377292178
1509470687
1992298946
2054178178
1882751624
2094213454
636599014
1724540723
699958430
501556991
2071079528
224097485
931306905
2086149173
834695722
200652382
1337968341
845084645
1046494740
31781003
1797633044
1228579756
1853873906
1788413333
2118127997
1266859836
1801302070
2134105987
12700906
861967675
1328438502
1389993085
223954714
1173253800
1296687615
2106706339
1119983607
1933286629
1683763414
1819942037
287359973
1607359295
2044039523
1218666878
1546024820
731251597
1419319260
736509514
1576336242
318330352
768290517
1226485638
1546910108
474680775
867415323
1517554457
1741540611
521233745
1504176796
1754241518
1383201421
685131651
996750955
1607156135
1858385451
145954922
1566378826
830885410
2079241552
1102658593
503343800
219117877
562534240
399899675
1437784755
2108559060
1131151272
709620367
697584926
560003866
1027950720
1465875443
1786489505
427377180
1940556218
506421180
1944931638
1534613182
1027654926
1301624786
1141371052
263372699
1986756437
2138122007
1870528834
1697658241
136593281
1289424013
381060003
68351185
244598958
884403803
287469062
807133198
1284303478
1725253817
768208610
267971102
287390537
1465793537
827974969
1315341257
784185332
466980826
1742718437
577257903
973402006
1540166427
2111871085
2001056932
694307566
1105758489
116945983
533580355
1096396848
1987474818
83754948
1232990129
1129415183
464814952
1301341315
1374014141
1349218755
1588810377
33663691
486038586
1166580547
801872301
754009688
1453971084
120182190
1581984657
621828693
904367523
2048965483
217063482
1481625426
874883842
1757229910
1446012863
728457126
304053828
404287704
845403110
837634183
1500684552
685394280
921389132
586191033
1814809463
1386204084
1887532348
1041339956
587939191
1328859078
1075003647
1073977777
347955977
1876875948
1827987466
1801927061
1997058139
1262488475
276272106
753942014
1163970311
493335588
88083792
2038854153
103081850
1534096655
619827631
407135678
1938384359
1465230741
1244769862
1291585263
3141373
18675346
1877776296
1817950836
1404879430
1617824997
711807144
1992818621
799200427
1786810791
919312751
1147156404
1516203092
599816569
801599817
1365777583
1862305044
1077871923
2119719597
878791707
1571207511
60319741
770162212
1674289362
1594416396
1389989844
2081425040
1385317107
707736937
1178711254
529418722
710878311
1197386600
259711370
381345499
454782382
1877536367
1093152644
300117356
529253146
732479787
1219430107
1676409550
101199231
1819246676
330525719
1466976814
1534068072
1408397642
1439212763
265376132
832121506
1499532504
1035538344
358927220
946465252
278044540
292868612
184298711
985781478
1471579867
713717433
1696659789
521482819
973428804
2078005288
976265202
703481523
1023674284
1276382558
1232734670
1756154072
348329017
761660572
1857353303
20092045
1092186292
1176846470
1554160117
353100286
468575585
1819536249
1185221792
1968108090
707590946
1544149012
767089694
985635486
1837017625
951388406
1971416964
1161113844
1665105839
1520593105
1682596663
491050995
1451114746
511378217
1194532519
327305382
1787760775
279783541
2083459454
2136089792
1041444113
1793329110
8698189
2133630405
822691932
1562858307
339247044
1291267517
1234910908
1524468836
1111891959
1942501854
921134201
1878981654
780653693
610668178
682886412
604587009
1771782022
200508603
2125180115
1306895037
691559599
1428811213
1818273255
1886092118
1756116595
1458550382
18392011
1692092402
1447156527
1059836124
1337937864
1455854716
1045982882
13146148
871229375
1385229926
1304413665
2106140284
762215114
268821977
1901158490
1683349315
319983
534328535
146533845
683206395
1138915545
1918315867
883714998
1116612012
1077727257
1575274597
397939577
748516864
1313883067
6572524
59583598
1332275078
1698664926
1506740125
244627555
889119142
815111194
1290610437
902265290
1686340569
528356715
59195308
1644997205
1290571829
328017285
1398672048
826437497
328337268
1933000583
972971342
1011543663
924432480
743803562
1895258661
2041044492
1821530819
1323049611
291500421
422564035
489449030
298072946
482147633
1821724109
1996737872
1988887759
2066351664
738373367
656515305
1209478453
1640638657
195372226
1737835168
1699833965
1840369432
880923349
2027851250
1091557832
1707360846
208704870
877074767
532848541
1220248533
1801507248
1276652103
968023547
1695068092
950699274
143589510
1986568514
1373263309
633038540
137157812
1855410942
307279001
2133895684
1696815053
226147017
724785403
205846710
1435625470
217940413
401218937
1025976990
1917774378
94104721
1906900340
1798141981
1185662553
1466777538
2006846851
2062737320
1999626079
1079611737
1716760920
1128794534
2047635284
1264345365
2079493808
43741146
1103430231
1305273469
676779686
1240588043
1013200764
984058688
1227000079
562532169
1210205705
1951785483
768378880
498347528
22242248
1169597817
1524324518
1940016626
1263702538
1283741210
1590674959
301881443
603035101
1450038163
217135115
455177532
382166252
1933896036
1583972067
282317888
1050757753
1515982227
326059034
6704336
673772049
1002838720
1247292379
1686972813
1986897408
326808810
102021334
1049619466
131110645
870400214
1547966994
153352893
2039998031
924807864
2093369520
1156216921
61065427
1536560831
1458098364
664100528
839115346
1675233480
1119278060
1221281598
1461645868
555766479
1503599486
364919973
2071748707
1829658520
371624309
598037108
685013593
1618916688
137526273
524427353
1945725498
239547607
1574046819
2076836144
1109947822
974530165
82705389
1002462205
1899338030
28591261
11195479
1960403457
1565152093
1469293843
477020337
256783791
997043675
1596298397
1478065390
311205895
4581229
834181228
676125868
2076329936
516356101
1047750177
526883396
1201369694
519183217
664409669
1725797047
317425068
903957276
1152360219
246777564
2013905098
2126890384
329482953
868883656
1878744766
358074215
880079135
1691664575
1923226308
201889330
21201264
32526451
1198933006
1617499662
1510591841
1510138901
1622080891
197289422
38781122
1550927179
713645523
1086531299
2077810575
1915015217
1605714517
594736596
1493328616
1923139585
1498693872
498205187
22433501
1365115323
477611924
351916454
86515331
208873042
709990669
966594466
1900537618
485733329
1168483796
1921738882
518259781
219933154
1391754896
2028851622
1730072056
866352139
78657396
1768853178
269795670
792302919
707900829
200122597
559834488
166131698
794859193
2053163105
2089271283
146069418
403884644
2111704784
1511184741
881496568
316137591
1597700072
1090369611
1026128260
416810890
843423581
1511861590
1585294686
617678815
2030121371
1805227841
2009433712
1911489345
1387816249
728302203
1990146742
1009185779
998097874
634966013
1717086608
1198220471
1194800502
1883218307
1993079665
1100479959
1825005942
2139149083
1504364603
1789227079
1502850176
238377524
2105364670
953066600
1328747135
984009282
1369877490
24687068
348387224
807688528
642365883
231024947
465432721
504315947
2142514293
1853248970
1232618151
1985177387
714951101
83232377
472659752
284554062
1281452848
1667460254
20288721
1127048865
620456565
1845294663
1118714300
2124821169
1487038094
474080828
215715045
1444919116
1427147428
1544462180
281444751
649541270
1569149248
629831975
1457229799
64031483
860856923
1922662520
568347431
855887568
1628427843
1800965582
693581307
195895296
1884197959
1166241059
480449358
1018167159
686217666
500738079
2145216025
1306674231
198549095
1116446677
1284011752
1685587189
1590527506
1499726797
983022658
870191286
896705329
1264467409
1519732557
318370929
1894299384
829478708
382402413
607672659
604657580
950749844
1463560227
85601775
604231778
9657886
281497072
340946089
1175898946
761946430
1359113248
1862116612
1262684510
1356845625
1021307195
1461233605
325808655
157835300
999337146
1916336161
1657562097
1982359804
639043799
406783779
1099343565
11292708
725154708
846159302
840771416
1107557121
1453831961
1445428997
2058306965
769908541
1531030772
515055095
779566427
1812527844
856001184
1955465373
426990627
67630785
1670098337
1689675137
1424476410
543921885
1003425094
1750285065
701757185
2002762240
1519137578
211835634
1837638397
10697730
618619413
789498314
21990438
1343774122
1635657616
862761855
303847595
942005930
160707204
214670913
1711914471
1691737976
729726008
343997250
1356782173
1585727193
151978976
1783772800
1653357978
1822077313
1325964289
930350740
218515550
181905735
533152158
920272735
37184327
2052289736
1132108370
1874822724
2062987466
1750727783
516837391
2084977905
947018257
5011359
800256112
1250865853
947017289
960963316
1465536766
511448112
505217644
47779126
855445363
1861999817
1633506319
1007424339
1498288969
1139380649
682018004
676769610
2069731390
900533555
858675345
455399900
1820806290
895859673
360205988
805431012
623198749
275709807
408675148
1140036140
213204064
1355693405
1145047500
1013460176
459075610
2092064789
1974423492
1924612376
456029254
332157488
1972391503
1311474617
46673658
1458414174
171415308
1544962627
450311176
853433312
74248590
372558918
1753966867
932923935
827958818
1427289510
1828783608
1188164806
85236874
304498710
1463874613
493912022
1444534850
1677078677
1849605428
442098702
543055205
161197390
386679844
369995049
2085809767
842709098
702152538
1910717622
6700067
748826196
1221648148
178115375
146305175
1671959324
1031548687
220553765
2044518242
638031907
1153477701
724993412
2065321417
834777661
1913158219
3074643
1139276371
1229549184
496986666
436327574
759144214
199108446
878426276
1302199419
360305836
1265106120
1672194469
298631955
2107815218
226863359
61865929
2114515285
975689555
1283514078
145147012
1121994730
807989754
1176695700
1342548496
705024349
1814727607
348542549
1430017761
1732565376
1183320210
1195692332
1735640019
175112934
277757869
85143037
611440508
1036902083
284251483
1489866784
191617854
644557320
607489257
1863812323
943189275
567820827
2090675682
1005055205
534852465
918881589
141085635
679999477
2040876320
949075389
1856695177
1235941168
1654099738
1523939136
1584483717
936633852
1109020864
620320279
2132326184
697177236
795433213
262600405
782320273
1406873721
1299502488
1066571757
749256858
1491120343
1711129077
1356746115
1207449018
506834704
1924566942
1150641053
1511889909
311935759
2069522642
1652975544
991935237
1962915314
454567286
701146766
1051372834
2108667024
77602255
488372903
897817228
1186623119
1108693183
882659765
1883800355
1904126396
1145260170
518636981
1163516470
297279011
1585208738
1912773328
1788399354
1148854167
1122035795
848364724
1655688871
899119089
1999005777
1020095133
1211054849
1921044772
525587029
55506438
1736476438
980154315
756653204
640365625
941337692
834255459
1128738528
1839154920
2020878579
89948063
574331037
1757195286
1994074460
1719591208
128348619
1010107282
2016870219
1713557357
775396962
1657785925
714927876
1897432757
358667001
223133100
649068198
210189131
1243228233
1860123047
2131233903
1768815262
1915629485
1720226693
601485930
524799042
213108670
1542823622
1359054501
1341847199
1234494894
1232449432
1431795262
1808825932
842161071
1278386074
1380933492
970509690
141009708
1250320063
536583400
916406670
760622340
1251511276
666355779
1119289341
1474644376
1315423978
1329478472
570388961
1028063377
1313228727
191720576
796209215
885971773
793206506
1321008257
1099080443
188546480
532579110
293443994
1423041374
1765028543
1725239257
1084383658
459705966
856141683
317833502
1430215656
997151392
1568153565
1966799056
1913558062
181292257
1070826685
432430194
1300581599
397987413
1747854172
482576423
968376375
628433901
1795805151
1160096951
1424643116
534293276
1953303457
598167725
1633373719
2141849937
1130746836
1926817714
1417407663
748291731
1504573323
354307674
1207997697
213231358
672141176
490729705
1210382750
92811094
310045114
976457165
274103351
1380871799
1408887359
1574684950
1778859212
1009257883
2057261374
599751939
1637691784
1705582877
1759848890
914851253
92392505
1565668699
1513018978
1725766224
1560034988
496282166
1505100290
829959004
1244573897
862189965
1184266678
305087946
1075421324
1856407854
795817652
138320426
1949218948
1105862766
1114777591
75838652
339250917
376181302
1650523602
2118110129
1385439185
1560301328
570378421
875647322
1118400557
182743663
1790498575
1210793062
1748412363
1156033905
789075639
1160963703
1652316072
146692281
1990922707
749406321
1008882247
1027705737
1054494268
2084303571
736629944
1850311920
75140349
538365244
808691038
1189917941
614203896
1147941955
1566099243
117243851
1118568436
804054781
1677545179
1688946857
1679702103
648462089
1871690521
1322717030
1859255151
1472619236
331267287
500847142
486099291
1983583359
647539424
329538351
585506033
1656421671
1357244088
1640000301
1593241594
2093874032
1342828573
1668381943
484755629
4035963
710816236
1098959525
1151977918
129431832
1216203376
123062706
933486613
746264908
1812009564
465705068
1394726997
1536216437
1788422098
1106498500
861352025
2119689385
1607345643
1347451316
1955789097
107401419
1676989667
393811482
1763823090
886750108
2033811783
1209581036
833140492
1229156708
730479331
1317896121
1233192671
1441295568
269371999
237686941
1570727400
1485575375
360749647
356730365
84356635
25275563
822435433
1479083632
1561492000
463373883
438098485
275360377
435579620
2045444128
1622811694
243885069
5361899
1152317713
637696551
1769184989
2039067821
524024686
831282377
724724666
1753181394
1561761708
2042620787
838890417
855573628
164509138
1076577358
278817380
1650084514
1437327006
635547745
1734441149
1462602569
1457983178
1066041134
876610922
1921357061
1504139619
1151971299
209453034
1402100099
627299345
453338103
1407461998
1779617059
1091034655
1029163339
1671201232
1615059341
1860445716
248442250
1220757088
1274723776
143579390
2059647505
2130297405
308088528
988741216
261631137
1958173042
278584574
897178883
1545130544
1741187143
207678413
463688030
470314417
2129035475
1967827649
1622285717
191004861
1222444100
102101414
644342964
482422450
1881718473
1735377619
1511585789
1405436058
1202953313
1224547857
1653878308
276226753
351787985
1797457698
188390610
334601742
2105546227
1177131826
596232880
1916235621
1455716400
1493411763
1313882517
1049419896
1701090176
1777570547
1519734313
1682642003
1597914548
994536382
1873646864
672875000
1096637797
370506181
1155297450
830872622
2105883800
519399591
88825032
1161353465
1743947448
1742703341
1437580218
2095735434
1392677391
1625970829
282853528
1350739970
655619007
879086408
1119491944
2111335408
225014523
285890813
1013271656
1926104700
2063461361
385522321
1461263055
1513892261
1380058704
1187426272
39283614
329212853
1557932453
1194581064
1160085475
1516332605
1713980656
1248910508
530202423
1310444456
844130201
1967782641
1258696242
89323944
1446269822
1541549771
1440063915
2101888830
273152531
412072211
2065740590
498167055
697963024
931528598
276788107
613940737
1317050919
1738051162
2127832999
549625975
777993786
19632965
878838828
188442591
1214214029
2038924304
1704775197
780711037
1140351164
87493972
2091155494
1984481365
2055276613
1202368088
2073805309
1354062788
596434211
1366385576
1308467970
869586743
1778457787
1226724912
1367753798
328937164
10769862
1644541905
942877901
1327820781
1235109419
923227252
1877446757
2013103206
942860217
608801937
54062149
9590599
500242593
1758837346
790301636
1640593757
1846331318
733973482
1477591474
1754124284
1936341571
1403913136
960703424
385292134
622815064
121687746
1254878877
253789204
1348412658
475149027
582726368
1359182520
2119690932
1525604269
539519653
1207316704
301347874
269482762
1072936262
1244208091
878284700
1126998411
1253798690
1378527293
738352110
2044100327
871637403
437199780
630590161
201745229
43840416
419448084
1605658365
1004543840
804740219
80989782
1126231586
2059619096
334778986
327160596
387284476
917505354
1686343116
359491760
295625975
78379122
1566808464
596973849
347861884
492261078
1841181941
1226146584
1619259490
947496983
457190230
210127952
844113662
1328827633
647327732
1474703824
1530572862
691168149
1894151908
988747580
1695711989
551408479
1069737362
674459928
463543928
1404516348
1001620524
850828404
174538054
540479993
1210320164
470164029
618859115
629644981
1067137879
966720999
1121906059
760836172
45383936
593681901
1708333155
502574166
803809853
404963170
1831401799
1451137586
1879666994
1214491013
2142305735
1626335254
55754945
1690534076
30260086
1125492307
217510356
493804014
382525007
1219130881
1344632418
557063061
1759610874
407468934
1027227091
230986341
1037113915
2094364970
1197707340
11536327
707717494
1243091276
605218228
268567001
1745665442
1409028082
673530171
1429583593
712682020
405713517
496590959
707504107
2032048772
552345904
250554535
2062308858
1677838212
468064892
408629224
2060363219
1687195773
1753261642
469942633
1299322999
13246928
1497169724
1530309340
1050360844
1444051046
580533032
1061897171
4284892
1823624309
1667115399
272851893
1421806103
928659833
946382065
703906049
1641341853
1352095582
1200497008
201362312
1236660706
1752842912
451916848
1151485916
1283197476
919981740
1560115140
1196077048
459693865
1165893134
1666019681
1759016864
1179140063
1015705757
1141842556
82017259
312273155
1722375588
1143914430
316558047
1398516249
663546181
589409940
672838705
1592206015
1535792005
1376744754
1086064220
740403940
429758114
1287426533
1977064646
35117378
1739343381
981066915
1318314855
511841473
393698407
366908255
971535338
1559591542
2032927936
583068554
591247957
901150045
1724911110
673265216
1213423200
1299803050
1817179646
1529981247
550835652
333242179
2119391187
1223674357
1925448194
1507699545
452935463
864028767
100619837
882693577
3971652
2077684483
917810955
1743315033
911267750
88642162
107672858
1304966158
455550417
1079208196
717074052
340994705
1662276750
1308322009
1242144750
1239704212
1981587225
308084302
392023614
1651283223
1838065549
942859266
1984525402
1809973089
19049975
1762489949
1170188986
471985438
479035068
1270808823
1354679015
483006720
1201009658
125006323
78838105
2112277409
213648485
186510963
1269759919
669198903
1265719159
1986833971
1010193608
780512261
1147672332
104854711
2020216473
981775909
412939013
264756439
485575484
103520915
1207615706
322617238
1913494004
1226665681
2085107187
936199342
1698651120
416658607
59524517
905846487
899665327
1260534175
1030852810
978503432
1225327936
1244501296
1165014395
347604207
1913700199
283249906
186954530
776410159
1063762167
1334626862
881264870
936494992
168919123
1294203884
1201251432
654494607
1397724799
261383490
977111846
1163735155
1488049171
914735385
2099934497
1039216643
1331393993
11975366
1945063131
83575672
1272509541
828432293
1062079105
350353830
2072933589
79609852
697958037
1839150140
362859759
884912568
468076652
1426621926
72055782
1349341522
215633271
240974906
496061758
1416884703
895469513
1893786557
1678268193
1872581359
910038064
1018833716
639833097
862488913
2058050360
1971227090
874464279
1855629843
2054802762
2146973821
536578488
969398219
349844003
462028430
1049008072
1047802040
153694922
1411867831
1932714608
621771574
691006109
2004770391
1971113097
906639380
98261649
319691207
176040435
993731162
65994117
1854308628
718828874
976032181
725658697
1358661971
1838521095
636225409
1182405413
565501726
344371604
1089724527
564991899
880950092
2059122747
914835902
1342978522
960647171
1962637943
1496673445
225031354
1747868903
2118445019
916037463
1605155646
1942074468
1822676844
1703417295
114282028
1998717279
549664810
180276145
1705542260
1268493684
1156308326
283717309
479672007
847345773
919942718
1662077420
1412847500
1264314322
604318299
1977839399
2145264414
515957398
745191654
1340759289
1476604569
560345949
689949086
1701635923
160731204
660910457
470189739
1765886851
455501278
145382935
1321820498
569783306
2144100214
1871485308
750059451
1702158826
992495344
1906367777
1985876135
1472167351
606229903
758335205
986761123
2019077403
2022649527
1591079423
1849433154
2020430294
2107036821
447141160
1213705935
1436157743
1007487109
1903655021
990310018
1168218314
417081830
1460499757
786621517
872583108
1605882692
2108442015
1442366414
1602499259
1832443676
44942217
1157174437
677455372
1951309995
995566925
2139076
410056250
1753902130
988900199
281650005
1629068010
432495974
2131083159
1502014656
392049148
430740672
568236943
1828206891
1438227781
324408316
671033261
458962447
741490146
2131533019
1245583964
1614073255
1589932063
1206542332
908956021
1044947674
891502360
953898239
54638464
1568957732
757724586
1050205389
1571096808
1167780836
656623871
412513360
1449430841
138208233
845009334
1433030352
1640222889
1237058482
1863771024
60976184
917781725
1154515158
385384500
1588814987
1613477605
1126874647
1572864358
711577922
593464254
1015312773
1918120254
1502420275
2060260448
662138966
308834866
2114898912
83613050
1066559452
1017620653
1654709859
86856640
1674244524
2067223219
1536287481
1812452758
764748905
821834186
1305191999
2001807388
538121562
1366168184
772105465
1692636720
1751552684
213436804
1158630678
730943683
1786301162
1870208600
1324407937
654130288
1640845206
679344565
566907088
155500524
988179431
534322352
239113574
2054738884
1551943005
1893823433
2141595524
1078703881
1813563004
1530399358
743672991
430828262
204749896
2048864991
285152002
742871458
1267549527
1057257467
288024531
871618563
1270694272
1446655209
1602562247
909511786
1169380161
779486536
1563642074
662741719
1458831101
2130549162
818242243
299526885
517387866
1057355817
206782121
2069330871
803695603
200893997
1000551105
469774959
1731293355
1744224096
900603221
1936043251
1645605439
1185755223
531431062
765671318
95529043
819455593
1637289882
1366223315
118627154
1092368481
128251453
1288007315
1871855017
1691893528
1950749034
1183202471
1674959042
621507629
1482729356
44863261
1678863446
1689511477
2114194132
335075401
1890405474
967261589
804850361
1474215182
564002038
1705453582
1262774785
62123829
743725158
1794205847
827795148
839254201
466177792
317601382
57993868
584804946
1409969863
186245321
1872812261
1134341232
1878138849
1676077647
170060055
1405614244
150101628
1652789411
1450477505
1828965075
1194817240
1417187989
16556828
937739067
236965931
821407189
264470601
800967969
379377124
1527245386
863091798
1123102282
1173967586
1690886946
1962356483
1640145378
2008488328
2020350351
77466677
1270974543
59112024
1950278938
257832128
1937250874
1478872938
427892183
1195381470
1628974566
2080681595
498375327
1310455993
1128015187
1915563316
1327012822
2065754254
5045599
936363
182741207
806013568
380313487
1709986594
1669105367
1503415769
736470532
1212508665
1318288604
229132262
1073513346
1191155307
306598939
197004241
1250267332
109394230
454836369
1040034558
1588267168
882728553
87932380
1069758086
815926500
586307707
232730432
1943941687
354387375
1559743254
1862212294
359432975
1560679617
2044953501
1165446543
1940993105
1607456447
687068262
1296925226
196443331
1899576928
467730183
425575594
825606626
1658885490
732174533
1022610867
761669174
841568763
1477447237
1801703732
282352283
212692142
1889636112
1352110370
1028618642
328460171
1584840802
825076681
682847547
997100408
539805327
1042280522
410296377
437275181
60243417
203805834
2044731628
747311680
1500731061
93691312
499404960
1968461244
519266906
1325011586
1479863086
1251441439
200138805
94048613
2093010203
1677586042
1895752345
227878838
1890278184
1637904810
1579989208
771413178
1966364981
1017346362
1596489860
501728880
2014446770
2136295187
1544009402
277259500
426086720
1604252820
481065334
323334701
204080852
1981796395
417026013
703485812
1802773991
936292919
2028497398
1135153430
40250710
81152555
1229202043
2133260913
1758738598
977470740
213656104
1501533134
467891902
1793645312
125462665
286773236
663508027
1721952525
788502116
530471149
1710764064
185027871
807730649
2136850785
1789280691
1288795984
312701838
1993361543
1123108731
729727851
549363707
778399075
1666020770
430377457
1913552505
1706271480
511530012
995270900
1692048746
122784962
1972741640
1905704850
1624318097
293149895
1551866514
1749780762
579923131
67890893
1324249639
1368425247
598362043
887530055
1553453118
1406092692
876897192
1195250161
547405028
1189599030
1041128056
1670513760
1919326881
1590491763
301429187
1437864003
2020869220
67498044
996651836
384915585
1062768944
541216934
507700547
888026936
299438136
2132018644
1181176831
1851304650
1734315758
1761099962
1919195544
911081749
982041562
370073939
1798611805
388011032
1776166631
528025349
1583261194
176088012
1717624380
476905602
1846601772
1489467613
2067397366
547311
779847969
1940782938
68045355
1776499805
178214875
1130814299
170233091
685915423
2018841235
469671227
670450419
1052534419
173492229
257282530
666150733
2092687773
1168364279
1648192295
315278064
819492436
2036203328
2091444696
1347517786
1471980874
120049060
917658518
1948886476
1966650832
259642483
1868800194
1967198143
1039490452
1662099485
2035243498
668506609
1840314360
1018574149
838739700
378746135
889931736
1308410927
1049196555
1942466155
1481903157
1306479085
461133241
1427107282
327359716
2109325536
1742385347
1146852153
1998045216
1686346395
346886291
1322542442
1806395455
1264544809
1123945271
1625562639
1524187292
845261817
1445277134
416194097
359877654
1333036984
1084700706
52708367
204127485
1923440407
431454502
1094059221
1084367686
1480651057
889041729
418787195
639646494
1350174970
1845894478
967006211
1312016858
1440796177
2113858364
1162578427
979658924
313261007
337637221
638570731
1577805816
1461582492
116649722
954509460
159360662
1561926856
1370703557
519238316
747480192
307920616
571946683
951607677
83877375
1003401186
2045666898
1168245061
336568595
787224979
1587032257
976215090
2137399949
1285443087
1943221301
1301933160
578755616
1909596017
317027939
1558414540
75373376
654665160
49501623
1653179192
2116247653
166151345
460205004
128124667
1728078201
1830908562
647362983
328074745
2138829178
1219309667
1279682422
75222905
75227205
1177865672
1243467966
411795800
1965090652
683016575
1388010890
1955006953
1968459662
1183748543
1109456465
399731630
945860912
1426484404
1958146170
1021234288
2081149565
2007647793
526929832
2049913570
26315490
987134837
30554589
1754393691
670559751
677917572
2082468436
661905281
1897227239
1214667210
737128186
1972454444
245049235
1980596152
236766597
62656239
516129080
1624777487
2017663192
337105094
661042383
979636010
736836725
1606903295
258636766
547499247
480653936
192302683
407663393
1007583768
94732605
433978883
1994718605
125287194
40888927
517794708
803204767
2123357363
1179699989
552948358
1190540926
1916828175
377919155
1435590161
1749940680
614685752
1498246400
118586112
91979591
1368425944
455691206
753021974
200578306
1192527931
212441622
459215073
1740027179
693095558
651517756
206924
1700679326
746250362
434185807
1547914284
871537556
475074734
2065708992
1674742323
450948450
1097925334
80207034
1641489376
867269861
458126189
929595889
469726893
1072811941
280358641
588313005
1164791532
1648784585
1044004212
1917813507
1849362892
89048495
2130255129
161094317
1829075674
675867039
812612073
1829282598
229062717
1558862435
115984758
1776977001
282916344
591059492
1695202346
1957658667
1042007942
645644032
2037865701
536013670
1512913893
348508242
1465609559
1982640787
1421320183
1745968200
423470144
438628068
1247269138
1467474356
208957927
949148382
1556522852
191729408
1110242699
1238114878
867596447
1922854772
919913829
1096659164
1334233560
1035898587
726152518
1617149904
1626958079
273871216
1427324923
521482374
919515248
1317706977
1057496044
284945493
1666215219
375621956
120102632
940051755
2121590156
543572777
1378679823
1221375646
2011047133
1587637750
23040380
1420086337
1779367158
1133283079
510717568
499479957
908654204
1430631397
1596139121
95404116
319046336
174807991
1712554020
1946004415
448679207
992395295
320003141
1368194455
162618624
1377499186
1653139949
1828833844
1753121142
1773242581
621401951
1727227650
169331710
2000081774
801119649
32895196
1440235876
824160029
1452981533
1072119386
1957443109
1963699101
1571599343
718613665
1246846850
1020254816
814017781
1565893186
1195062808
379088153
1364413954
1643742015
1371483448
1684417095
864452823
1534102073
914432633
370109124
1215452269
520070127
2143351705
1836854220
99814130
165199768
1689452346
900933779
198094964
982204574
1725093808
1651076497
2054323960
1535053269
1467291951
1478439655
106183286
566655153
351210823
920201067
2132548340
1546273631
1299289220
1349478646
1042531999
523289021
886412093
1906984822
2057391094
1800844727
129610298
1125359715
173431206
125478355
814730287
273245336
290678123
356698985
1174179115
488773087
1338903559
751789276
2139849585
1245743871
139358897
1459657888
576699878
245542184
2026313041
927910701
1165743251
2011377733
326700685
317548824
1213372731
1369232684
840837845
2099784825
1128733858
750745291
1753145904
1258344156
1876105006
1926577110
1383822511
543351645
52338799
1674500635
900050630
1226517914
15790074
91470541
1978307190
8156011
1337214412
2117666088
1467813899
1913914290
215724624
1346643293
694341343
1381467875
1210537378
1021042028
1699016699
276426462
242791064
392370896
228727639
1371524922
1143116187
1981873543
482385430
871737545
1760967005
1866207942
1415089190
1813305804
1393224929
167656172
892340071
1409015003
259126713
723163613
1417171015
1596341125
693346053
737501266
1362771767
909070677
2084144559
2057113111
143054905
1147198290
930671491
1842071604
1423624752
1173462556
86958853
1652352391
397503830
1230075040
1486742286
879889261
2101812586
1100225643
598613555
1369418128
766047800
1991838484
1537074301
1658387871
1253369839
1796201014
234067836
523057206
1245058492
927413890
1260558473
460346611
1836484567
1197219384
369976074
1979539472
196934026
1300647566
1674127429
1620558778
326626474
1761086282
1125427521
724130304
843677674
464686159
1604019565
798006612
1564911803
55149472
19941093
183475955
2046987956
1557015394
1841863826
1152874148
1205732760
2075931662
1675931354
303307604
855861904
789006179
763654216
544862824
1986225564
1133630290
376918648
35675942
286794208
2051046077
1656234721
613420682
1664648711
634178594
1337550987
360842738
1098864754
794086904
1158849350
516292909
849236377
1178790443
699768864
748740685
588322189
394149042
1901614833
1794054950
322597056
1430062540
2097362554
1178458961
71585071
713533122
1723321785
2057810635
1847163413
2100240433
2093486578
2133957621
2003802863
1602237651
599894656
1520967926
88932597
1937445643
1881810664
1187797351
584048899
893176367
1704090260
1433285276
2071966810
256375476
34542314
512805352
650524518
1936157147
159376654
973121575
1218736039
109255560
4096888
1290321111
822788683
1727418673
1200648098
522468448
1680175458
1146651028
508942421
1536494673
601405031
1108837077
909978952
690337629
898799072
644305968
1878134980
1482847972
1537482335
1434741593
768649600
1461965498
1691117069
803191914
1974770850
194157940
591865414
2134147504
1167279515
1810601453
95919416
1171376403
953438916
918708099
751311428
6603367
1441176547
284003238
1153254395
1950118969
1820497912
1754659427
911472398
582993216
297513408
1810271471
1227299184
28164740
1145635795
617297872
1462906333
1914285395
2079263370
1006539755
569993662
1906550572
1200697695
1161859076
1893214428
220493562
824976881
1989133844
1391869965
1778415798
760358296
2143181393
1785019165
54051195
279700983
790789912
2004170164
2100198895
397965691
768158915
535708463
695479099
430946738
1763007648
723643840
1576582533
232821872
39066525
1343384280
164601594
1045606280
1913377942
2071152166
98820327
927753370
1816882946
319313889
1752730252
1658533142
1711183854
1383662402
271407790
1706881599
1021197919
325458986
1986582583
1811987831
182145502
1939297830
62469875
950304417
327522646
757948974
1381251155
2090530294
1481592814
810350040
175868518
1520659340
6250673
340470112
418781972
1919628615
264138630
517602300
699898338
2081021576
836916189
305144942
1592071070
400616396
1688807344
1863478861
2107497995
562521615
41454199
1946596930
227025798
223599701
1738411113
289495673
1173904119
2065933759
1047444648
407671626
2008980405
381553814
1218021667
37365275
1902213154
1224272340
377835387
173511479
996417307
641974017
691113779
1696315645
575511945
1528029968
2001460587
20099367
1928646364
1542784283
1883578228
1888660712
2105305898
1925032427
1687773994
184848049
1148481
1278701459
474343722
1175052600
1197151570
1521788370
1582724226
1058648327
1903342185
653262245
1096013602
1658071691
1877534585
1473848989
1831583170
726468245
2115823006
375213301
275300242
543851303
1903243270
129277182
563950671
1684405986
1672061465
300045251
1425583050
1629883716
77594031
965873397
1814731765
78742512
97091208
141591839
1253795112
1294242779
1663380210
689035690
205407458
1419238747
1342297936
1301421061
929826790
1072348873
627786402
613926313
1798817118
596125761
989139614
2074117361
1139977064
744899236
55910895
1703927735
281821575
1727972360
2003972987
1707404625
1210372428
2081567018
525794374
877620545
12825882
622885583
1019212385
1266620994
1917128362
535108947
1955656684
2122535820
1954347694
1150470972
1276473233
736690836
75336198
1904259636
1350617149
1874153316
352901749
192273116
1800787029
1492878813
937172352
1856697924
1049322901
1218993927
1437186637
905812240
778914905
500075417
839895610
1304709279
1377695963
852721492
1927594862
249424700
2119342486
1697239576
784533647
1927515522
1672291749
591397693
930502847
801281334
1328088529
1005839045
558057322
531222031
732508713
910959071
723495147
385812095
256354237
1660667499
95026371
1305677138
732177779
1532213008
64005730
1511092684
2032288426
903901340
668318315
1262500741
1756622832
448429530
1511925441
1728481670
2145669106
148975440
1508513544
1670477207
740373133
291532743
324274894
2068461662
1297371788
882332216
452200045
2029880502
1793291288
1175695192
268208949
2049645525
688879044
363235320
1207839015
1421056823
1895448329
1271844745
784665859
1780253107
28262437
1452984174
895270200
1784885269
1901413704
259711993
1365883291
1899599163
408687433
726913187
1422592722
1149060566
1018445931
1746867616
1070038580
168334071
481716185
1522238626
50730925
127523825
550450170
318939874
29685702
1239329214
682175195
1237524717
512902389
430139876
361885814
1297568248
62909335
390148251
603068775
958179535
27549872
356998831
1217891528
1393433163
109114346
1626578961
2120346350
1531707069
628155879
991308633
1131091037
1698194459
1159642705
1612807222
1072949437
1210373630
1740331047
1623399608
1529313505
1770016749
715245174
64005052
860057818
1228147564
494144928
1221943632
378232164
557054263
1612091883
981300939
1515233798
1639641755
1338299771
585641678
885591270
1447414117
64736991
858453973
831637538
692892870
1849762606
1962728576
243603681
861921663
1428052150
1316553119
2072295294
1020899550
792469079
1454125151
643432651
1507714253
1518130203
1503490470
588378169
2012275131
577950454
966610334
421845746
42558690
1947911273
1937079544
1682200445
1138727396
375237574
420308068
438657866
439974565
1278762041
1270295404
1132867435
981040999
1085540332
1376471116
1842962663
366108835
545540587
1767774309
1387008385
1338009666
1074415812
2030441036
698240272
445062367
1386447858
1286618441
309853850
1964398313
105745127
731699596
2006957003
2053656401
521295492
1541673800
1044900149
896533066
1961981868
1483558015
1336507631
1093260261
606369772
321891418
2074301261
1691910104
1698362534
1769780276
2058018939
96419474
1390070937
1297543676
1434429140
317003101
1180501065
2132669412
762065468
419465275
1271804206
1071919318
236379940
1377549333
1803618914
95853295
1283722086
177430758
1637527096
181138588
1073963824
1452025316
1664696603
262987807
397801930
123582727
584879225
324619543
1815492832
135758111
2094399819
1726028123
232177585
1336987108
876088152
1666606726
1653990209
2056589217
1651792490
268572029
328570844
776113048
1340491347
564950785
6178734
996626613
660804080
1289900820
1174057371
150847528
1471039408
100537547
1602872845
988252364
363525354
2000674775
1111835091
948404579
177810670
779844275
1084162690
124726841
358388751
1316340276
1461713949
1234476903
835463354
968220510
1143582472
339772196
1236792539
1472153316
1115885245
429800238
2037104101
1122063979
1426426851
550424534
264481151
453000574
701272062
1735520560
553538121
156661259
576289276
917063475
9852386
1688124367
1865468054
187663056
320484995
802147096
312389897
678873746
2118487372
1774103846
1913350649
806467078
594840708
909449473
1146239275
1831633247
234119141
114640872
113949837
123739595
1236704851
1540376688
674164129
1501186002
1993377262
1375436191
1089222914
399431735
1532097451
1665512190
1316495210
1541949837
1206152910
1034479616
1729612894
1526637905
1836626713
2042002791
58028003
1807630437
1668622990
1971378652
466613868
115980050
733344477
1612853143
1947613298
967463618
1727494015
2061563135
1091203213
816715218
1454456176
1765367342
170417572
1300349790
993319886
1259640487
1699781526
377933689
777669029
868793088
1919883526
1983821939
1903272705
1502012772
1362976196
1592415770
1396531916
1421004199
1252562559
917671258
1244899203
1719176427
1033651308
1978243680
1184545922
833780958
798223651
764556289
747860446
1889426864
1581271507
54832974
1507310559
1751689080
1355182764
353146797
863845919
907480642
731080486
1641514948
1776273731
503480364
1477853240
1532062788
2005493137
693345788
976994910
1254541405
2114349988
82073821
24729015
1211765543
1801250249
1058380323
1042525576
838312523
1892161282
1840749227
1602868813
492538080
1582692443
1036656672
547371054
942519354
640862104
1902553818
1295666151
1504708023
662550813
2026746637
998739324
291340896
382743354
329108916
1823403684
240752843
1022454704
652914946
1495294248
989321044
734988767
1520023263
53602940
388755368
430919938
1096128516
1227067892
175597572
789394095
682453057
668135652
224602890
1719109729
1215506706
1167122245
212488186
970576877
315304748
1717196209
1633127690
194567738
568451885
1924468586
577311092
897560801
1600388622
818063935
1920015506
105819920
165874535
761852902
840808687
1685897798
