601225705
506459083
1968784002
1022979404
1717508647
1203760375
1195641871
1043118245
1064371446
1937778973
43575129
224213312
1639381721
566502358
105078557
1056378203
532906826
730120253
997847620
50915469
839766588
2077156866
239831649
866119000
408360496
1113860435
1305037933
307858598
194317226
1091026917
2141310338
795542931
1597486000
1962610693
1818522335
1167510999
1018887420
866680558
63145596
2083258866
656975884
106720725
159988531
148873957
673223083
265067088
1205252161
1206129909
995187341
55616133
1257045379
1834953929
2132772999
1496877028
553589282
393649847
463253815
1858627215
701508446
657571041
802170484
695335136
1453113972
252172836
510462181
1124152660
1419683836
1529349602
1990833218
1482829432
1465124820
500325454
1589550158
1625113351
649199412
115289593
1890180440
1854451573
1321419503
737884133
1910067706
430981234
425354415
1895357057
1927858262
978943697
141523257
243628430
690087264
843031703
901199471
1492257749
1538366839
206829796
1744430585
2048829021
1330982456
1016630773
1430694975
1174332026
351976558
748336147
1674657481
1941526716
225965851
176373245
2056816309
2116146291
2030824818
1230752164
706546776
1793408876
1661733398
1131901191
1541282285
1442108013
2110844888
1682805542
1685736443
653448505
378353597
439452266
2145706254
1916720437
646282062
1742653191
1818065810
1977264518
611800317
1101277137
1004112897
963776875
1849613284
531286730
757819943
2075579135
707659975
667152604
2044241778
591001145
1897904769
603304907
236926373
1412154519
1735206098
1778208658
706778884
1698567339
1313530553
245031679
204532196
1691884150
684483946
202754802
1461120939
1330766008
1945407993
1131703101
1160546879
409724662
85496590
17176128
1373501537
1935109875
548462858
2131321480
1863205362
1256122833
650990437
1759963493
1847123978
401411558
215784752
2084050351
1813566077
1950990850
1714775361
372861314
1502074541
880822266
617892993
1706606737
425222769
1302376939
1909361539
1886343708
485659300
1707285885
870563162
1646206179
2117010547
956059752
1663382307
1343028437
743685979
64361517
1326866269
459407694
1320484350
1977856706
71887539
1020124680
231784616
287672291
956691383
2045350694
91179493
523983096
270728360
1593254035
1404805363
888621353
1152377124
1830028132
43514645
914255016
1568888192
529173945
474057253
291967706
27896476
443584152
1248027459
1691278783
1786612589
1991713438
1755640300
965995211
303637484
928641002
796368269
375525023
1948765682
1028152886
663197314
757973417
926019932
754376808
1281956513
1196748292
200147195
539278228
2085369645
1352524319
221822712
2128884290
119295687
1790710905
510574587
593352940
2082678611
538471063
1036937093
1183222422
82266198
676066034
1027452213
1837906498
1642061245
1331089697
619063852
290945867
1706614721
420345886
1319098753
222328387
1178319303
97635037
976705195
312792169
1294383329
1176852390
852070397
1232269326
381893062
1073893110
1213669969
501188749
717120367
1724244556
1094541690
652315330
115231972
2131478783
1835537753
197498170
660061169
715506318
2035404669
154638767
2046596015
506984873
445584634
1605727088
927330760
1764683387
1828055476
2105650063
1862318424
657277023
270958584
1009218105
1834129414
1123028982
94003783
68538828
49438444
1307673752
569727577
766558811
884434661
1664269267
1418874141
999666633
1648264402
1106928246
1197164803
160841924
1822434564
1085085824
315480691
1721546932
1592070698
761065325
1179790372
371917810
378265064
860362200
330084225
93099840
1517639224
601042810
1102317945
1204284990
1724071792
1196321728
1272823818
1773510236
356511833
1842551395
392585399
1240946494
1359337015
1811459540
93129479
860117769
770904139
1290294282
1020959693
445855055
227896459
1336440384
19918339
1819967157
2097505709
1199708712
44401319
328287125
2060070912
374485544
421386965
1430226488
975528354
1523704910
487027830
552116498
572542991
1759851648
178143086
929054824
1454919396
570728485
22517670
666772763
234704378
115647149
1526890532
1005608517
1405941431
400366578
1451463572
1633837890
1736806962
1471381912
1306321399
1686829024
523606976
1350722718
2015116149
436194240
1725208263
289019467
1866420729
553252969
1812724377
205964911
1105369468
237783720
1965816560
1283512554
1166838544
1273252308
1854241040
1189356214
1940025071
2088945418
1305003363
1319431955
947070287
563461147
1719798533
251050211
49815389
1309121848
1722432123
1356136789
848467224
98555451
559375859
716099725
534749692
137100474
1005119192
253686773
690353444
670359922
459651684
1795722912
908143642
277984596
931751818
2074982187
1551236904
638509210
1116854753
1343778327
579970980
274374469
515726635
1527041267
837835616
88041520
1778091479
887651005
1397163368
1353039954
96304146
98146944
1451595406
655680006
814246670
1986345098
792780480
1819365862
92548223
1483133924
342242136
552199907
1131373188
1250385779
830184504
2063125007
1177884318
233937760
554150569
147255423
1577716088
1134121550
421629892
2093442723
513679169
1259465508
34000595
144287000
2147116514
1431163964
1497326955
95937012
1529310908
801438713
751617018
196073930
640300163
1544397499
2015439793
732848386
880047775
210198281
1285048293
2011420964
1460584060
2115232797
1927062323
490984730
201686910
333729244
638240154
1779402998
1467850794
1059870046
1725362073
1981529964
171851907
1759362668
2125816964
171484773
1043042984
1475660271
267421785
424870245
129615336
1019038804
620944175
769915499
415952655
488900320
1502763885
1296000430
699098602
640328531
1159937746
12199014
608077680
939516421
503183745
809764590
1273245666
1141423899
441683940
593612812
53810297
19562365
427659128
225662204
1778925034
405992445
397146977
674484370
1881652716
664568763
1099354615
2011268053
1683607567
1720298791
633699904
2099560222
61715463
2136463790
1248077004
760814065
629308673
260531103
773013080
1237386353
1200047524
1276196825
2047150944
325809542
270137076
341351236
919422355
323947373
360913602
1347081483
549609578
2139838636
1753073928
946756555
666839358
1487242997
1611325318
1766193974
1351027402
1147449237
1339009117
1984727306
1099525811
1400724580
1973707448
200119168
14054998
455532473
460650271
787068078
1692918827
1660697795
2063264903
1592586123
1986507338
185918331
1933937359
758446045
509865704
147367313
2105527528
1059475282
139722301
1711117809
2006231838
806561660
1050877158
1470073508
425271986
254420912
470039098
1764281103
91664570
1569564909
1017522035
2065372019
1769684077
1031577033
373420844
82850700
1818645111
2066339671
1743548496
1734426366
1511442146
1582572186
1920344697
1297895858
193534583
282726754
1445263171
151578463
1342202036
1584985473
1862696272
1200950226
244063485
766089782
523540087
669335471
1020510694
993579185
286132926
1112175265
415660446
1303654961
1030063636
37860876
187748347
1403484480
120711576
2006393458
1322340504
1864260072
1593336177
686299002
1299348610
1366197226
1984194860
1492883193
1648923980
1281974384
1644461657
843642369
719476209
1359674281
2044592595
963539694
2125764064
420649034
1632875165
998791110
1414228219
1919008091
2110966375
1829888666
1075179404
993546363
1867749542
1262927751
249547196
1988461118
1121837562
1571887700
1705237543
567690091
110703054
857102505
1933887317
2094897915
202502051
1435327650
1229388651
1846963708
131486371
1948864860
1059154341
28595318
764920906
1037434757
449244353
250312423
2036225868
1863472572
21836866
1999708595
1545877590
1097016270
845771311
1266143484
212460374
1095318507
1107120955
1334297936
519722559
664874850
1901988027
630425613
1521977355
1688391696
577839880
1724479406
976235698
1807228531
1423959466
1107722069
1608609743
335630160
1136317388
226047001
1373064917
1585561741
476359424
1261807137
1301550665
498196290
1114032085
699944608
1595212561
1959803396
1966088092
1807672935
907638255
925725399
994487223
1427360814
1590600249
748991602
2057786427
965093957
289899650
488142660
542089715
1266135349
147887543
1966049182
226373770
1756497287
154195694
1362691158
1982544288
1527260611
800769251
311420065
641584101
2102319917
809616355
1755616186
654780877
257345268
1567935934
473385321
2065018203
328090541
1399110721
912021778
1755451355
842227322
1661013380
1665754134
1807321279
1950913031
6413146
201927347
1069564732
154300690
20492881
1295938502
1910797977
174688575
511146013
1745858617
1701949186
1311915264
2057278682
196049639
1266751533
719411390
1951665825
1921532410
976756658
1372118111
247434084
894291214
1700208652
1646544805
1806312992
1308176359
341288479
1319842725
826446846
1126111
1123272108
832859992
203053458
45353192
987160682
223546339
1341291694
750475011
398234914
1852437707
348849981
2100184100
1016869324
258645015
148750092
136137209
978056405
2100415917
2057669620
1954813064
1325050381
157620056
701620630
877775385
1804164861
360449974
38468097
2145453340
1680292699
864914943
2146579451
656081159
1697774935
202149261
701434351
537451970
425695600
2042726046
1287926981
823930514
1747680105
1636776962
776630967
617065781
1895421978
925381059
753202991
725994735
878313328
663388963
533324151
55880061
821009019
1234944781
933655447
477690232
1595394756
972123544
475659924
1128203807
1837038487
474755728
1784284967
1387329774
676904989
338235670
1924781744
1102600590
233478068
1065225078
1926531104
1981158174
554518392
555678423
450740307
302456722
1481059482
1203943298
1028451458
211889163
1867332261
1561775609
267769224
540857632
649236743
1201424671
1018547864
97147851
26064567
1494207789
1225351658
1863103054
1968963517
862152977
1102949181
498384858
1200388648
880247277
1600985448
1433866716
1945472355
1380032905
1267541242
352507100
1935711328
1718281550
654963822
1269287163
774741200
1683415280
1481176326
494589814
1097707242
1748945550
1035447446
1746943985
802886574
2053995311
1844091836
828951141
1400719452
921959846
544570548
1222199321
1784112824
1647519729
1720584179
837017824
380283358
1174085980
123400892
178272066
406635237
1390942135
530779166
194862917
961740037
1185742988
1464150080
1736481237
721674621
797842758
83587403
1819381863
399304661
1119034850
1418842200
1202191235
1025546513
1115450388
2031142376
278782317
2037410234
428229276
1500981638
1674039410
2075749005
1074082169
363573586
308548716
100684501
486974479
486820782
507319738
1877916614
1017599948
702182656
692173003
55859288
18849088
281170592
777533909
816691847
364757996
449432124
1215996508
1483792846
1868274324
270704095
361855711
836241064
154362823
640638028
726167651
582592100
2141619666
252723413
510857457
1068218187
616297000
819406173
1168902689
1103271479
1306226955
1676222427
833704445
176343255
230921435
1525877448
232202544
249770524
1807048040
1009736453
1066462371
24322388
1459168578
134975231
1508115234
1179959254
405679326
1869970945
2016200319
560042149
363125325
594884322
1142634249
357261343
847607735
1653491707
1425479531
1463904735
325414232
446898572
419692566
1631641188
2123120999
1253397011
1807984443
206558787
631790811
2040186987
456329311
291355204
902439793
1522791682
315677592
214124723
1657766913
1823792827
1394083977
2063446239
1546280124
1262800648
476004740
1909405450
1857684970
1618638990
119183145
557809058
1124647049
1544662676
2021713793
1450061281
1991561248
293922712
934218821
1967198600
1547319723
594719617
26273739
31626887
487422956
482603050
322982091
1389862749
2005394732
638659683
1603987472
1515677997
314968862
850587802
1431640588
1861248987
2113388450
1907645328
1623170789
1823589773
1378800670
1742353934
233915183
355964071
1139532963
108145328
1806025353
983610563
402068040
592760526
803325515
1949387764
1187480143
829599254
1981014651
1674903100
1312202304
156513094
917282201
1170113388
795172777
373786026
538307737
1110141640
1224373828
1969948325
823906979
1190278630
1730110006
299594120
866384755
961427028
2041948054
1100299938
1317391100
1033997369
1208445267
975932805
2017607933
1610513307
1568693331
673449800
1412417423
608689827
1503049055
1245948426
136109279
667767711
1402461520
1053391480
1837881100
50150650
1427177506
228705189
1160292290
504067686
51169867
1984199269
1694346317
1781279873
136309741
413247424
595223253
30774147
1513547363
1912614353
1064771517
574508982
741063510
934895802
37538641
162273194
1608345602
1449956065
770963021
963911009
548420843
907072300
1631678721
1950882364
1960463780
1322076173
2001033014
1240157639
1550781362
1013841656
1744225325
1601951229
850557277
1291087994
1235747454
986867018
1704335419
1830970708
1017641165
1070399134
1596101413
2082412682
1644908116
189681276
869824836
1682446757
351954470
330686791
984919174
1122917491
1294597800
1533340018
2029989791
778792873
1336738734
1842969923
2100869046
1190288100
935643914
1504166761
56646108
532385592
958634342
907203385
1823473586
46898149
1894070403
1380325357
1877868857
764227920
303240843
1326486622
699156955
1948148959
1516167898
1568981791
1483112069
1868122368
1899668582
320547595
843556211
1046782735
1853887613
726062354
1825575608
1043142699
421548630
1778961007
85947151
1357192544
1135644120
142593259
1889578136
2094278462
1049796644
1565568075
2141176611
796383399
798409784
1871561820
1560611320
1101650628
1050564795
112284627
902315939
419249045
1681266418
237944360
139887766
1433451353
558491956
983443977
332750440
264895921
1709506332
10842400
1308038621
2131054962
1789803407
1393985772
1340763858
777963879
1536579032
1082858347
724758694
438892028
500942774
718451657
1235275428
1299352558
442529830
648403100
253519538
1493094625
760687727
1155835478
1912343670
294470497
1393779838
2052231436
1727921850
1952271794
888191766
2060672290
69684068
450214450
2071514691
1377722689
433785764
1713834450
624224813
1774549622
344314682
13320197
709924321
1069073376
452212226
1210867095
1787525033
1687487654
362736006
82571215
188407106
616255544
1575665840
949094833
1772091022
1340525863
1243565330
1018387213
1245273651
824003533
823175359
2133465417
737192175
892859427
436196219
661223218
123098468
869981983
227574021
747323282
497047958
571888703
760643479
1206972279
1640962079
1212855705
270355727
1281003464
752859711
633091733
1363574680
941266817
1249347277
791756872
1890361650
873954652
2132282735
986443333
1892341865
1230072739
1810446866
568033576
1216054508
400155393
1460893004
1652250728
1061378612
1583991472
374749063
1288952633
183831106
871797021
1860841336
944474586
2078769301
1354319767
9846643
201641380
487839583
762706355
834733113
1851414263
1703973172
2084080390
495687488
1446851175
810551394
480486575
285810860
555409611
1710559314
2096257726
1123443188
779130175
348929471
436852544
283897255
1410308083
2020844016
658646318
551777068
57191475
1530443340
265134756
1001666061
1461728993
1619454523
1011512704
1663370373
2107294107
1774219059
350619838
1811224722
1330708584
287216580
159428562
630076111
1097767975
639915138
915886971
1653177586
202990804
864661049
629137126
982120979
1213590520
1065989670
1266018234
476414956
939350039
1924664553
1028192024
996541514
1307624245
1293326781
1998207575
621869590
765297656
862236631
137756315
725108115
488972043
488376153
388849190
1819680627
775592733
548277752
302273090
1873360708
1188192890
1218160061
1379054647
1391183695
2082821110
2008191773
225821026
1148927982
926697796
1491839261
1625342938
1866047835
1269020166
506051315
715105701
429160763
1799378096
565829628
1051030353
417192104
1428066259
1188786668
1142300220
1917038302
1677162821
1531149410
1589235281
305271906
2079427162
1891508371
31148967
1120136405
962184784
1410203614
363836452
897522246
1270911739
589657478
2046450229
50125887
2081496739
1524309519
1916173722
1203033257
2030360834
483795775
1632194020
1682255282
1049625403
535740725
2099447387
330208015
1724527393
1094263959
99762669
1254206566
477929721
1688997951
1559478473
409873235
1433022674
1590627440
1530009640
247723811
853347406
1893846092
1145246057
2124259145
336019923
1044212638
26901385
270033014
421038510
1943075107
1473066272
303915696
279387235
957776644
1986170979
1329012638
1493517370
1938134718
1659220653
1070561115
884915029
1758983323
177284034
1362844750
1300497626
1736762507
1772717985
586036652
1179906299
1155243978
833760463
2033253705
901606422
1979006521
2010029202
1237626345
875735511
2036930587
1507659360
1296774021
1832522047
833241984
1600689718
2111909282
1791018628
1439377049
1293438272
1137052350
1230028119
805175278
60129818
2114943148
416674953
237413852
1330304250
1717172579
1974176359
955538587
155725583
1006599010
2110782565
989486047
892369067
864905340
821008920
754914621
2102531685
1696744431
644361561
1462707397
846034805
329399960
148465733
299240875
293825594
1939484362
1738617924
1587263866
929053064
821162395
244955496
989182882
788621895
661630449
1226596734
2118926145
231319380
1053289445
926981084
387044964
2059888455
890280002
1376531011
804773874
1755185342
50056283
1559688496
1710233379
1746800714
56566409
1025457129
445351871
385966369
1173922862
744592746
679791963
965923576
335727022
119572181
1894976641
1156889417
364527678
736675875
1945511312
1026158127
1963272610
1916953809
1257477508
869078407
696451246
1644522472
781483215
1586731248
873569835
1586257089
1194432942
923626118
998461937
757182673
522943184
1055028346
1782639802
968295056
1440994715
809079017
1712887802
2120786678
1775002593
2048614825
92875212
1522495586
1058020594
457402890
111687814
856048259
1483561017
2074960424
625518420
593554877
796555183
1321969666
90593701
1578038398
761217266
964163536
1016811840
1955650208
1887789654
2015273777
565349234
263249191
922818476
200505388
1231544247
216329543
1009584405
796948401
189632574
637103351
698079578
282507786
12115289
1756100173
739910676
123803103
464664784
75988045
51279879
1090183204
669542923
847835063
264669223
760136624
278389813
1025886489
1724300161
1295201653
834053050
1464606167
1162991783
1399402284
1727855358
2085810259
1599907672
811915957
154656154
462008430
1608864359
344288728
1099111781
159460289
626796514
1111227070
1915560462
1366707190
1235030174
232741598
1442695236
1286310053
1322924803
2112238159
2134145116
1587594026
724891135
265051282
465996867
301707648
1560252935
1300049917
1766313816
575761070
551968553
1346685526
514087681
4392578
11117836
668743836
466401008
1619982195
1013032564
1565512789
1779442484
1639829079
529256211
1547519299
859052621
1764286385
1780260897
154264209
903112791
955702052
119018720
889774259
395812430
843909856
1154825541
861809298
1145617504
567594829
14375567
764447672
1143355899
566344121
2111133199
1657443581
570736699
2122251035
178703769
1037137707
1594749582
1191736333
455166848
1226708418
684081764
984423059
626744069
1543134386
601225797
259521319
1697398595
1504338588
1215223371
1816417316
246629199
1611035802
512843524
1401454741
325361452
1658461028
1969049570
339737019
275425053
964921821
906081140
239074604
474881754
1476817839
213841991
653585523
366471898
1808591573
1845321857
821638746
887816343
381919973
1806061806
1514560413
1925054359
259803955
1774081732
1474969307
1764142543
841821455
1143902975
2010771742
305373609
1656746499
1264742835
630735061
1167723879
1086308757
970472081
1443148932
2051230579
1876553221
1682223536
378628685
1205887413
1896065527
1032214209
1572359311
1557173452
730052418
246514410
297506148
1111972391
2052576216
1812066561
889543103
164896523
1438664645
217028762
1929039066
133002452
1360931737
1792327160
438376062
870194588
909586348
1069111123
2037918467
1995895105
2039583204
1333583752
1899642036
1768652778
868323640
130787074
827056543
616905520
1163001283
251932206
26595324
1893053701
498446616
324101472
857542444
403539184
2136168033
1747085547
568435707
1427349030
1964114309
349991125
1560351483
1177562398
2142318286
1998727545
2047756986
904420986
920355020
1938191806
752832443
812454577
1124291910
504990832
433623707
1992615550
635777906
1260680250
462037422
1798779189
1512612456
488632747
1544349242
2011059073
812734219
254408038
267114609
801418605
2001493586
835550317
81283987
1818124247
1185541442
1641635470
848202998
1180376080
1492879367
748476336
2084797066
265750740
539184494
690145862
1078205317
1663476404
1195136694
1511829024
1508608307
1830914600
625025626
1970645729
1482210141
2137638082
311794828
879075735
2001213507
1124529048
1133483773
120844469
1925947653
987493711
956394786
2007231640
658134311
2141936228
1501383463
1506337309
1174828661
846779182
107329997
1112142079
1112529922
646514492
1802287941
43251591
162507248
849940987
1555080615
1671115555
533371939
32622593
1494277637
2015582080
22777028
1806072465
747174167
2023990535
783117865
1880657941
2144835004
561581870
720668004
953746142
421329863
1378802315
948198723
1922713326
737655976
2123027384
622008860
844985974
1087685815
1734538783
1491500466
742490109
1777790374
1654007714
1592431096
1185387342
1177639622
2125803036
1218009935
524433611
1993901468
1240786963
183022428
593591988
1117293851
966140294
326766281
1114645207
1527722164
1047434285
2068391350
1949052027
278752953
869106425
1724281705
1016408929
844650161
198806918
1861394903
1932335976
1933345701
1205411721
527342437
1563652427
711935788
2119773534
601556121
1889575410
2098092922
1819566057
266525373
1944510742
912869372
449547801
390619082
2030163223
1415688095
717385363
997324783
795926612
1764819649
918232485
597494991
2043572602
1787338910
174293049
912497883
484505423
373099967
626409139
269357751
158962020
1831820860
796700189
1722614447
396273000
768990075
176686921
138364762
719599349
1996252978
404890135
516626443
761638702
854437937
907245526
644318278
122642384
1624630889
1641643061
918568996
1241966890
412391898
1516063988
1138055844
52247160
1690357037
2050553728
536752583
2063457004
529479219
806110334
74935376
213816431
1602810523
1797549823
610089432
224316950
1974236744
748454194
943916299
1823006074
1153344330
1460542743
437161129
2007782267
220304621
1081479407
2130424651
1844935510
575638820
901510000
939418753
988030718
270090340
2077474597
1040277878
1960447377
1980544677
1577030461
1876420733
362540248
235657147
1951356109
576356680
1838467671
1601422284
1186446112
2062784621
1428175381
1934900306
859217273
1103697807
940760988
172276368
1540858936
801059607
392580989
474854695
784000611
90032851
1050493515
1685510611
1029451604
2038524233
1955600951
959442554
931318463
1768564680
792503583
360865276
1497501765
1155043832
596522424
1301374226
1731400512
287506447
755312862
770362976
202807420
36004595
557779634
1062024693
1139702403
1498540623
1234301061
533077691
152116582
1626882050
1007932387
936117193
1716914902
2058425902
474144156
598882858
1949466488
282261459
1558325412
733301303
2050826139
203345348
1094166580
1400844256
1358389180
1690689004
554734834
942306044
1978195451
1310047697
1712669020
33519223
1346052292
122965006
1095543917
338271047
1621505629
182361330
871348739
1773622212
1809243381
1879281126
562255757
1378674635
1790223380
1036399914
1977557493
1592206220
1318661373
1388399258
178023876
1222003865
1591744606
1272190456
475364473
802650138
815395812
1030099308
1744956182
646107615
192663357
1310141554
679626838
1538715649
1433106560
1775170755
1876986697
907128542
1957532086
600851788
533267106
1619291819
332649266
1095522863
850482806
2122872646
2131922777
680556651
1567595219
1303100503
2068955909
1745619095
377620720
1513216867
870325903
852985193
168383357
1685721715
1883084501
1913339539
184345682
2075747858
1075997445
863972520
1466979860
361620358
491659628
1196482909
1268748900
301708066
1797334697
1802016006
1920999885
2129983963
750055221
623999043
2105372961
734494351
1304555694
1525484532
2037594854
1226027956
1123619979
267731926
591761175
1993945882
1120717119
760144533
1532183949
856317973
526000424
1716529631
784582183
1601997870
433018504
104078395
1963618228
924678132
1300561304
1084883480
1226386198
950412353
739415838
999902435
932912668
1489471059
1623901478
890801982
76481762
780973524
268802866
2114076616
2007001480
1392422846
234324894
451279008
1238885080
1355042014
1211423541
623585382
63876339
1737423965
192631365
848458522
1191938187
625649869
952536918
1008072767
1550328001
105614574
2092956247
629230551
1056026928
684888437
1629132986
1988939596
26875849
1105550816
732257930
103357611
1886524341
1001060797
69950580
1746042173
245999995
304275474
49837533
1484885075
1659317488
1261261074
2108470457
1723193827
851201392
153618175
424168702
2043139579
779268044
1376705620
903728699
182112398
1482320194
849201298
811342949
390863474
1534089736
292992288
232319423
1560965585
1398543104
964577353
1664323196
1137583797
1965638150
1734273776
736142323
64154497
2038549251
785979856
1549039573
1550383091
2047240931
1510026382
1126093271
750958675
1663644557
1550261973
646614606
295428954
779483945
1550343305
477541352
114320491
252060956
1288884301
505183966
1786150692
1581876589
737503389
1199632629
832936046
1702080742
716472177
1970519843
1520235245
303262306
559178518
1584389742
194327909
1345158375
985945667
1744711000
1244915658
348488402
723320623
1995874333
2012132959
126098948
495005291
160078265
905582893
2045348597
637619617
1019903385
149925905
1926503919
1525087351
1936076597
1360896860
115107092
988225578
46349258
1817187834
1704697755
2016869102
1189939431
2007960061
428563972
626845526
54804322
1773722347
1612791193
1799515323
871154357
1961279595
375352298
719545042
1825928907
501451247
1214550334
1986007172
1407034140
1112415283
476143142
279453877
1262341188
255163413
1804541228
1050934137
1616060273
1919648320
2039159715
1662409532
1589352507
1596373822
1531794986
631808290
1456850236
1960358958
1258653816
1511654558
1586597658
723961362
1163686233
310268367
537757309
1539038532
1029813410
216202568
2040489779
96880096
54726093
1300040271
1209295379
530869235
1579494149
324152919
786032648
1236551729
1375087056
254609273
1008716402
1266763123
1917018805
450585261
715653297
1301330143
1082393551
25019885
1114205454
193563720
1536674444
553319464
917525082
552877029
863587831
1455282391
2091915561
1893401241
1671484960
1984921692
1990281337
1726211053
1137478316
1052093068
109596640
569488817
1376245987
895629288
1806040546
603849395
1150238561
667273300
1870612518
919773719
1117858561
438782168
73620214
52768465
463802053
1187825668
246332185
2000476497
1741145132
1163857267
405869879
457249316
471656010
350301792
203166909
2143140970
187739837
45964599
1721868375
1325218153
1098057667
1831465015
1894706970
326820007
579610655
1553263868
930669402
1729849217
73053521
653798273
502139288
1190912082
1092580441
575759502
1243680547
1556382494
1763585171
1490012732
1409375344
1357246655
506386351
1815245223
1814495971
978042362
18063367
2017662881
973699684
205803204
2063627480
548084412
1531021357
1014201499
232065779
1278244679
1341021506
811676435
684024900
124207261
394042004
757078421
778005534
896181292
1947990503
1870585975
1471940794
1044187403
1279484821
1088042317
386716487
541376517
297805325
893102839
209138092
2112301296
1871145201
227201460
1982480529
697361237
433004664
1898624361
1245445649
1964026022
765342213
1477511429
1094787053
2106363719
141704216
1778811953
83087332
535746220
388406726
861092866
1431927512
188913582
584195193
756384658
1233100985
1863680015
1844426976
1619817472
257572884
2142232301
365436663
466710977
2107049949
89098216
693912437
1942046831
786459454
1126917101
1693187544
2031905103
943459475
311046109
1361932884
2038246529
269926181
1503637100
1669574834
353013513
2039383320
2057981561
1214106380
1323827184
99411495
1798301573
2080211843
1332512480
1514497940
1777155171
804846304
1772070825
1771903824
1170282968
91298154
1731470125
1259381184
785210591
1526033308
2045840638
1912127692
1071737205
1930262094
708103520
1382783314
1144711330
598866401
1652709495
500864783
120957587
2005723009
392764455
31455500
1072345741
1716591640
130866995
723163666
1649319835
1463379475
90177959
1278991358
120742132
1862248784
903411534
1291025100
1953546938
487398011
402922636
591273881
2013431320
301279627
355917925
937684877
84058073
1064021445
172984543
1228769403
1662887846
1825694039
1729634186
1783845434
1683933400
2122398642
1815300934
608795493
1691506634
1946167930
1331959159
1193342821
1262063757
1422137118
324850531
1382805889
1136902254
1228262065
526347341
942965544
1715660076
929269978
1534239425
1581607748
1230549605
1890157351
371808977
1314607678
806695148
544793521
395893433
322099347
223003912
2125527620
2105944781
1906937312
2100442614
1773762067
368249157
1644465600
1572446349
1700208316
690324773
687026459
974861787
1015175304
2069832348
2111764041
95953721
448696042
907245938
1811613797
1377966020
294001715
1245737898
461031977
36675418
1617546875
1775639655
843370567
14856748
24049440
1165469914
237860660
2093412
1123931047
2144797972
2102536026
750209466
365563481
1599517978
175172168
2065771798
142359103
862198627
893149937
1157534407
784547327
857430330
1253488128
1233243369
1764676268
917618278
463725741
2058677984
15872528
924757718
2095353402
1633419403
552913725
791240321
1648276152
576963166
1956710235
1886136812
579056578
933157634
1883451137
534108957
1683367101
101530970
2133626935
1858539269
19819120
128502391
573254248
912969057
1286036798
1357801575
1770399388
392041279
443561297
1387592008
1309659557
907287038
1298786344
1325532085
1832044757
1246656099
811467840
237474834
2037896420
312260344
814438000
1847123008
50913509
1393494579
632796994
1934364646
1927603536
168680447
2035895616
1913746823
2027219716
2055714737
2042249214
452990316
821200146
1180802365
1810791892
444115886
1572843644
106869541
1831707895
735019553
1014156579
983010591
2060551638
698717688
82183042
724535830
936192523
2120079463
1036796175
1750630523
1819718823
1087709684
996641454
305032169
874590682
776761342
473712617
763002650
543024518
353448685
671233739
437790084
806439002
1492433886
1618592449
469747246
1936549772
1043952445
576616787
1620774019
1778971998
1590773366
456300963
1692039988
142007407
538484005
269092171
1078199930
511079820
1305888346
681346805
183314995
246114382
1677988260
488347165
1120705064
307265954
962059782
1883707714
850290472
1315508467
407457806
1288080557
2121947469
1899891692
759189358
444211067
1688957816
1803141804
1020827854
1162248188
1434630154
464117573
1618549151
979186495
606124980
9549508
1248278666
1684324910
520629329
406683364
218188067
703944324
652797746
1896176327
1192291489
1773502810
55958634
6867623
1509726876
906249106
1322376091
1917184682
46846015
1296839912
1669592726
806035374
1741050980
1211066895
461693530
614395186
225831435
1896323684
1078512759
1844380586
728026531
1684637739
1853930094
1976305197
1221479001
227075775
235504913
1439667069
931020100
888302659
1188359748
2123311589
514321821
1244318382
2130179213
2024048698
3083841
1305071656
1793749732
49929856
454427920
1315858811
855965230
47995252
379442058
1317658760
662390439
605273493
1066498797
1740903198
302170431
1794525328
1278057290
8616877
1623346878
352052643
235692653
1858851791
1791719712
1166712753
599670803
832595813
1142540694
1113992624
2076914195
1125236259
990557674
2079998036
282824267
636823759
2129927893
737252188
1952682570
838409475
785247440
184640980
8584588
1447637879
789914473
1075083385
1041057430
1092084904
722125065
171631072
1100701781
197988295
523683715
1336394434
2056840087
167919780
355623539
509027242
1000515593
1498164234
1623019866
929946140
475916845
466093893
862460529
758741113
1102917652
844904774
1495993301
908116574
1683314249
133757093
1092757554
1691898837
1581394973
1882672027
619498574
474968755
827273283
1341623640
646599827
1927975064
1539611935
1170283542
1116885851
1448968374
1338203322
1472509390
1957995616
191235267
823189976
1433531835
1121181408
1299106822
1899625728
1983641937
2057847935
855059732
681063063
1406357588
1763176306
216893664
1540114681
708450212
1908792502
974026006
443638591
380807428
1448994761
1270911874
1722431068
2095594588
1051403290
1114559356
1118394483
20805493
416044082
309114157
1493314884
226556051
500349425
169021212
1660087886
1621530833
1468128034
1412229966
1457689122
1378492321
119806050
2138752185
637366261
1882982356
208162201
29997295
443948920
2116954703
1004023301
887587511
350278484
305534415
11015737
2072709552
253645355
1062419027
1039785260
1372039838
1083224521
1455829343
1681153996
429055757
1682385394
34019773
598076969
1194989632
1655550606
2066205004
459735950
965756080
1297213677
579542000
957024617
1934579939
315040708
1165186818
1964577234
758989628
1134657874
821116887
1646577139
1484936358
1126651302
1657592876
1410162262
1380296658
572528255
302463875
604852848
1655752776
1758293218
138523196
2084808533
1293194964
172542969
535401855
340700948
1828093575
454123211
800436898
646366007
1751336888
1379978898
1603390624
1538433179
1695019606
621093795
1355526765
306525586
1755751669
29160005
1953102725
1093204379
1155811307
1463211953
355882993
388624317
2035740208
658346868
993477166
1544009337
269156438
1132000362
1481334222
1562351402
1304543332
2016736077
1903052350
985153259
323375640
556005600
1631519267
2074712529
1935984498
1087426243
1465662060
1483520456
1708520038
673705178
1790046042
1316788059
702865183
1595665119
262508790
1858676490
911393424
618391784
99817160
799649985
1276738652
1093294326
196175674
1545895091
77811040
1677509896
960762845
1382354372
1546762326
716331548
220023984
1870137966
1272337148
1851543251
1797366847
1060837999
791485846
1115545260
396874807
352522237
1789250438
39437202
1669310296
344631973
1635102321
1931819087
55824815
399012098
402727223
155641975
1198662083
1679465875
1248936301
1394837757
1077877318
1326747342
924864005
2038640164
561618066
324142683
607488064
781642050
46797002
1879825212
485701653
1844163849
793179563
1277187500
812225461
1190054371
1629709737
453992251
1229491573
1151536385
798624224
717110246
935871824
854449040
1116122344
1338599047
1010091015
167300779
870581275
111543669
1562138536
1948458593
1438291011
339518894
1839615109
1999909077
663661577
299619525
634067480
710458579
31961090
1119769133
407138781
825140653
249472985
1219364242
2015195024
1879182722
1673356494
1097202949
883235460
324497070
1814313196
1819107284
1178946110
782951892
1010222684
41553478
950252672
1880803959
153097147
364907560
1681778904
1591388158
704426454
1373910366
1443813587
1368088032
1673529891
2077881067
2078546611
1705490981
1050166553
338201744
383147987
1299639538
1557565987
250859363
1031338613
1083438833
1348062313
1914574073
1407935903
1014891861
1586197709
439398366
1797843753
448936745
480951844
600612777
182257056
634048991
965520338
1864035961
77953501
1669946792
1090462679
1521767088
890551176
616508922
1452164508
821614140
174516256
354847413
1159815884
557664243
1654486951
569898223
808523606
538341916
1653337056
9102271
305432341
913789312
1023994132
1891630051
1353187678
674354238
193083148
1834139522
1274967015
375340205
320704865
93003705
91892518
398658366
1762950498
1182355197
1920425454
506018026
1798864119
1225106314
1327632166
1973380375
1579953727
339964403
383560970
1086957031
909862626
1192084577
1625298947
415716035
1201186848
1930731289
1329505347
77697333
1674877692
535209377
752051571
1867960840
221865251
2027018586
95817397
542570116
2120022292
187709915
941228482
1735489142
1370065112
714170288
94023520
1021445584
1939276603
1421655687
847342311
1371746682
1761620090
1230903282
311220065
523999068
275504211
1936519013
939715103
1476691059
1719766654
121736802
1554388392
1247160698
656946179
158956315
967637890
878811430
38491254
1063455288
1421381546
11029898
1251165203
215126380
1746519040
473746668
929296669
1840542560
1495192252
721089624
1114714599
195050915
2092836306
728851041
1425954197
256572724
1252850110
1701458408
45608089
45081565
1030665820
1765374743
166818368
437570564
865051793
823764547
596526880
1832689683
1702575978
635018134
748661323
976473876
646048032
1999826527
1191600257
245083424
326089547
2120896926
2085625984
1821281799
694502902
1052856936
2016332714
639855560
1781707977
1294803264
896428284
887074439
848778024
942036373
932156005
1879443844
559927468
1098974373
169530761
1424979261
1922738920
766057641
1110185297
1477831250
1401075775
1858846620
306821479
2047123807
1711189499
1498421736
144723583
2037279046
1471835014
82865919
1711077197
18854268
1135722855
1579926264
658709828
769947185
727245880
1555138113
1657021624
1576023904
349690838
441693981
1307984101
909618307
1540668354
1477514862
187113920
1315923627
96088855
1297299217
646271229
1497164630
1008662190
953092708
1396804789
572368041
304030796
1541528372
462163440
1775865810
1624394291
25756989
1794720078
612633499
1605683253
305946259
1382580684
185445485
1861084372
892118660
1761469390
63291562
1333812642
921969843
972909869
726997348
252001057
1160023790
2042920975
348089912
309839359
541708557
1845254542
1318501549
1494801265
1094575683
1890869591
1798832062
488620407
205549383
1427214224
2113014698
231306372
1074450655
578164549
1836989626
1380396914
1960745233
2022435111
1093997638
705380246
1636420853
1157289200
2039192888
410907048
2130199070
618706588
662908105
1142739212
514143916
1010998017
1452578571
1055852473
708768911
623596473
403170090
1803344594
366982416
54518504
144481353
572531799
1481732729
110012404
803838171
408699736
688176953
493344149
1789096650
501438539
368295613
735610640
1206818785
2004716466
1892899840
1098528025
268139867
1875615262
1717234613
931047972
870870826
83894881
1942045990
175965750
1139747354
503331253
799562223
1542917445
159192200
1166544639
1597435949
303673553
1739076438
931685030
413685957
395430961
1340384766
1101862911
888775111
981997768
1603301450
1257070724
1717608408
662636587
1114303542
1463024601
1761164612
1382443409
1191156215
1330915577
166007734
2062027042
1414810459
2108053724
90509144
407074165
463901329
890071367
1949991610
623093529
2056616006
1399943912
926767083
1648208796
184145294
1340453040
2043639757
1524530061
294832303
784931220
359044181
1898133753
2042001944
2076652590
413286692
1008821839
1392193543
26967656
243781600
435866110
1357883234
409789334
350409504
625210045
370359410
440918648
1032284210
834260740
1330990015
834792173
1457354269
1240122373
87252437
236637704
740847521
271397731
1577090745
637003631
1795927792
1871923048
1421934851
7488326
1622573154
1316453148
2084140916
2035859846
177791339
1328850811
2062827503
421572939
1764716921
1273227089
831362274
2115126426
1898437134
1201721684
408561426
783237696
2035982424
1739551442
1618029869
1345853046
832190167
1705282306
1582490750
1573037689
1976680038
1012097847
62557672
1625124182
736537248
1484492523
1632612508
211626754
653462023
1569269776
100002952
831253362
750636939
15346807
1252826302
367870213
1288573896
2084188576
335512991
1039527382
1138426612
744074417
1822765079
1026925389
336142211
1293311300
225294787
1168332379
851109959
1807785537
593886420
680306349
672399737
656444092
157946883
1408936985
2140936615
1790559392
1620563739
646914991
1212345520
1720566691
1478168353
1962982460
1735913499
583511007
183369025
877003747
520215935
518882016
1916531130
1658642548
1262956433
1591812561
538084289
1599098645
737640213
763379076
619947376
1588750172
423680965
1213833796
121572873
1096080702
1870277888
279519757
357534039
1863730855
2070079149
1978097778
363162198
1134941021
1551180822
1841330552
950439833
1139610673
277357911
1133808858
2016614420
797573847
1652690874
1785661902
308732747
768163660
1229990815
846817036
219778657
1967631029
1610196112
839726033
1408897553
2033877077
2053559829
1530470427
982474132
1776354069
1809990184
1340008171
1492601276
1732585685
1170622302
1855763475
720043058
574319476
1549610379
1670482892
1713930149
1826968290
656808102
1583060921
477058489
162015329
1221239176
785791236
930178989
303746343
1632608272
1149957646
123893724
1095320736
1989683679
1532791278
981714166
1895759860
915778057
1964188298
1524630281
578284593
1156712821
869747909
163386630
179851475
578027736
883429688
754170951
2127638115
406428932
320617452
1807122758
1063237035
1903678374
136697599
1225252364
977433902
922488836
7947705
1281180245
407613460
1157905351
1405073970
1502934197
1000105382
790381600
337164715
748381594
1706159657
153869365
125528227
136960602
1310582186
995276136
300347232
1490433662
1573303873
1183776920
97120965
1553458340
1590205853
417738418
1213097450
505959240
173933144
1349795050
1731211604
1151367046
124800238
1739159309
285063643
532413698
749581012
1690137613
2035347895
1749686394
333035565
225028962
350584340
2039195222
378898327
476112567
28672176
1689480514
1471388703
329019408
1032430528
897208928
1512796329
1129551493
303183621
955518534
1547289911
1516281071
1461477774
1721223055
718592473
1045205730
725106453
843392711
636881391
1010170097
1375806410
1386462403
552824062
1263670657
988665149
885859628
1488699620
1339249489
777571202
1867597947
1815362056
806243379
1409594813
1139267111
1135262787
294541693
2036476040
500575468
1424093187
192176013
1456094002
823899450
1708457084
770088128
397638858
279565910
1815293858
1122745311
1122958621
304691601
2132915408
351281383
1691154004
538255823
1614952041
532335505
1424115451
956168013
1871584994
54203005
676282312
1539463402
860446384
2085877126
531246866
1995709172
232935171
420239258
348800992
1657028358
612415271
1804894995
333444161
173388707
427499475
731083019
452954617
95309686
1853828330
1575913239
400001287
1839260091
1927194622
2091155292
230032266
1394663015
476007149
1654147717
203347380
200108496
1708350722
879629693
1739571898
421313459
818023171
123335116
269538983
1050958342
543574374
618339975
560503053
1155989645
275751322
893947214
1329378353
703250798
1625030233
1782332970
798560484
1331374915
1210762561
1198561771
1023151358
990473536
1142233415
1253183624
237652903
1618240565
759847693
441000284
1818349061
320714768
1320629977
1410437311
742028227
2138653148
1533772428
1011567210
1042127842
2077346802
1629907185
1602630895
1085852800
1905658508
349094461
267747505
461425658
1974124694
2050080475
1259986142
1158015962
1113359389
311064265
33683672
2103832925
1453297681
1286867297
194002180
924054598
2046714990
635002464
594920011
219946110
1955632441
2005357322
961974337
1946801941
1391646102
1973541547
841446136
1321509257
1455965085
296593383
259878409
1214139945
645687845
527625914
1675565603
472328891
430222741
788068097
1630344853
1543582130
1099132362
1664028526
1499931407
404946395
803412175
1693933588
1329000993
702643517
181452404
1923921004
922589628
2137084846
1781794679
1884563965
1936403139
1025957133
1710621865
630365627
199982742
1019103302
926959011
459861151
85759599
1572646856
987487065
1761325202
2044975747
1417709807
401909651
1527836953
813808289
1501042013
1044381831
166256049
1905988409
1847794006
1860189637
1087505754
402953875
2041642041
863943111
1325543503
2031243239
498254142
1062623821
1820162731
1524211275
625762038
303044710
1724194018
1644865340
1230003721
36571521
1730624939
655166929
1024058587
1344466493
552659029
294284746
1746376144
2080495982
1108093035
1099934509
977394165
1274349084
858439270
677704523
987055073
1945945025
1080658398
881213467
662404488
258718254
764973058
1160658630
1321342075
437652141
537386257
1947104113
740696852
114096627
1444485805
1970700573
150668149
1027627096
478383855
1174726736
224609941
1031042884
1469011482
1970986085
964055218
429620869
923436946
1941449383
1703969954
1781876217
471670258
543541379
1580337594
1552328656
1424754846
95258434
1811046910
42244257
1255917064
984905337
479896398
1793303321
784525802
1220593250
1907399949
81527959
1043810176
2058068098
1109155055
1522194031
1085311186
1333764996
405753267
406839020
1157267433
1369808485
836459889
2080704380
1163774220
392946195
1715096949
1635444478
936487575
1147950895
1040289486
213758773
1243209329
703852749
256003030
351642745
1688758086
735899429
2144946066
325800241
1956492679
1904862367
407328200
852819207
1815446817
1516483256
227529590
753274355
702764604
633282857
1160113375
1860032038
2003091342
1996573265
1793252770
1019381914
242035812
1360866071
507342744
1178523387
361333318
1547632231
1392282161
1604542647
104001332
1648285191
1956185392
1792759418
236700972
1953647810
2118559659
45710004
1711026530
378404212
898529211
1378989699
1894887468
1126058802
2132264055
450168424
1759341659
1144893782
162716814
1614949354
993983399
1955969584
486847620
1236019212
1169352007
994190365
267058951
1530685325
394338948
1659341112
987744324
498340280
1160142656
796446068
143616050
1396843628
602610231
114692062
1442553632
166153113
493096274
193599196
1545142812
240500094
1319657998
1529923219
690668518
931516009
527333354
853385333
398981715
1521316753
661871269
885829336
609852317
1831223277
1880019701
876911269
1214424954
126875001
388768733
54685631
625215281
1548911389
851131699
768831331
798271370
1453741930
883523393
93341354
1619895043
1376619667
286940550
1017554208
1617119761
1606598548
399993779
160304632
390630910
927327133
1013689965
789612625
301160239
1675561234
1675441961
911012556
1359300863
1407978014
1787923825
426242170
1534853015
29208911
480927801
12584648
1578120300
1332059500
781415980
228908022
638317783
1664939373
322249377
110729178
894075393
609189927
1128283386
363711506
68304828
1528277166
524016138
458935738
308120651
1537706103
1248548363
609280890
1065783690
776506677
1520293447
277600905
37001043
1160733624
703843075
1571854059
1189942535
1184770876
1584438707
620579188
369346729
218371039
849487210
1007664512
1883310413
1171736587
1118393690
629902158
1780926515
99193429
993613664
1849231343
1627470595
1517629803
160683433
1935591246
907852258
1409231796
397388489
1973635948
38254825
1917681936
103753206
75255869
930931912
807596281
1647109928
2120874448
1992367158
1084064987
593969988
214230239
1302436027
1443457198
1221894751
1038262792
467710138
192804793
1668164950
101153005
291998222
514294966
1950384348
1919468817
2031924769
2111067781
1707576416
792293380
1372815929
2104964905
618445680
1411070755
1875163193
722198886
1486326624
658611457
1529795168
985952904
632002257
1374678678
2070017891
1225972245
1588908917
1224970270
521945796
663320020
115749414
989655934
856124813
1783914364
1090808939
1148123036
150725683
893709639
920108205
35166804
857293772
480200973
827460184
82626053
437682230
1445905865
1493696808
165361775
20621103
832539784
823973233
1550416271
1818492688
1455975490
777611301
1741026932
534464088
219036570
818513554
1056409884
882356590
934262969
2046065818
1738481404
570693685
989391109
739120792
721419368
1883100748
1659228997
756586173
592910872
2139429971
1584046357
675536925
429628553
882468574
21750086
594990329
903089678
854289870
1418963562
306022301
525298911
727455404
1083633603
118842195
1261919492
1302670173
937355749
170845728
37543116
1871618718
69427898
1776024520
294828756
1058819007
367661664
1016248124
794436107
2026890661
1772834297
1387346979
2018836984
1209397007
2062883905
300981890
2091865581
2084633991
895972219
847471611
791440213
167452133
1153493913
1316739124
894907537
89643868
1435581319
9343382
1392314041
225453421
180189110
1429857157
2097072139
249617009
1058398029
244417247
1308436016
1426059693
1260665372
2102872124
1305466707
886016021
1342735455
1176820043
2095413028
1258135712
1477801933
2039794962
1195286055
226290504
739782925
1986726269
393742637
1893276838
1155981745
1288650175
1982920706
444079417
1297993557
1227751100
669532838
1478182667
510124609
619121329
1727799676
1568522639
863538577
888752045
847098684
2124203949
844140521
5081743
862736322
39392328
1181901787
810665703
1297528041
512220072
702977017
345330448
738510577
1442759942
184573069
1132253214
1188553133
1340554815
273419741
1023990191
1784634232
1571413298
104257643
306683422
902112318
614382253
925804751
482428346
35421244
1789343328
1371180391
882519928
1766063629
67837264
887601672
481316304
107229593
2069503459
1291982007
1404757634
434239883
1994959024
1750088082
1172750460
1290235318
1934661152
157520027
331304803
1127732319
430939768
1355294995
764882903
2002353067
1459552638
1071566325
756981737
2073934891
1997371076
1239410083
2109356135
1639230757
463106827
844392416
1257810738
530944091
1731994088
1739127042
638173684
1654013899
883625401
2042931318
2088253782
731100777
1645535753
1113520595
2021336096
1432713257
1271040622
205157251
412961928
1701980390
1560452246
1177844831
1556849809
872521237
101927508
166347898
798972480
2099298584
1405757982
760844968
1591045693
1868864809
1605237384
701372784
252325252
1189747824
293016178
890498937
696278075
1176641580
785946607
637048209
1907742357
283998712
1750568804
1781594805
1716711969
874125778
1986752057
2129673897
428622521
1399720655
1160035080
1985472330
124758244
1261962588
4336581
923730725
1213777525
1410094563
1684575693
657339570
1131475724
1142329429
1358712354
1383800976
184593605
1651728533
126816265
880871680
680886465
912762873
1517919889
441145174
1196761585
1121005046
75256332
765989907
1995130824
2062008389
748180156
276269697
1314245396
1908215237
114258380
1439003641
1022694177
118594961
215250718
88988054
1528689524
1899826411
746327625
512681600
894672192
2105039979
1896482576
1079265797
1609284864
2023298842
1960137477
142687681
788578067
1330573718
583832856
1985339652
304095116
659089188
603845911
151742293
573613929
1352026068
428011990
1887859325
1112757657
542270370
1179379318
2135451834
660865331
1394630036
76956241
42071207
1146972799
823283866
554752807
2041644991
780840197
303751736
973427140
242641414
179566930
786080969
385329095
968144997
2116654688
969161951
806001001
273266156
1628251139
1409846913
425008449
54381420
614389333
853020440
1942240746
1727146990
1395290810
974136416
1715115176
2056156142
221282805
1792071417
2098227349
1368255604
467871635
505496509
1262416948
1248711833
809248245
88360440
1491353247
988815175
874441410
1876682342
1956960172
843612450
698360646
615477525
1116878606
179128137
2025324438
1541887056
233509558
492230123
247423848
28266656
71893465
1642714658
1002403072
1787008642
1551387152
1223685877
1431596411
1502130854
444457834
1899468047
2007627363
1706874782
1000696232
669391960
1795235222
344565831
1658207135
522192984
73764525
1467683659
1365805434
772125171
2083161184
335200393
951253309
1961001975
1877087449
1184762867
305748450
2124511297
1213029523
377641916
1619742307
67948947
17166910
1023645812
1291634825
1448763321
378293018
1736092659
1200747720
238436733
1295483793
53960304
907828693
943235367
398526135
418552180
1465428352
472290661
1886235839
683750138
1244415832
1821913375
1018950531
48185493
1635431702
748554332
1232948360
1941180153
725581981
298494235
171338421
197840641
366443183
188505331
1221486453
1658078008
1637268652
1599779471
1246687019
690532725
1838216204
394687164
744493029
598561249
1337922531
1143019165
1017113429
655867235
1615309826
755865620
1339617374
712242010
430295347
211084257
760427504
2065727050
959638590
1993375864
1859423555
1685220571
144386452
2030761976
1883061212
510829635
71783659
957064017
21423995
1709052311
409359840
1268111014
252101388
100092396
1662798178
996594418
698653645
853237061
2139613583
1715767074
1509104297
1607439761
324149046
701238023
172198123
754444394
912322280
932625627
672687796
1871960870
778517844
384627703
1409697794
922904296
267906031
1145275358
1433733931
339689690
2102339376
1455157926
2048742001
364215568
575785292
153359742
464307965
91099822
1149954160
1162961610
944336883
1142084095
731245037
305957532
602040208
1055394083
1007195555
774238331
1809838477
1919517836
1706863959
335042625
1643995058
337898155
719670328
906209204
1260802451
987576359
2051484563
547052734
1327266049
2006340291
2002210660
1228524403
223072211
430512304
1381884145
687380176
521612126
384354657
1850341787
1465949009
1526438752
434103176
1771906542
2128478960
1489497259
631618449
755233643
1151852089
403652637
314613954
1486894714
2047647696
652512109
59081395
806373252
1913314560
1046657754
710374167
312883646
226440156
569230810
167610658
1454964559
792303022
598122962
689365056
1479683198
1119735088
1073719713
1182541337
438200450
452674817
1616644513
62623344
433670129
958658125
694241793
1188903772
2110510214
1097894431
1503517727
1449921280
998058479
8546188
1509002675
1804431731
1921860749
408176782
367322251
87260747
634616938
936553061
254871406
2089581497
1728856083
852994368
631462905
1061055634
1972729457
1705182618
96113323
263446259
10373787
1712757837
326069603
444043916
523932314
1020311396
1632947688
486958880
2118205827
988981767
1936880160
968780658
997527956
1298399188
625728742
771905057
1706575970
993050993
859165804
193709260
1929604054
1114037210
135807109
1510976490
1967031579
767270014
424548476
1792277388
324968984
520661799
2055723647
335342771
85935988
234309602
779386687
609868302
1254620998
264850727
1096827182
1225343178
1253832495
886223695
46640188
103876803
37139235
672368930
875781860
1743715205
1665419923
1734947664
1937424465
1447540330
701501227
2073231574
811033172
521049158
693017940
1235581648
165842898
1017986924
1756243447
74082897
1353329695
1842179436
308392499
2132716382
304564090
1563013497
250083461
1401391273
640873027
1503915956
140131320
687513216
1607792759
177270555
1359882146
336090971
1920985760
877818422
2071038636
1710926577
177875104
625056215
1636674503
988908276
1146105373
182208795
77006276
1311948271
1200195719
1833249723
1386031168
406041766
1527945511
1694423667
391274500
1832509602
1109953516
641357961
1086417227
1750826544
2145273918
1226548547
290856112
1605583029
1403819102
1650738258
1941674001
1177321214
381073032
1865228989
740764143
558948136
342801556
229954998
1547856412
1488906929
412163793
1624862688
653371552
1612359512
1310628764
2039402720
2018401278
691090627
1586342739
262192130
376116581
548812607
903550091
1462533808
152155503
901340361
541598707
443011615
359439743
1945417809
2093749874
153630096
975255375
327339258
2018859085
1716019518
886287395
214176993
1945974516
286660159
1703083922
210654661
1911522848
208971826
1823014173
1074667964
100890898
1693931803
1765758591
1687233637
1956123933
2141875173
88562596
712190377
1456925333
240718100
1613530738
1998524041
683729715
1972970481
1796458202
629995941
2126600577
624229930
957335200
1997976014
192765800
1843622595
64669359
2138740317
2130282754
1767753281
201911330
1894321954
1976725107
2024925504
821506270
2077616005
1571373659
439781214
1617365994
1380013945
434172739
1705928591
2092204322
1891098072
1946646691
1558251412
1742138465
482892758
1383738246
1391113020
1112888700
1362855175
2015342950
2070223900
1213347542
60625102
1766362847
1278016901
51881771
1749161953
898286535
253793102
1496000260
727527994
131234958
170022882
657660352
1702608617
609804096
127542698
935138914
1043976835
1833471289
879859588
787591260
1632634332
290627353
382246077
2115527091
1674365599
1773359097
1080932143
889737126
1641218399
1003672395
2103084668
1701843502
622551594
1233617922
1753725273
224229899
2131904457
2007518375
1720230159
711948803
2138753333
1890253042
1369609155
1693878303
352573490
1497151854
481533569
1396550326
1183139495
1361393158
36657938
668290180
1652020511
418904015
636333623
1178902462
44779465
1717265766
2068639588
1685997864
573454513
2024240609
1240357718
1196006107
1110374883
846599344
1420236006
1094795692
706634071
992982518
1806744495
697903757
735751912
1028870003
244298412
1088325402
378538209
725831981
337392080
1561677704
2087225139
374050018
82484236
1591762002
792954034
718817859
623180816
837733499
288599977
544336757
376247715
862054490
421093718
1616605434
2058060597
1531468601
315721130
1330812956
478780645
1022355201
176311826
138041492
1720258958
912063738
1166911495
1964557370
2000389140
1545449704
542905704
190297573
959643761
482647195
564347591
1042127997
2074409198
1357301625
1760945857
550106366
47551476
2049545834
1094443123
423799192
764116677
1515536841
2040404626
674693626
899521794
208642108
2005506582
1378302439
1230997309
34334760
1516343932
803772620
946398498
535771779
620846342
799303991
2081221484
1163752046
989601564
893381597
1646399242
1553949155
1935509594
1573324792
763767133
1548971803
2123431158
811318609
1451033990
1070390634
1235117801
67667019
438443827
1128038779
742360645
1337965622
1336680887
600383580
568784413
420194549
634718340
2085128345
1223967169
1581116839
473416477
1844813511
232937182
407154313
861081910
1222538746
1300535910
359997504
629004253
1088561856
1933322296
1392771386
490050012
1909269806
56606348
1941084002
832176792
1291724149
2008751021
1270620620
272279281
603628018
461102594
1608960168
1204011598
1029887007
2029154717
1838729939
967531705
1105638238
1272363130
1440948182
802968102
1505300312
1848102495
1664050012
580355410
1001154757
2024047516
1209359663
2089716613
1809886164
454647402
432282977
1571672322
511253750
225883331
256365467
1802977899
87150704
1526986087
2075257180
690778723
1988088681
1536733701
1894790321
870492040
1418404770
1586036612
1838023745
376559361
710916094
1131488279
1179527463
68732758
832107126
696093827
649088168
1833261883
572657695
1858447832
1775494849
235060211
165611586
60294178
1806732533
676865336
286177510
2063098000
332359587
373328214
1442600439
260133120
1064106937
1283205472
1796866821
811413611
6213865
1067787943
249966575
1844237610
1444347304
960882670
828242242
476391119
1029615428
1660349368
1172484946
1678703597
1346127604
1745142641
1389667781
974138805
1980202852
1555279367
1034432983
1639451738
84661055
1320610493
1555066090
417020642
1693938708
850182882
677153762
610561997
2133388354
326536935
1421975608
2139602219
1394324879
1671942184
1836356182
691188535
485341206
517114776
1167579655
1514956634
29980496
192580953
1046176583
1376108100
1937723595
288360716
202763257
1770442799
1843640083
1237196241
1262410889
1928301138
410323086
669993332
197838133
2104261794
1520176214
874991895
567340144
1506080920
1201528831
1989315752
1498199492
448370062
1513774288
1187072026
1139558597
1999115494
1704186802
159654604
1366588481
1734167298
352235558
265281416
962791751
142475505
553642133
1165555008
1912918304
249798568
255267601
1027845546
30616059
665590688
1697838878
228454192
622368834
1070531444
1103446087
1189708978
429128716
157491270
1031541083
1927328208
605861332
397831723
966916586
1745419930
249463570
523619740
1905074534
1616052051
110303391
109826444
1881333467
1073095142
252301949
287491952
91166502
17736606
537290521
346434104
1045582152
567906580
1012024792
595937382
796360772
1634393626
1666468826
1899806859
676618957
2095597542
2057298130
1708160040
1875442103
515675814
2105991763
694875041
113612096
207971685
1218494782
2018686631
1824023736
1328798173
2128513075
1557873556
254409667
233331377
1845365508
345576169
251067983
235172381
692010273
1296650135
803078961
1704035065
1892587517
1599439733
1190945044
1411572695
1351762945
1867564001
1359686589
1261577427
1428240393
1087645044
1777253241
1386748508
1782520086
1890865338
1594720194
853531220
1762068321
1271260282
34845745
1743097748
681650190
289255412
1976429125
379532051
634831581
80013460
614704432
1326841855
1376663595
1417783394
883393272
1121767464
869739479
2074338316
385856511
74018776
1794418669
1745543101
1335596203
1075175414
685704497
965365797
314440275
320740935
708747487
1909160469
1174272155
323332160
1032937103
1209117900
2066429908
1714587294
1498373312
1895375386
2094119345
2133204894
1975388846
561340129
1312563101
1204568794
1979123523
48472725
178852610
701379355
2122811042
564709122
775398131
1769746063
162768575
2110994335
697437830
848473072
928876484
1011878105
1169214008
1637623971
773554926
196002515
1960956131
1806492029
1405120416
1879902391
1373595675
756010080
1627794129
1320231372
741731326
1455699328
1881571502
2054294427
512784474
1713211377
2102767153
691637084
267107084
2078094547
1256346206
1042505216
1700356962
1419114781
1006015903
250311144
120104206
1934892387
1262189249
1289318214
1425032710
2035744175
1485320729
1238505193
1694752557
742957497
970923936
920864584
1498967578
451234418
93612309
93215256
1906933746
1975183811
26036
272234572
1540911540
2102793189
963871656
1808018625
2033404088
72734215
703040193
1586277402
1491848996
1709056096
1836588547
1611953202
1496464835
951294148
753787768
774013897
839554676
91624850
2012519090
386823585
834582347
835959378
1307688169
186066277
1287193796
1401300478
279281534
1046643894
1229000641
279307570
1318878466
622428534
234617111
135266475
282963511
120537551
208000690
986003704
1706814953
1699849686
547576152
1395919852
1164319241
2044040987
199730353
1918107009
670571236
1039285029
2009731859
535606678
1426108614
696830559
1371566056
586313135
882896836
511276205
1987613614
1162178370
1557920099
1069130607
1441485940
729314918
1691559141
1676103051
864581393
1974522652
1796640602
1072582083
813042708
1355971908
624948121
1360618860
604408112
1789267362
1257176199
804138465
1559890724
1927747435
1843423494
1422138935
315870465
1122048460
2118969494
1687436522
1708361596
854382683
51229079
1548491562
2016561053
1609149178
470138521
1310563346
190980448
14214015
839182749
1055561841
1988736667
488339704
2128143924
654295728
1844311612
605608398
2014914588
301236076
247392112
1124607140
1105374542
1807282836
904870927
801314388
1081938124
1220741393
1923362849
1053423970
760694267
1484240797
1907806653
811923346
885248711
1776884059
273588876
1355387232
939963757
464569325
1369601247
1779146506
1520131166
1210854267
120002562
1500791443
1865149995
1964314174
2106399841
1732580935
118066603
206308305
709704427
1223441145
2013591142
1614575355
2024755533
948045618
687833100
1800634734
2001469588
1448527367
1137391883
1761792594
112967065
2022640594
1391193005
386555941
1230544179
183673114
851125266
452661778
1962819620
223772785
1663516045
2082822183
1724564228
1381182392
1899652709
1683480421
966279680
2017719312
1889788726
1675984107
1093676809
1755896220
1143075814
970948695
556458190
1830908914
624099781
410444131
1131952633
1761491665
24753077
1244919698
1636648611
1415946082
1631475640
719709142
1599619196
335117258
1172370921
1414955168
558890043
688403318
1350293703
135970623
2069585711
1102462765
1819451044
888381743
972698429
1561756123
416882202
2066375239
1170168695
1559958017
889840286
1726626886
1243383283
1513940067
2137071017
227852269
1127948084
14340446
1472771967
617113048
1430286528
956763959
1336822190
882422076
1291881218
361709463
149893596
1850771261
1050112782
1500187300
1986741885
972214845
455166417
1658709281
1860596588
1427864846
1072981756
129995142
1346756437
95666804
1689953159
89113075
1822293690
785852795
1603053143
1811881059
1013705064
583517579
1826221505
338993383
1200630627
1109024385
1295757343
389969170
1991446461
440154913
751678633
2141340057
143442526
1801791415
1494043709
2130184411
626522612
1949210126
1641410045
339635552
1229591325
566908153
469630695
428864114
662574957
12100206
517977190
337384999
797953001
2121030333
1782410
1811658065
557064264
1828003915
3167801
1757694892
789544652
1298925144
180414
633507465
1739080057
751859047
627363875
1882522583
406166815
2121407584
1865223347
1032689427
1923134063
1359149744
1372324980
1005241740
1926057897
1841955675
1434105854
441149207
1854055881
1952083044
778534206
504525235
1925629729
780316617
168699652
335210346
460836884
171867453
2092905238
1250381537
1470792597
2093085652
1883889002
1062389006
697461051
363769229
797427942
1103627866
337693166
515167641
2136317294
113343581
1874317385
1361158626
1118585321
1652891634
1055630653
405207527
2094040841
762202886
209806924
725091400
1266728121
2135436653
1505408017
1435427774
323163351
1966244901
1607295227
268584941
1069142790
930604177
214186945
805548145
1992993183
911647997
1169317374
642937477
2015275863
1507010540
1158105118
2004109509
1620354121
884938855
1217784487
591455794
390346842
125931492
996663322
336904035
888134379
1206470246
1061995435
7378852
1194423251
419919804
1442806626
1517586603
238681058
902618206
1786171544
1307823848
1833222383
2000358490
2113371993
1678731918
764522839
1135205720
174185748
632315054
494732612
1332290866
488940916
2115086734
69746074
1706725403
559058880
460092916
1832656896
1555722202
796996951
573307627
614708800
1858992387
580686479
1809132052
131428543
2023493106
1179235007
370109601
778627664
817922903
1677933450
464366399
670797745
1643821795
2143098317
1435320584
631543867
169800417
2067635639
1126276480
1502091284
409092907
1093879566
1571837358
2115818310
1652938446
2031930274
1800991558
1061177001
681443577
226815537
1675885801
392952316
807502017
1337534205
524380860
683511475
369285564
894490461
1462139139
1187208468
424940263
1926505538
1858006213
2068762059
1922120207
1145843150
552822278
2091920625
1065995141
1679098758
1446528261
1475088048
625494676
870881971
1443422710
130949475
755328597
1096930621
1192126476
1436772174
1323746158
720528629
1829724491
2131248175
2058062835
206621703
667276002
279864751
1101112164
2129415141
1467073219
1526052428
1908437031
1177595785
1447330839
1683073591
175955287
2000153117
1627510568
1241950428
1531768228
926555181
569554828
9779256
1797437152
2012977538
140728731
405282101
962424511
1332855207
1842054275
138687022
2053383837
1524295118
122451549
1963963024
1730916821
789727552
96344127
684545338
771659045
1563417347
63114118
532612429
593529484
1510444957
68202372
769484771
1363114426
1695712940
2011435199
747399006
474784473
433506379
757178263
124737977
299000269
897906994
530020078
1261424781
83278554
224590705
1400111803
2136662391
1748885824
1522563352
1953141767
1332318997
164807256
2049485894
2016864335
936466302
1465419593
2079978453
1469078731
2058949077
1442939762
1537281103
680950200
658570541
1085510395
544901751
1405969547
1560294868
978408130
15664162
1685032845
1277408400
913571157
67569275
391349533
996849711
292159980
1791461336
986028454
2041045804
1166541040
791686573
1225881154
1331348297
693688819
1095261841
120330951
11624765
1027756647
1589409682
2070573842
323212761
979207137
604040395
981783302
2064717532
1148942146
240269202
1477528752
2127350277
255933364
1015077949
1257275029
1169504521
1082647224
1648624562
18870584
1374807204
1292602250
1004899038
1268369361
311659642
1796585611
346766867
1643007939
342790783
1442028708
1763338890
354415548
322301707
1205264924
277505742
645514469
36988413
881546137
1627297771
2101705945
2030488284
1867566973
1431751049
2010354913
2123500338
299345350
1120146294
1145521211
1381992574
621287208
1164391796
609316131
1913889458
21807186
1877685492
78065452
1818392798
76968711
1721073392
13699933
1518997419
1336928634
368115481
1841299127
394709911
645621223
339329948
431698324
1527167361
1966627719
385920622
1410171997
1686711045
1817671671
1273043262
1662727735
2117017022
245705908
660765298
1351525948
866993116
1825157094
1960842079
633398926
1846964281
1691043923
711464378
1517873431
1768012634
285054122
1531573364
1139526406
1621982757
1899688845
833341885
2016692668
397826420
1172671833
300907344
1924993781
991815904
686827966
1187682130
531043301
357015990
313241744
46287388
326549364
558947652
707052687
1678075312
1425940768
384726133
1491433744
2059339694
84206766
1034994019
623320425
1602080197
655523006
908374547
986169913
1795049412
382873656
738375110
480907649
252082676
1136201531
1653579482
552990021
913711664
497911738
1239817987
2101393795
1028955040
1596833977
267151891
1075242428
1923383341
826099544
1782295115
1453975006
104556664
19537601
797925102
16412711
103744367
1832919121
639733136
1705824565
340958479
1548107683
544510830
2136007891
1930981340
1282885941
469431892
35580368
271603824
2123011374
588570389
1185315488
473439465
1828388377
1139225635
1502394505
1277738706
1406377527
430153285
1053638400
84993423
64964753
360129758
189550087
84502354
1158054860
205962798
188246721
843490333
845695934
1894071286
1184448813
246319970
291098469
1172973056
29817662
1573984410
1642404949
65398030
1845588234
1617932675
653968420
883420074
2091372140
334873149
2022645710
1446282997
1612611855
1281539589
1876436283
518766607
1366533012
1941401036
878896365
1556083099
2025903390
2036951225
1762045898
66666463
732957911
460258184
1960737750
1917406724
706578154
104352571
942896132
736395816
1678336981
437817433
801793847
1376441567
2055750109
1455762267
112377993
1999638601
1790635416
2135023703
1298437951
1255763623
1269079644
1027390586
1774530231
488129008
821307974
505942948
2044212108
699727716
395410526
1658774358
766394179
1128368437
2119032542
579648281
898291513
678127049
684000852
1841187645
1414522865
214854185
131521431
68833064
1591295752
39787892
1524595331
1703673746
2039426493
1167747099
1691213801
1190380796
276027075
812809798
70287734
2050557306
1300938806
891595708
409016606
1197667266
1591323424
804427132
708957976
210233956
1932795569
680506871
789882237
683603434
1358633920
1473883090
377307432
625673137
1688737275
508828863
694506202
1132549380
548616755
71617885
688739478
440559600
1239364985
232469631
1630940397
1515392060
1045279429
1701228131
1418465718
198734588
445340192
1827482324
1396401854
2036663616
484425809
2105359831
99413924
269737730
638383054
889296162
953341165
1997016974
215695604
1330648597
475206463
1904432879
1839477460
1169712665
889498611
240610567
1241330551
1578238089
681170167
333211888
1810707721
164626916
1848603948
708503502
1865855048
1119586018
907238090
163711592
799584694
156156297
52891560
1284010503
114032480
152305485
1553748234
752415534
1041601647
359605751
601948860
1257297251
1690254348
1077155323
1014246482
1382248160
99384341
1903745094
1622858727
1340714892
1334499535
156545246
1673926780
997723608
321172163
1375047080
1706227111
39543563
347149450
465981553
203255155
1146734144
622137850
256146715
283261000
736170330
408452200
1837009234
1488585864
1450053847
49131337
2090534724
559867450
1739385685
1020206400
1574113933
974150197
1119590741
1330375379
449525276
312821985
517391266
606070522
1986748765
1515114875
927242685
1214312197
1073858338
966786248
1561461647
1539839891
1170041403
560712143
14494094
1426188119
843973143
750664424
1834640319
533498729
91766641
1137210519
582630066
34817717
1697077969
174532103
1055024117
1123708254
1148682300
27131210
306599985
1598207576
339953195
823991252
56794451
179218312
191622479
984037136
1393530509
1265480817
1950823385
807508508
657837060
973381140
1368220652
672331154
252085611
64710147
1422995579
2086725931
598208877
1514762220
1076452802
1180838943
1549579937
626047123
1355371047
457120407
1749755378
356569699
484251617
2056355363
1954777276
824204813
732862967
2011571727
1003423125
924485446
848125215
249469987
42482615
651464952
1056978495
700319676
1624846093
277715499
1372650830
1876931704
342425647
648162761
1816173987
940634524
15441333
745143141
2121473467
1565021271
1371190265
1329360866
2022141678
973461995
1685930566
358909647
882333710
1493224194
1183114460
1615196678
1357312273
39053938
392198476
57953840
288523925
434681092
709418793
1345502420
1135000768
186781238
1623217920
360167950
2063712942
1965643567
1008330712
1732403282
758794443
1023772045
330062775
732784262
441309668
1701253040
2062145129
315967698
527231387
1600592047
674877346
1409565098
946332593
1857991806
877278128
156161218
1897045744
1269476604
214115058
38086021
1704157696
923533851
1383588442
691674816
1110315089
859322714
1051842767
1026544384
677482633
2060173479
611464018
1436277076
936461876
941526793
21577690
1377771545
495296186
2083722819
1693739243
1022527573
1536831218
221132941
284609023
335680163
2079124748
1161887151
491841381
1828686844
283880108
705956440
1866772866
1988037804
1629490291
1102877660
532228973
592321733
1962200374
1584071740
1618866117
492199359
1496761571
82846487
1928476435
285739799
1024373280
1950054125
1663511344
1519669466
1886293297
1209766940
394713392
1275640867
1430899881
679322415
1611321031
1362540981
1841209567
2103162412
1043744178
2125089675
661635204
763033396
1965643831
143641848
1865911056
350389156
735963581
1680627782
1934460896
207346050
25343493
1283738819
290192537
1953819928
1569478619
1314565817
1756390405
1085506315
686751636
1495200054
147789607
1081465028
623357274
1578689489
1760787443
87194657
793746822
1454513362
42873421
1837491000
1432119389
704508626
453040748
1250279573
848150474
171468156
1600668729
1584114055
1852095938
1387645978
1791460105
1877439431
523901149
2081652642
1683775711
2093379768
1248734811
1292682469
1031402436
1935486447
640398875
1179192043
869467827
1263756149
610397884
482771623
1350950806
1404144707
1937284985
1393824228
1094152059
1221920727
2098332854
1547192808
324716652
798999680
1718660964
1925385381
235630087
1423273255
1165547711
2027090192
1153229038
1689448861
1961259186
689521102
1635344981
1062510349
1982203571
519263769
850513149
475118798
1698455813
1719980976
1738874948
161370049
55268951
942342106
1565514756
1992553937
188682686
512183168
1066991016
139531892
2059375976
1391707668
938531572
1630553292
1169609401
1174161659
906342899
187673465
1053768203
2059571938
1877122326
867543741
601609392
1364983659
1930054091
436329315
1884247429
633083592
911448113
1435219594
205580920
502839413
1596589643
260849872
1445181520
1014620752
105920161
1633864206
1526803920
1172911177
1773396099
1438696248
417135197
564444023
921765892
1586744598
1738605683
1828108792
1774418063
644890238
1740197082
1504056741
1512433980
194322826
721556753
1295004423
630652141
458320534
1928088015
1542100254
1893540128
2133668935
2044939668
1342646123
247035159
1342637540
209783227
352955320
829018098
1736587147
1525866497
454930549
1027799747
1943001694
1019374573
1949565640
1382262645
610496608
1630190784
1009197060
1255386846
1222904218
365770154
620337178
1417227044
1087326907
1915341601
2047879185
1545647441
1695945968
1442495791
1291703921
1682131256
1339951811
486866396
1929166415
535105703
696649624
134638088
1364123802
285753123
1660504585
1819054351
1313552871
1456022632
690945276
1115634863
690801629
1301441884
598341999
1699998689
409345083
1821246217
2065768843
1029682261
1090989613
1005612102
797540215
991385150
403775895
346002535
286397293
1695479816
2028133791
1626349105
34862565
1809816559
13971160
731512189
1944454647
1378094962
1017265312
1457475584
1049665666
183334535
766014568
1740610942
1298969398
1456816197
894569179
1897311397
1009331239
1303914262
1571073966
927616434
186112875
514579931
1933228537
983653090
1505965081
189520784
1329655626
1792362375
1885000601
1210305769
1271227832
1919863166
872638680
1285198992
503891707
669609679
515810307
1521157019
2127085264
1565475973
1704491555
745616184
1158603267
855977305
54948734
2053172446
605805055
1064279973
1209603060
29395373
1991896407
1395715936
543975305
1777641296
231885378
2049940386
1967162081
1561541004
1694819113
1704679034
624363126
818563297
1477058552
1497001806
2103762290
1980950259
19127838
472088949
1354623630
2146213102
2037564922
911631537
744345638
1048684541
1767608843
799294372
954373340
225930250
1863574345
16492752
255325623
1707987105
1412208688
799300928
1338144753
1644094067
701757667
1157823186
1058151423
249093132
715018572
1682514549
1067656430
44593476
1032032708
1023935072
2025543735
1051160546
1496024021
1232683718
1049890000
1386105295
2144315255
1794235638
287306188
1764440450
446046363
1241679528
1990370700
162137060
1258172281
98212676
1870124165
522897321
897513604
1060785271
19507740
1599271271
71124809
1077659164
1848364404
786143382
612690065
768537186
830736858
1644722773
1792472258
708796946
548399671
1141012631
1941480664
1598289671
379634278
1938312271
1245041662
666940466
1555269074
1691088025
1908619995
1398156126
1853225085
1019308628
1496368802
1575865603
1542205949
246398759
489167226
1561713690
1845670030
560292035
491889206
1546550786
1346435417
1104579271
167604324
29688628
601818397
1960076582
738485574
1150218068
953605565
532482590
601024092
1333239843
323311213
1846065754
2000180310
1878580287
1389670131
1761316657
1129252766
1095411568
633141637
478137920
523793523
27863938
724536679
1012960749
1589577628
422723062
1573252785
2081466834
1969273848
772204554
1038562458
2136878173
801893182
1640380855
1949471107
1540378756
643115275
755593025
2072861346
1244139367
2088832868
248688912
942721473
1941529530
2127269199
184907956
1555362539
1109038317
1280319525
41020528
1587176238
1804113048
68884467
164229269
669590150
1658462095
586952331
95359287
1592445282
408742532
867563841
483524092
398137057
1669457024
2123904947
200124516
1062352132
619536574
955717541
987729831
1863675942
897066762
1236418743
658913767
691112644
1216204294
843821724
98991536
177758964
2124141249
140012064
1764935202
1780770649
208896531
1929164471
302877151
1867358627
368633155
398236438
1312320261
777375687
1265800280
1795844353
1175512744
787773656
1772265652
1375637260
1850125788
244318578
183871154
690371971
2107994520
1080937916
1926790714
619424640
1772050560
995511361
1463246364
1871042096
1173270325
1439903965
2011054161
790721879
1073190966
72467044
572402702
1376068118
1939825671
941035857
1774304556
1104662284
1718411544
892621188
753022989
746440640
1680394844
377804993
2122077901
1383036985
622123572
158465407
2073408956
582634444
1239403323
1852716023
1202059084
863970235
700743736
517821800
587528684
1874014061
1957725765
451099197
517252292
883433084
523566241
1089654994
112017554
315908265
2030690852
1886322110
1420570549
1601618748
631459651
26109891
200575741
164370847
403914884
175169994
1547407832
1026038456
333635401
1473333141
1608672901
1573038724
1178565516
663248337
289525311
1879309252
1181070138
877053995
1605839665
991312255
1328153192
2123091957
1874745339
1851719434
1065263303
1986762893
20144051
948470507
1725601356
1440714600
402605608
209577359
1466824491
603181349
373948206
1870739376
778351343
1921356039
749294184
1111986744
1247205532
210483437
537541820
278287400
873731775
827067131
10113004
2054801913
1704121127
1615952669
898630520
884790671
1591560978
625892212
589026457
509340633
465171457
609170508
1457811141
43289165
2049885109
1860416749
252866524
1369225952
316114450
626814731
1092481680
1094465793
400687122
1841775865
58968889
1647892654
2052259302
596510709
1926180054
778507429
1423577840
1936293058
685825694
980215319
1404762079
1584456215
1865005991
848839409
62864779
306548800
1358180042
528036236
915719309
668507535
571325402
818120770
381440636
824191926
39863074
697555086
1451006657
1132344755
1792020879
1851693779
826636972
1850989768
1352102785
731412626
300016829
1130799191
1509920056
1723594670
919608601
48262102
556326341
176887032
1632718317
273848684
1025726441
1695583096
580397485
236422836
76135685
1496116794
904930371
647461087
166753916
1286371008
1471653013
206616990
1983926094
775176023
1338961745
1628463326
479386154
18115069
1331969446
1831488940
749527696
1631986276
814804483
111964104
1208097298
1734413085
160226206
1764423639
1911300117
1792944524
2038272324
789542911
1341043972
471186161
1025965747
1417179657
1967302955
1930896118
2064640744
2134056871
1069783478
1388810110
193190213
906225925
16502485
1532151959
387205603
495888639
1550267028
1719175049
179893931
152311076
1203677677
994698415
264275180
264291327
581627852
424501387
2028714967
345444321
69962263
1919503643
1134987232
1411006235
243206156
13469331
680702245
63025463
1944365450
597859341
49598686
866665280
1986669451
242788899
1772891205
2003171936
1774940858
12613160
351576928
1177724239
1731788210
531470859
1330035315
787982239
1526169274
1594310496
1052273567
2107797126
2018811883
933504886
305757800
2088774146
705524881
1440745032
1352296733
948731037
1454214364
2032998978
1011756500
1251096166
483374672
1061355186
2117761446
322560475
1304144085
1743169004
178248764
931601296
1755782164
529825692
2109325535
1340086726
1061296551
1291877202
2128068966
439982178
738704050
1032858885
400295656
610032285
1966363771
706053456
551322783
524405004
2146798489
1903619517
1473136041
1453529205
1789134847
337408893
557141723
125025871
1398764079
527419521
447586347
555424516
123104877
625835111
1487025812
1878887042
1155660803
1448867699
1071490120
69473706
593261254
1052075438
509455884
1331965304
2084934323
909751541
1941997590
1903814446
1615804997
345836725
280735802
1615119838
101972594
1753871843
921165395
1891107442
2091280736
1478307118
2016133313
1342561167
2005726640
316236012
1897985684
2128831517
942071123
1237527848
1860234911
2097731926
538911900
784241384
19721985
1132173154
1836316822
529177869
316654810
1773767498
1438929410
111168752
1530098296
907250760
457005478
1810834099
374886950
558978072
1417222294
1296052346
302601866
1361019383
626875816
171251532
556096902
485118808
487487544
306598938
466466678
1429558668
1544126787
179217941
1379806946
2083038687
963459325
1399528931
1067728193
652292500
1928706801
1384383003
278576350
1220152563
1495551756
1808674646
2127403323
1952557234
1472025097
354806626
364051658
741763744
1650858972
666653525
2102783127
130251140
837905057
511396381
615369949
1325392601
817995320
1081836627
607467621
214638459
1261054568
1987274568
150193498
77030246
1239319851
1217921691
729322746
1020543004
454821046
1007899096
93211920
1950372802
669090094
73131595
1755446388
2141115192
427938221
2119498047
735395288
2078797193
638667924
690694767
61564686
1476572981
1202091148
676934635
654481934
2020086468
1758771262
1261949556
87241279
872342182
1101740476
237434777
949372428
193576679
1455356468
1678695174
1214119684
1910177515
539110622
1307331604
1713066669
1208200717
1380463199
1321029410
1201832261
1808401421
1293043809
1937227549
1739714966
1931711733
480438668
1801279652
1260801066
1682529816
330730639
1915283000
1555132637
2089501901
1029748908
1642373916
814360436
2131489384
1879808694
1763732864
177582416
1187681514
1294944391
1391702100
950375381
1834055013
551550056
515958403
894772082
1932013255
1836987813
2096604343
1592931028
982547974
1886348244
1185162347
766776059
219303264
838958351
2027577125
1901833081
1169688991
1795376477
1309482070
1111707244
677641738
804372338
1926067680
661647474
536697384
1542316897
839229890
1724378899
689777640
83448342
527270632
376349005
634998398
1043229035
1271121088
419528006
732733200
1220241783
2012459034
1715281174
959106380
1050137733
334573585
1178409644
1889096085
214667062
932759077
911301428
2010043540
94757499
2023008672
540201630
899129838
1801592705
1201849104
1435827222
1196425954
2041078995
1012722473
1886203594
2124527337
1539993106
115068951
612042088
435738493
1386190039
1031570094
1168471694
458948175
896545480
736269220
1418054555
1946683214
1070842806
448980551
1688295651
1285509868
1381739629
452113431
1148069760
1476497128
327638455
1688271390
228143318
2129231160
742636847
1663970541
1178173466
636232194
529209366
916893412
613275883
2069202472
1031962364
1225317971
357457318
270668755
109404417
1525929012
729616930
1005949898
114714584
187837
805149464
1185557390
449168389
345961467
323583611
1830908018
798074898
1471653371
1159921498
1125713353
1012441114
1388064817
1107460866
1755077961
904551710
138150684
243826507
1433761076
1055044097
857102390
1355479901
2087006461
2082420362
1712937219
210191568
44341131
1091382583
939808499
1050291029
1206097167
939996336
1855440493
244170910
1389164725
53918312
567754521
1072589095
851993210
2039407892
85026946
1977706564
904365358
1473091763
937683782
511959671
230159825
1075834466
755786178
1663920901
2130878563
1612888569
871917154
2070401376
1547825283
437370725
133109297
1592166414
1528753308
1072917796
