1257890635
1117976901
1599839320
1572047051
378001441
970990482
787730801
1809649962
684522073
2009775771
307599948
1469066684
915758909
680748505
1427519429
639956756
1235014131
1347607133
698316202
840964133
411910215
92710411
1018979244
1374483168
2075653733
383994931
1345448769
1592641596
921204946
1270357288
469051519
31611934
240850541
2068890839
1603658985
618851982
892397673
243906138
281018296
1576919746
106198261
588618244
898502782
1021957170
1269366749
178538564
1661913927
356897232
1526145697
212746481
1197861365
1938055912
305456893
69356961
1165055432
233626978
453351893
363020553
1826268574
1374556839
1633377841
147836445
1406168773
1874228382
69243636
862344110
345596716
961641309
1106250248
626615012
391077407
1212448509
1215233256
1289580190
86922032
337116357
1468118754
1748835959
694013589
846780803
1961582440
1891874955
637353067
119555685
1961231916
1802408499
353182663
267100161
17945404
31967589
1641657001
1651323246
179804034
900342126
1378067980
249047670
1762686237
1723664697
1210688979
721452837
202796061
1601766387
1933901347
1418029318
743862929
2020823379
1755145675
64498035
1622175690
301675617
911278838
1436274482
46066924
1548631905
1555830168
2007298840
1203556756
1909012831
126915354
1221502160
1940980421
1768572355
725341758
2120784455
521430833
2103409739
222348478
136633422
1679590788
1433037457
858086260
1882386849
887320196
644503959
1152932519
1631183125
517843690
760594547
1695681160
2140019380
1062270164
459476350
1428810214
1108337088
2008108255
837156734
968152280
1064181363
598685918
1095067634
138199876
392182691
716156341
863541634
365483498
1237587175
819467725
587831976
1374220597
351574865
2020869434
84823209
86478067
760705982
729327168
1239410586
244405460
1247170858
2000005133
1940086620
1239706590
914791649
252079323
521033157
2023128737
112703930
1358189891
843797370
1176885294
1956875809
1938865004
1315085170
201574852
507537698
31143156
567058351
1745124873
850610882
1154890327
971861822
1202185747
1028276113
1056685032
1288663814
1788982096
1786012200
380590753
2033387556
885699411
233112238
1825990528
2125406001
1147903888
2078069851
498955510
1023548977
43290134
1857145402
1867346347
1220175428
1666537563
1658727704
387776950
1868112416
18781754
418920106
287687119
1763906627
1269530988
1442577446
588284801
324233088
323369912
1644969833
1612896902
2112352008
1283498386
1993487655
1998255916
21714149
79116246
1676762796
2147120150
1227020134
1607349000
498592013
103085463
1650639134
208253767
1970431811
723330914
1874791330
1481675867
1111107864
1595420098
1500457621
1530027970
1883107217
1116880600
652075311
1178201016
1705165401
976308399
1501570928
1202651587
441721653
1466439288
338666325
287725661
1317211556
360380474
366841907
846490704
360016976
1593862041
306356056
858608989
1696947504
1956995190
1066862756
1519895667
532842456
794170439
854087886
