129940661
497831013
463420007
1111968762
799409900
1231457950
728116000
1559637406
1374391360
1425318091
417486456
285070876
172410661
2032103684
1100464603
1088604370
2145380829
992148356
1357126707
94083036
2027515244
521356905
639377198
1675259433
984716104
1510148377
368580694
845670703
1527624907
1608640664
2132669331
1657565569
2106471677
448605690
622050683
758397929
1680063640
1350166683
170551687
906971352
628001126
588038144
1192042229
800411787
472658180
145023184
1889016157
470555362
1137171540
1098659217
564638398
1017203137
1620016122
1204015597
544978922
457248578
566680326
913559616
1302919281
2094305233
374716632
1288104964
1604387154
333704661
1736710655
78954189
1092102591
1269290647
1429120873
1262654278
28778352
2057121999
1850692422
1220820581
710050139
175866955
1365843765
451582648
646422317
355531658
1550241865
1211060715
1372734795
1022774339
267592664
1917713717
1480022917
834272990
683789686
635458550
781094576
1058506318
1923563515
237998082
1392210980
1512790522
316952272
336829923
634597521
1746073145
1599484201
663375873
1655711496
1302692976
1884196454
218277987
1478559931
1102556572
669860636
2124982248
1458088230
72618853
1188559315
683339377
1095393193
1456151980
453569446
427932462
142941322
1137359132
1063391013
924035898
48381803
839470880
1162033981
1440592783
204777754
1478986253
1777422706
839375275
1077575750
1229423259
1502751149
585803598
384632587
1239463955
804081586
1863192518
194536879
1473942222
1840691118
1652625109
1546561075
881766786
188480838
494470620
190435118
642050285
922403083
333376440
1779409417
1985794096
1257412339
1827791220
677781328
271962672
1120900355
882559082
1750948925
750839413
1721934357
681041027
1980262673
1077201858
1266844625
217411612
169182166
2070926211
2080604131
363719045
1397384785
1773811601
2016344155
796462213
508094739
57341345
1290932833
698529857
699391630
65852268
1031906298
331317400
2051646364
141834989
11624972
581944044
413797661
1132525328
1464503126
17262938
1883364741
1038953836
698303965
1716143766
2116155694
1965148590
1933555379
137854212
1888591154
1866675862
501573258
1138492291
1493003815
370433765
1934954504
2001098555
427775110
1078403690
552144764
1127166741
1144255958
1584051062
1458484141
1048418675
1725886051
1470109113
1630362719
2139683712
455150793
947382198
9463002
191031887
1986336034
707766967
1907175653
1955008080
525431910
1693247384
2092862293
266539416
1412439598
446951903
1405031707
757959766
817385668
1192502564
611574673
1245160778
123422606
1163719437
224843871
1267678564
600286852
1683328012
168613591
178689255
1005953478
1798976311
170889320
1461104271
598874861
180352322
1652136158
437727247
888119290
1411828164
245251679
1413551200
957591900
190630324
1680090616
222547851
637582227
937638675
980507617
1454967895
2130141239
1592082290
552645026
106080197
608318079
777488897
1373758762
1208604931
313333262
1542372353
1387294187
1319286740
1193865016
1558183507
632907363
1792739877
1738535829
137559874
82983476
479171471
1549388038
328235156
1892722671
359496290
518865480
1425329639
582044141
1156447708
215484667
1562551758
463931955
198142258
1007150400
1016576981
304222456
1615468480
1794065879
1677981218
676589763
2107399141
1072869923
2063883950
1279202233
119251292
1474583809
1912109596
1911991169
1065635991
2049669470
1994974646
1544807462
1451573860
175726154
1290046486
1811070151
694591634
567892477
245630644
1851039342
783377144
1808182403
167487650
981519403
667849155
1184064631
1285741859
135833987
830646862
816239429
812423751
790562355
1889109352
728824053
2069764588
2008360644
55924215
1834390537
1772868166
1121560206
1736576359
1620359164
518884020
1040666572
1796085318
1808930506
704253075
343193304
229339336
949883719
46748999
1012716480
610582474
214236649
1994235883
1278431630
1398301280
1132494094
1414265617
81464495
1948733523
79205720
872026850
1690359228
808029774
794307791
1551236224
863953989
481214680
1176620742
1985514195
70307391
649496258
356914567
1110973963
298097928
18361426
1815227038
641291233
247700762
617627110
688040232
1260417242
1228209584
902276881
1107169478
359157566
153094513
92179924
1773423184
234559008
2040913448
1852628904
1106585859
1583789028
513175030
1900893650
987541604
1377129019
234624682
16678699
1215159566
304932073
666174957
1572074134
1415906037
964272886
1590435560
1083649427
1605564119
1838136322
1701276537
146120703
951069916
782002474
1048397584
2058239394
1141160040
1201492097
2935671
767099576
1436051106
2043849119
472244833
395153317
1480154499
985419863
148563319
320212455
215065235
383188001
336891154
1430224801
688120074
1003066112
