2016517727
1166379034
1997310382
677685539
157442952
1348930455
1515211215
1234015213
2118871719
930901458
1265583152
458485113
1127474506
22053246
463523552
101955873
2127324585
91558273
373218664
917490011
554918649
486216576
571584850
889601556
211171599
673947534
792878222
1242898605
1905845851
1525619897
71390906
1774879930
544515283
2068701288
305081822
701958236
1270148096
1820293037
1935973449
1241536167
603710847
1054072954
1700021280
1731185353
1076126200
16061184
1833141226
1055967137
107619457
58876243
1973457149
662538107
545092819
397558351
1552139663
756264419
1071505885
197534237
1999163024
829868089
1723154134
2070553930
457264371
120185770
1991771571
762346193
822144006
1114436019
435155583
610633807
208488538
