2142374301
1207916981
49848640
252754946
1435426505
7472051
601726010
1238026885
1305855698
157673881
86122582
923142779
1220094476
791223574
73093902
888638449
242145708
796014060
1834735367
1823567642
82041021
1244933025
1115775953
1392244995
1404858913
2104903849
65198194
86186644
1673275452
1372829215
506793827
1668166105
433262549
556642467
1920921052
1868689054
564114519
375163414
959232292
1869970217
532837295
1045354874
645629349
1752931772
1836578448
718723251
494086573
2078724156
1514737312
181338292
1754808150
1596778333
1426271318
723100456
841539680
683646583
680520657
906737875
769833227
206312462
132083442
1276627054
1874478567
565345991
1833269522
1647915971
286551398
249900393
2023079385
1245783690
2119870610
408433033
143654916
618016311
13881157
1980233364
1336739563
507967730
1911473872
703993227
689306023
1518798375
153287912
2115577341
94415183
994827593
651740276
774935840
1901565468
1421573503
981248302
2033648910
550716909
708243222
451511254
236502783
208675545
738062652
486403176
84271283
1983846342
458790139
492704316
2127501258
1076806450
506585473
1960250974
266062365
1014553203
1724241198
970055592
1703859226
1095555925
1123343505
1671952919
1189971108
2118171098
176209547
1964906949
1872252918
1597783050
798671603
1758418180
1016312
1506914825
62445786
237519095
1715590371
800508438
723922272
1799861654
636871132
1182712411
145082322
616888742
112035213
651667795
429656068
378097579
1666220998
6413619
1348153171
1222596577
1101969544
324013028
747065848
144457005
294700478
923275396
2109363954
19469748
373574798
760551909
1777887929
374591110
119983087
1840333715
612110206
1835573458
493358506
1336032478
1487951464
1130229638
371261241
1633033786
1747118381
483296454
137217933
29290801
861394033
1803438931
35704420
62063557
878551860
1137673965
386076585
1625617709
1282130970
680777064
401409457
1244011276
700246812
774984255
2004563185
330651093
1149575366
2124546272
23501161
1761685572
1812636082
516859667
950234402
1153103898
1647089305
1321495643
638654036
1246724038
1804792097
775871969
1276014840
518702483
431827253
1311719260
580766040
1310379113
301909577
966842625
788513174
1584040547
1647619689
1189922631
680568175
200382854
1964906887
537647713
531033947
966998605
514710337
554535108
581200529
179862772
1071394775
1531434931
1332966670
571000433
705446926
1971620707
1817724471
362755375
600009028
946255663
881457858
1031836281
110491276
1462223898
194731747
412400853
281582876
983244921
1996441401
1929202565
25683905
529525928
2129585419
1990590792
1067173641
513135719
810105749
1581883979
1067670827
1391306278
1761746751
2139065603
775257561
947229773
562582388
1480704487
771366832
232823211
1843459862
1371375861
1179078875
577434073
255728494
1289570151
2039657971
450460241
1701971004
173757199
1433705163
1550928757
2102959765
1459389068
2080454686
2085061536
1302496212
1000144679
450713607
2112601961
434545010
1518384435
1356424591
48808113
1509966390
2131682152
996037887
2072548778
1464902991
1767404719
157888341
1160879205
991296932
1336967216
1738313278
1247025427
479053719
1630487602
1697485668
33541076
1804244801
983707183
1584469833
1759720918
295612603
1517440871
1697298807
1598108815
370101903
528766
1563227128
804646913
1518913201
772168071
853455027
881395943
756366575
1849492914
806461073
73785918
1469413985
964349415
1234665124
313227270
153832983
825494754
1560252697
632886703
308498708
1110254717
666427779
2112743510
2093961901
103413964
1724980780
242090856
1620854836
1274795939
1840199672
1990956739
1275324706
1255943152
648120004
646754259
2028111224
1501575031
1528150203
636994151
1203584297
187127628
710780070
525514635
1151477043
1945445194
838741905
1305310027
623456300
251510954
1938196730
931955009
1361765671
457140861
897214871
1308243924
560554825
474712003
1550334781
33926013
1749507943
1243050805
2024882752
877349001
351510309
525519109
1524103260
232137885
2027094140
904769815
869132037
1083194790
1091897444
1579912107
1608709425
95890839
1377873653
299967682
1401200866
2001329953
551478636
1191913948
785801314
1913244307
1649054809
1683016185
1074004584
62125987
10244541
476855717
96052000
1759752484
1719906522
2120934753
489617837
2071416831
498970214
2013721097
156071069
378580706
771007265
1025203106
1461775496
1862904709
457631565
923001273
1958795548
1835505218
1222968955
1212512767
1689351523
1774447591
256943067
327669190
1540208251
1905997877
2010685375
466729187
1968123864
2020929916
943584904
2064175864
1633198752
516007778
2037626969
2122816589
439940961
389113535
1989054039
596012030
767694242
612577656
1621215136
81986090
327998717
2078846701
1004987364
139310617
1766868271
80472671
1351823384
1308736147
1854920263
1608766452
1636405337
1247644866
1367280681
1499607064
1714374053
1187920897
1373053333
510475309
1104613113
858768437
1026483087
994756435
834101379
1466424048
1383869970
675671770
2062436079
4080564
1288249426
1536167567
86066655
1616248143
1467530621
1091054019
1755558760
1086915244
1171526690
959898497
248167743
878963305
421181301
1884573080
2126608171
1788461982
1236696497
1693498576
828899231
462266182
56490237
1933512344
1321034619
1082973324
780785131
7652350
401913725
17171454
683324120
316866156
21252018
1971573546
1853033723
107318673
1440338041
1173080696
1198372692
1048413154
112512293
222415735
2008311651
360680036
1101379040
282009304
97769469
1080503564
2070471286
1334465966
626518492
751886869
1796732148
683008730
537915565
970283119
1765982054
1318700697
977935470
20412131
1335872151
1661259590
337278287
1357124169
1485349489
42828363
1464442843
778203882
1215909059
515331887
1826617036
1328421352
737747622
1687445039
1689101389
1839126663
1969454343
1786870858
772146579
1892441981
973853176
1398665071
496845202
623101676
2081673801
1034760768
1593384795
1700172208
205977817
423836617
1720584339
1541849968
2085096208
2057862627
751490489
1422962049
2100690990
68449684
53682283
1169116401
583781572
1880299320
350054106
1321529194
1420260711
2039155495
1013172209
1242231407
1678542705
1785318788
987189740
504912233
1036500212
1484034943
1128013909
970690365
371312063
573915056
523378925
577289880
997751674
96479617
2119139848
935364234
6858596
723146689
210842635
2107549586
791596374
264524918
1129182339
1375377946
2144824238
1479236445
549423492
1417601302
1370908292
1562595702
512349061
901967349
1200430842
1499538801
1406879582
89447406
836090096
387409843
1060137772
1207402159
961324900
1583516697
1784692039
1959076574
1679996314
1756348239
746957160
1686854910
332011281
957799795
1646920848
1123607655
1222324713
628619540
351501953
1219665304
2107855985
900925445
489782958
1331280630
316037499
1002132019
85764331
1516468342
354187172
1492643914
1605915748
1190277269
1880053757
518569872
250195780
693895009
2102086570
2034887820
505487935
1634599236
1643752411
1252445095
1173970499
1975763692
62761242
673407699
951887699
1285085956
1302027239
1303389652
357267612
1262399577
56831450
847050570
446196559
372868949
1849182589
531960890
1889337291
55886113
2024604804
1347769392
1246163382
1757174914
1866339264
1496359163
303586275
1820942186
1383763335
809074211
1308057775
880032098
2061519306
334544626
708312143
2124280549
1007952325
1660199842
1261882857
162495917
816105847
1619150469
1424895494
872937297
318717391
1871092053
1245806246
20416332
255569295
987659890
76302445
132690452
187945634
1322465828
1889865366
2054284898
671341343
45967993
1727743437
2055104678
855042204
888317564
787653128
769077863
1222862190
1495965271
745874764
83330867
1008681466
2007757621
245826784
1824787313
1479424442
1670722278
550240962
1798141833
1394330683
1796047208
1818558165
1649899979
636223450
1894860610
1782590431
824169084
1069842790
1524972149
730970335
1741184133
1570940142
311230124
1648805163
278498699
1199547688
288974644
1047576562
274926230
1784939915
1793451326
358257097
646137733
1653725299
604083882
323441398
985666093
127322512
873682360
636324278
1521653196
522245921
307398795
1024069527
1158469371
54775757
659176310
1982638456
1124618548
36664811
566125143
718319033
1607604953
877355267
219640549
1886103652
2076902955
508615193
786196566
204345537
146071460
432164244
562602634
792209194
2085889543
1166686516
1115650592
924071988
1294009029
1989332953
1560396266
668178577
364095226
1867795061
1692248104
1522564597
1922570819
203940766
1357719405
899705719
240605577
1923844548
1618024752
1848210530
653716167
1837665301
1586830535
583135474
198796846
225543453
787481011
344868307
657707698
1350083646
1137077501
596113593
369286514
105244445
1520185582
1663295543
2094577398
933098200
183990472
311188976
653409614
1876238576
1833753574
428496785
2080179342
1043989331
1328202504
173301271
820350232
798743608
2021511802
1474066399
488925262
1460858689
2057201874
687722108
1686402142
697199237
1032590415
196626192
2047282883
22184268
792739786
269085750
127428714
165441720
1932381293
74522464
1098539920
2116371766
385711441
1751949534
1845126694
71981367
32962671
1777822389
1115970698
1361165175
1951123660
1936320930
12425136
1825151814
1262903682
501350398
1138526855
1172621908
1189072506
677445350
1869821145
74179274
874071542
1769620381
96363542
1666811328
2038706131
223792256
1832253048
1823603776
298314721
783309321
1792491894
684026162
387775207
1490134941
756007529
420737879
1120473682
1871978227
1781903054
924113694
1660815510
1794328190
601781861
776235544
148194940
1740308716
1948857452
1337267447
270270418
1671194949
1411446721
1144341961
1293331682
1507810263
663669641
1184554165
1731602520
348439042
860674294
2029917241
1131748363
505682540
566459755
1519523570
1995817481
1322467284
1940261449
968807515
1046961863
1574680856
1892921210
560293725
1221525398
347219423
1336529269
1369720339
2087528139
1137903073
559504138
210314910
661614375
1970950859
1354656871
1954946057
1331277474
2018326512
992016575
915396346
219281906
1852690869
797829939
1351030269
210889761
1364289694
723070192
59223595
539273330
515847993
1028031110
1586235194
2090528849
773468672
2146528919
1164570600
1120688095
1335574541
386807291
1060732587
325993966
946311429
1271047497
987608341
769778640
478220720
795070751
2101056114
349063584
1787087326
868968813
568345491
1492294547
1666798752
1919375760
1703184308
883604799
494962304
1762407903
1422878129
1010810298
642955366
861629675
953855499
1416424038
860674947
2118426099
389628486
48765840
357749742
1450361073
374759806
1304061171
573924922
1362368148
2073839811
1052145642
9955251
2027412278
1401209226
1797042577
748897443
1969554717
1141853476
268212547
1741446830
697554136
1151817346
88925486
312478392
427211828
1099735784
955433758
1288841503
2053591284
224374148
2032802
2024533735
614002634
50798642
234799830
2064363707
425558449
1538861001
490804981
1787926597
1465217165
1542950623
1797881848
1345145795
796676202
1447440777
2094043238
618747271
441810605
214772137
212710453
1139364741
1366589484
301635940
1451843133
1793801312
1401371724
259793243
935159167
1307479360
484167392
937191970
1184529448
1098170026
987990612
1419329278
1015050086
1413549061
810706631
1505855067
1053992010
128440148
901322043
704390210
1473585943
1697998245
4347339
1420145533
169261868
446157944
1634917671
381972322
1585522686
854023507
683608262
889882171
500341171
2084979986
1149675415
1435500338
1244975699
1633842807
225208660
282021499
584529185
1213199273
1701350777
1599579271
479264686
364573760
957950691
1533256697
493013909
1859272734
90163259
1966599852
1409787331
94510599
1239261738
1579049199
540668543
726695761
1961021521
2126191229
1580719268
497146135
868589753
2081060439
434642474
2018265168
1369077129
1679618173
1504624327
1594285790
1961639672
2089153512
660001415
1515506801
1541249136
1139266101
1880080561
351716179
525039150
225610822
63505265
615202410
44727027
1473292596
709713009
1283988765
904858147
1250381552
2010684526
718396021
1229089134
1443920146
1215542156
2097678887
1377496937
1650184630
1968460407
599090418
1182319155
1325601086
45892560
996475179
1267270950
705893975
364498332
661036438
1845160077
97095246
1012752617
222715579
322706068
1076257882
837917989
367433095
402066830
1547630998
1651421860
1306924978
650528903
1514622738
2025320999
1879618037
811059236
1093379507
1829813276
41072525
596080490
1650790035
640162944
1778399645
828907473
686055504
627391177
2096178423
1391949480
991889509
609731214
1089625909
1088984755
1622483831
1312341488
1411690824
551258066
2775830
1779123919
953324896
1550406828
1283062132
112766226
53452083
650201222
2138087225
1933070120
1461260459
1083983085
1615399748
1502332984
1680063575
1118706135
2142495928
1310979572
1947613608
681067785
1938370749
1896308384
2073017265
782776611
358555950
1015159526
1871761366
1981039781
180017366
1135968542
384814199
182793196
767608814
1338139096
1733200025
2050670946
1450905322
1786652108
553388520
1441508900
1572238581
2014648979
378008337
1040154681
1369498316
2058071912
11377169
1364510596
1221567836
1958990777
2045578381
1012454938
1707815513
1971111998
1795231549
2066371463
838787876
1519509267
1899927597
1018805243
507994162
137258148
1201598439
1275602976
1475397244
787314816
1178790274
778818919
426483277
1732178794
72844171
1998721858
1599344126
450852508
891392891
821358794
361440772
902770060
38385742
1583008608
714277190
2083964124
447979898
274609055
1907592474
95727799
193496871
598896703
1615237067
2093424468
1617701946
2123231229
83198968
671816737
1251350557
1558596213
1459131554
282657183
189931484
1885614831
2014835977
262775655
1736853041
1466696455
713628163
480762284
140571601
1075068935
1383532345
178957344
510593895
2097809535
115437820
958573794
224934942
2023030294
1054301593
418431813
474443349
522055012
364372633
2092145295
497802593
447571602
616478385
1749153150
2006167815
2075609939
2031810333
48615651
1813741122
1899162663
311391306
1403110515
1218375470
1025019469
1883872799
1358947072
2100088404
1119921496
1537904416
463198651
1070247383
1653342236
1421772445
1295182326
1528888882
328590391
1713614139
2003332232
850645403
2077986773
1947993879
1348447997
378074727
416988616
950117499
236758894
345114907
834444185
285374545
11372381
586123200
596765851
1414482896
1804498670
1621785320
1150872048
1015962094
1574390076
123309896
406382862
2037588727
1193557280
2059725098
1311877525
341255958
1441130333
1640467916
2054870097
1296978917
343629671
1985373222
1097489148
1692077668
215964301
1514477765
494711520
452723195
1859592672
1329155705
738097740
1870965054
1915278905
1334863591
1137964302
1572293927
809165263
141352702
440772374
236071691
264662599
847155236
126176771
1458219879
759396687
1438054296
1799475837
53043372
931038564
1706862286
1350022289
1274668235
1544751861
300027789
819262256
1760716162
1814505554
1313973776
65955710
1526614579
495645833
804053450
1250095985
263441090
2138917042
240576639
1835735017
800598657
381929342
129023743
1036670349
646591941
976178980
1162847120
2104811820
1735575667
453417768
1756804009
1788619039
1384456332
1316182647
991157680
511640919
713450860
1291185469
1330903175
326683375
958207376
497393303
392639085
337338307
993039136
1196692535
1587434292
1256480226
1188125929
1828010931
944731596
1988724587
62456625
1073755339
877911288
709048566
2049934319
2040758408
666376738
1638026338
346692528
275697099
1279161729
1731148860
1591879747
122835761
95306131
157846959
1414021231
1426209307
484530334
224744959
1923602610
877169419
562083266
769158099
2073861955
2033910
2025638325
1114504236
1830044841
822886273
955745175
1892501467
1896641613
1833656463
454066385
1799092284
1726931223
1120443124
1289634975
2073623751
1396140223
421313056
1657288963
840536322
544148818
1752595095
998383282
1958170049
1031320754
1482913616
35431360
807439716
212599388
597514626
1576597815
138977695
599548536
1454752493
1253481931
282109729
130155118
61743459
27127548
2026796731
1895399922
481193934
1678405368
1474847498
1601637058
820556695
1400987601
850293633
1241869751
910792917
1690829956
1786018569
515904364
541729590
1596704970
1547225118
2024643206
1632136330
207181186
89758946
82167308
1783779002
228736641
681715844
1091047847
1482218573
963825574
1221202965
1543962032
990953122
1100516049
1291878306
1472147056
631437769
619242156
926300466
1451994464
2020229758
1776594100
546380567
783539027
1319940408
184915489
1299443391
1861669998
1781620459
699184861
1738829556
1266273142
906366047
1828588503
1348440450
542661401
2057325144
2030156295
1633709248
1392060069
846498221
707428566
788538453
1837451343
1807944615
2080416760
1162114752
291898736
552175268
2088415218
1743893200
424921378
1717525670
142790119
1208460405
889982430
327705608
360420148
604168780
2109326068
1059605009
195514689
1228115562
1965971057
2024103192
429072364
361148810
1933944688
311745011
1994858059
1178521110
1158243232
554802977
1967059563
848210928
215263944
1899992675
2010325680
507162680
304684296
1951257250
103572232
729605674
1521299273
246362351
1938066080
263798055
574067960
151002580
867966836
535910380
1210607590
1063481525
1764025942
1029094999
940101069
45614658
1390243809
726562109
357359670
1237618220
1905083219
1515602902
1792421197
1724659135
216330182
2007685141
1477168162
79172214
367364173
1781852458
2030429465
470936405
363974485
1404245090
717298757
154556917
1668043145
1291366717
305559497
388526333
1827277097
1516167087
1452007858
1443819391
397778438
244625279
1489434049
1788022248
971187389
1846793719
878156820
728786960
1214912974
523094370
305962447
1431243156
383295863
1783130610
1510415371
750660037
1417499420
1393361188
1221596442
1781473905
650122630
1938895199
1936030822
170682127
1082778268
94106672
559208461
762571717
1610273759
2011216319
58907460
2008052198
108357951
1548341510
1648590798
1079545340
1247651581
379263970
1808332300
315080907
902358340
2114294748
1746324064
1285654204
1749941710
1109255787
2036314241
1019957482
355133327
1110427035
653947740
1005255957
901838587
442494914
1175938084
1984616855
536601586
1735146545
599704925
2146875346
1598879217
658612385
2007443896
1707237168
59470247
1508551046
639298860
1307121829
1887815016
300147512
1622202736
642689709
266958612
1221043152
1928343913
2016900322
182815291
1817174506
889374157
537948618
780117893
1543321897
1543204575
1681956480
1985816811
571659012
1519089688
374934750
159321909
2118794613
374326448
1758201126
629923350
234286696
1317954646
689393598
1742837742
1957253506
1996515427
1483169110
109917371
1471234515
2125858819
376875983
544794020
1906719084
246292658
727609311
1576409942
1135666815
1265557930
209044188
531505064
661278857
1891000668
369838227
1232937869
1262606708
744772977
1392259779
1233917673
1119099425
1002977257
1863841024
1353386121
173448256
405750974
948740215
2130701762
254782753
284425678
93135485
1726017268
262800849
470011469
123327640
22036286
716304127
850936952
1598446228
1851970942
2116494882
1807490416
235992358
630290091
1551007437
605830585
1863227961
666130497
1350603563
1108004092
1900048171
322219340
2110981349
1616405547
1675605462
136945957
2022156521
476862029
120164072
129455626
761287707
213299557
1855472894
1024088557
683311026
1978800535
1046124843
1399615153
682253839
497087423
1104102447
651265073
157094192
1340094805
1281555164
1708101629
1945925391
997299477
226748478
1149045306
2105303569
2126796649
1471264646
2068801271
1595718548
999386460
58263580
1470391421
1476248490
178427652
1599847047
90052549
391727210
1307836294
1114141106
1075038236
1139153181
12782301
327169742
1821407020
509869725
1431272189
325188445
666963917
623883347
1606743609
227581898
422325090
456559439
454330376
1571370396
414379360
433643378
895151394
335696983
2029361926
1894537855
393960564
1352269700
1223302697
572388216
804633099
1313355246
964115426
2112469393
280012705
2039153663
1104138926
292795006
218839757
778062298
802664731
1650111946
1103250743
1469628648
126511645
562510705
1697210546
548836735
1019070144
4057275
2120207131
1433449504
437700653
867874878
1769146488
319578931
614929085
15623404
1671848631
1838231782
588011620
328998083
1004103380
1552127047
293983828
1284116085
1443797062
1398122755
1576911092
1662636819
28701405
232092175
1165265117
1131952149
1701720824
1291776763
1694462854
1251447722
1840613498
566049350
1255504997
1813336982
1999498854
1693205650
533728212
1621161694
2012784582
1148657297
1636785098
1537149565
839405431
77313071
1866147648
1843508811
1629440118
12647829
980141249
925753532
1410770584
409568693
440906703
1439471989
641660868
1606171820
423940490
195898044
750464935
2118403344
1447345767
443594786
536969046
555367116
109448120
388984253
101089119
643176332
2010145947
2113873701
1791833629
1499447398
1503539618
483755412
1576760469
1222203619
179780575
1058716939
1234851448
1159921824
1984470471
498138384
1569490517
277893526
1937610373
63667738
1884065346
214067216
259565782
487046634
184986912
1706911549
930641420
721955959
114795018
1040089540
1110940212
215884137
1683265872
973602511
182274190
1327615853
325566261
1685813808
1811371265
1902326730
760533779
1991151840
813560021
1995385227
1003590017
650546844
346039963
425596886
928440370
136166689
489264624
665022069
350233905
748830407
1152068703
535220817
308258308
2082710123
1257176776
423053326
975316015
220633340
638937463
511098239
1194235852
821211653
1838714092
1519802113
359541814
1502601709
1274645196
1120075593
1346269901
2088205217
967977173
202376270
591268414
1314017136
627973157
1519708784
1450183825
1117237781
37247205
1800417730
1866068188
1189315908
188154900
26842849
1124542383
1445331676
449896175
2099858398
1665965017
1088833639
463472989
712717221
1910045292
154703433
85035686
122103458
1657305142
1359680882
1242179052
856091396
1300402452
62672577
1058467666
1891670866
1376689713
1686440823
1263896002
679389891
656194957
1301143208
332323973
374779497
342975468
520478873
401622346
1467517852
1965810550
851518522
1419892602
1484291919
1940352161
1883365592
49525492
1702913805
2038069025
134561178
1825017264
1547890520
1494242061
919712668
256498268
647160865
982385245
1314965934
391348083
211591310
853923110
1655244085
890981201
1510118067
808903645
1223305175
1884897564
1151879114
1743784048
139036263
471913318
1562110950
990554785
1891805920
898919221
783423298
1627687864
948444713
338853455
1518273242
1083005892
16387071
918680114
429764305
936099739
1175178382
1076925170
1918484984
342660668
1468273253
2130076295
1196583778
976033690
873573848
559218197
1784937336
2096879023
296632114
789332802
1693179424
435668377
1261246120
1107806726
1426223162
1005568392
2006725948
62162812
485772609
807687013
401016267
2004045851
1890692905
417403339
775242317
172973562
1353503078
1950420699
1249898732
1124504415
145597719
570688337
1107097062
1342181498
1546722028
1980670910
1901399695
1184175716
1930066286
50548161
1973508518
1475762062
486216538
1087270990
436085140
1912439700
2092839382
295327440
1974602512
431128343
1103014454
228135132
287690546
846223711
645538471
1062932863
1019197274
1999041549
865869914
121612358
976062316
1011467634
692300696
2083159378
206165484
91539076
1916346641
2107565179
1275714792
1698929279
10629693
1101739662
1027207693
496846231
41527004
1463292833
261802284
2134366386
1758620274
88921148
418011082
714151080
317056280
705701628
1560374791
962594751
1768634492
432088417
814152653
487020758
553700776
1790214969
1498488392
1246001472
1725890700
1704653876
1337540548
1494753693
1664735408
465771692
1046199324
1675365101
1567511354
2073407017
24727684
1609038358
1389216202
286529968
1595921096
1000352828
375451117
2013932178
1714503908
692507397
572150159
1127395052
1655102149
193301003
1559483469
321771154
680321761
2113184245
2111986123
31326506
1211702069
1690393175
1735980382
401758969
1037663220
1253232142
867530661
2083862544
781113595
287558367
2009785913
805841280
1896596725
1251518468
1092371248
1345034174
104387648
1467822365
1211482704
1818891557
12846115
1783632863
798802961
1667948264
1976933866
210802782
1989719418
509771980
176503380
1954221893
541098486
1388205449
1497131421
129595220
1789964419
387310993
1382827363
510011432
323689890
16457310
797569800
185992155
822298590
546682877
1437510623
1914669839
1891717051
1541898272
1235008556
955716108
1213306181
1247854671
591865323
2012109142
768319287
421315542
75428276
610555057
931087522
251931656
417293303
1472186008
1640137106
1914424724
1601781228
1282617877
154252069
837124943
1792629309
477941959
853582254
442715461
663934115
1675880844
989398339
2101444738
1443067035
733631742
1495859362
530591944
1689347850
561681895
1778446615
133729526
426307389
399282255
555045068
501735666
1009837312
1486132590
753667322
1427130615
810834950
246320780
1194071691
265132530
1528938657
1348323761
1102257474
1174084319
1826265720
1955839728
1616799780
342716187
1484236924
458714471
296677278
779820312
1192346214
1792536640
1310412256
734210416
206734888
941375223
867939942
633042277
1340657478
1422985010
1134777943
203011143
761633952
1888445266
1630141758
1572468902
2134766046
676729802
1837601433
1516221056
2025053563
792375259
542821727
1703835635
600731339
12137859
2046551823
2084968263
470852331
195745453
717304927
1663198545
1988282093
2027717183
249925313
47533333
821608759
1117865256
680575611
14782589
393366618
1815353554
217793732
1155000571
1556315172
1847935491
579985825
1543597571
377181645
270103610
912334979
254751560
1062478869
1455156706
1958587195
1663210208
1467294565
1857655370
1600694824
1938146896
2053400823
170516103
1453861793
1894199269
50749639
1703787107
1941732602
872358398
674168715
474824565
887140987
1067535333
142694472
1104934720
75052256
1699009644
805386563
655038082
1095123567
1182568208
925141692
2007458546
1437319768
1987620562
1315131604
1248423315
1503347122
634942522
958595038
956558298
425605770
864512213
1127074402
1879467564
611227834
1177824041
1435771023
405476789
2050182439
2109939738
880301354
789839778
1029991423
1022995826
1894774498
1105043680
574521823
552677413
1760081762
1669645390
1735245621
537739806
1529620289
1025081741
377876720
697268245
126021409
1881223843
1332210767
1084616447
690298493
1757816538
1949128660
1817372895
1489800454
412872847
847713288
778087829
818349636
750412079
740543919
1698650990
1540251858
1770535342
574163169
1287542708
728095374
1148684992
1840220122
340693488
670846734
1427982095
878433295
52983375
305580189
1256310015
750251621
431601598
990050210
2082462388
1516218045
1680348704
1692795278
1317863057
1350237951
1035112084
1730735904
50467592
1813199913
401601892
800879671
406260184
2100252883
193647881
29311879
526932404
1481190590
757407253
1675617396
1173927064
1098100742
198980482
454425511
1976534037
251963858
760005700
1085360404
1002215479
1191607298
2075410615
937194219
560341695
1608275671
482505850
1878204753
811029974
1517617934
1461457009
861497566
1183334200
1863058902
1662377238
1589594384
1815828137
1856025119
1618906263
195276893
1189732061
228829869
1870894289
216175477
1326930611
2069874771
670600989
1155981000
174354981
1430606689
93857756
1176570460
474730340
21784723
2113764680
1035072035
1630060394
448786882
765793140
293606721
1966404816
79766502
1155104287
1002255368
1942825404
669997877
444366105
1611169893
378539349
2063272368
1806446786
1568271410
144618589
1529857427
1784446888
1471549200
1452248550
307564229
480046552
1626603532
1738170918
573904309
655690344
65417610
595689032
621971376
1100489646
78265779
1070758258
1866282786
371872500
889679427
1946049288
1526976787
1891934795
1741391044
49491017
188817252
1205077289
428030366
104605973
864040427
1996301776
249224562
246414206
1633265016
1720773763
1698662757
1940829245
53336667
1177782641
1531516516
627240976
1833472985
1596934126
1222930009
307960714
549940124
1301195788
1378718972
268739263
1673068288
120914751
67304903
1052561427
2012849547
1808695948
1102052444
54183151
866289589
1530082810
158789124
1730330017
1378900939
408013687
1976744223
864682307
2128787450
1527923332
658027905
34640469
558222325
42060773
661881446
244211663
1638994899
1884811455
552172377
41451376
1038523595
1930891349
310190639
564108235
2051806101
377495542
1616669662
1917172000
38707842
571238459
1971355151
904997432
2101321269
2130144276
487843801
1332738560
390674315
317104376
49937220
371978117
1845027709
707965125
406618586
255766386
750025898
1068500032
499978049
241537149
805827839
1052150426
282988525
1844351434
835558128
593179164
260976021
739880581
970674707
1877645684
509568933
1009382549
301400495
333440436
1914379981
255238116
316101064
254740134
1587976677
706775379
571844511
1637913897
1078753496
269388572
198395374
1485372083
525154958
948421272
406388467
1025133008
1189958421
1212216307
2077283434
1472946947
909084093
765357914
2066126111
1170060115
1505238495
889317170
900222151
2014807428
1898699720
1201622646
200764217
1665596053
1456860762
516865281
1920336188
897353791
1223640661
344697051
387784040
154910509
614085623
586179414
1640282592
1139240581
1534600686
2046671060
16889941
577075460
1111403719
2094173376
2050022407
2020487812
712047642
1968664870
1043064279
69802490
710498393
1943286430
2084609918
461714465
997425428
137890487
2127310518
306802543
654755769
1900163058
1204156334
1878396430
97376461
1591940375
2033306939
711462084
30636141
1526105884
1850702666
1565236828
1425293296
1867592607
2142312288
389213367
1814282335
2044851047
262217531
378846330
1866032269
1305281811
448648820
429047014
1101084593
385775090
890761479
2098510022
523665578
870588350
257828917
1178421347
623267760
1461985251
909334129
720644222
906441978
795157420
1432106306
937078120
173779656
1135325324
354831300
1599072952
855434284
349659940
1988286319
522232971
247027339
103020203
901079301
2113059608
1408302014
1349728121
394622975
361902959
1735503212
1285384454
312929333
111685142
8489156
570758250
1290106489
631756917
2032743502
51956970
1352401139
791701832
847114390
637023797
1728779952
1020894047
1772349122
2083611252
472483351
480299758
285787544
313286023
1002532729
532814883
416306226
1903612031
498390844
1824608240
1105856504
893013819
39027551
693876068
30914625
351956885
805561210
39403782
922715135
2095667699
671160699
807974989
141021
2023561838
1599676822
847255412
513101987
1180973126
1868149459
137967461
1117100731
193149162
618267219
1402888275
506435185
1620799949
1935703159
922741411
1376928332
286610355
599866003
335301188
1179624174
638893555
1029177257
1210538799
990850440
1834738467
1249942581
1913565575
1782922519
1921103280
574056917
1783063540
1797181470
26250091
482835304
162799810
1207223217
203501115
300767271
176840300
396650278
919034491
1579728576
903085463
392350792
1367948087
1825826875
1769279124
1654558442
278209230
2104580312
686698968
917102785
986273921
1897237767
1907953225
673528741
999696701
1674035153
308967612
773316333
100608422
2092031152
423014156
126858513
427382809
585813966
1334081730
630883924
886581237
1510922031
1027534202
1805615728
943166959
1930619666
50482872
163631398
1608962893
1819761996
1818189840
1887172123
1776858661
357405160
656791261
615648934
107159279
417260838
1289177675
1106855980
2091295991
1598145287
1880172314
44420765
1542692792
155702822
171279278
1970075601
741516788
1505361009
453475877
1628098025
868799392
1481010080
1286230106
1811966351
1264146098
1336712978
1975597749
725625343
1008991327
1646303941
465313818
638366340
2003709101
1122105079
1254015274
2110868380
1539365918
395709302
1070240713
1483178261
1993854589
802929379
1527599027
1389063733
958632201
1698878305
1211655686
1700148989
1056755666
1665131564
1180763366
1925555058
998657996
319509824
1590037761
115320446
1656222803
1418151862
840945789
517730482
916972155
1306259607
1156096822
773197608
280881039
262628448
736582341
1820246957
658337750
1806823054
1155941570
504708692
462268785
536056949
1893772425
1420900986
87451607
957944464
973566327
1144207273
475592380
6846045
922278684
1474250376
326355870
364832797
1589570822
1982578673
1782984660
283032963
352825507
552473167
1589292570
1508922329
1325670776
1870173609
1771550777
2062253117
1542936918
282404880
1721592523
551394841
787113572
36377660
1087451790
533402349
1457278646
1174903397
1491346813
283361325
171627023
1966939193
290207370
1093905707
1293705921
616563240
1458738504
735793095
451658265
1094239516
1018826058
804483772
1646712684
460634981
165922453
824899812
183324942
1937473231
739669281
1726261861
72394463
313778156
130173054
859508035
350155816
1217624844
1392910384
1807434462
245044594
736773550
2090795787
416671617
556229095
233519509
1510577324
1849935017
850082750
821832180
438244464
1301741015
1916071697
1457070523
2106224788
1415300733
1917705504
124663593
92716897
2101030446
2062136824
832386178
1679808659
2134531287
1146164334
1809981713
846555674
1496320150
880122910
91982411
1156270964
1125167504
828755961
1099583103
1541839121
1384985056
1333102612
904932797
1087436425
35701714
1726764977
1525680890
1337442730
1495353026
835267765
1296183870
763170111
605489621
1420847463
855887008
559036419
1335500640
1688273186
91361431
1322548279
686953872
1901343144
21620306
35790374
633982406
113602717
1192061338
1759149910
942358678
144160793
1153505383
179860086
1477263406
2058438180
1267296512
1512965120
1637719510
645493754
702924202
985588888
1480761519
1999108072
1748759000
2086251140
1272471888
457162360
497803911
460488880
2145435547
589165342
1783037159
684905771
343024839
1804657465
720696146
977007245
1918260182
1912757484
588673508
713135212
2056918278
1742178891
892995299
1386698036
1653133424
12808163
752179508
1143369286
658301917
1455103711
2128958174
2139063436
1306728135
1730233526
2077830928
431716375
39912239
428151191
892205255
37864138
1017316534
527758767
722769909
1360341373
184932584
1443466055
189864970
2103192767
1208739892
778538478
668844331
1118174522
373233722
1561839630
357388910
2026367146
1574647793
1109568418
1022252784
85466062
417188481
1003727310
77045850
1723916617
586477189
7393130
8149344
626389428
435544322
900354600
664253566
1452860856
1428113367
1387023475
665718581
1613045951
683005883
855583551
1568755070
1891745775
1634122030
90115754
862436649
2007355752
1651955384
1219825559
1886239250
1079119530
181910329
761008386
1164585592
599098811
1764735696
1241631443
175531780
203729237
1249024573
183681124
830118665
1684568895
1084035724
1494372231
989946103
364665443
733912059
1655664684
1977711395
1416917942
363764588
1398982817
1161180069
1997886618
1489098571
2023616718
1857758722
993570308
1095958629
1596514324
2072689838
1277868958
210039062
1089791782
1876967769
1974774758
183939577
2052499549
31020348
1432964151
88697026
861139013
970049398
1172732750
208027597
1959995502
1537398194
941939656
1468176538
1367625941
211373950
1831941126
619125110
1372554019
1682344096
2108223682
1248687089
1392619170
954310342
197162070
841649846
879516532
1475031028
1051688908
1969308314
1204515150
878980019
5764244
1109531051
910000367
1438728395
1198228077
1771139380
261294145
223477180
1979166977
73805999
1760875374
773622985
1541982538
981017667
984996935
1226440016
1600142777
210067306
761300465
1560882811
1458754395
6435987
367709505
1655916465
848085834
1247226037
983463846
1899774742
1069050704
40495348
631271113
1074814948
1150026399
1541271480
366059695
200770829
1164927213
627353840
424248009
996610542
701159840
37639735
1770233528
95658730
1018657402
607746815
1322098746
471316531
817814122
2083399211
2032199343
129084869
2089835199
252425200
1785001335
790437385
1499651238
620981533
542728479
421218294
661476881
1173999593
1496033242
1811503280
567787425
1862092937
2012274109
1732714638
341963129
289038470
581841533
1043122969
326678205
204591413
1138781699
1345335607
812338228
313396798
1816652139
1630152350
249312361
1701367834
1759237220
191663912
1953793034
1396754907
982101297
1305960624
2017736440
1524829777
1727178918
531729673
551345722
1075728512
195749305
1119133147
790337801
60539767
704364138
1132300931
349578237
1286205671
27940252
676256443
1490797084
1166721952
2021592050
155651664
1480118750
1690760541
1785804015
1729431111
1244644727
1397557587
1921095024
1050954114
646828846
755712673
209431090
517081638
133058802
1936610009
1048811311
684404524
864854873
1244560616
1803537672
1655192675
1305100383
360418162
640009958
1654678621
1646623833
667950210
183451416
989937269
1834672162
57559818
1145588933
1167307264
1748320360
783909300
749254728
845481439
33983239
522866104
1896435553
680812085
1278578777
2105866644
1197893723
1411637580
1894993005
99221386
2096042104
612364230
1343782003
1752096128
120073257
501398738
2112514290
760083215
8593711
1611654475
1428033426
192045127
454108096
1115221940
249604946
1599697030
135045557
1997925306
236122682
884300285
695923097
270105922
1407166389
444875003
950918007
538261518
403257999
1328083
1949899098
150767356
100549469
1898457555
763131586
1444331472
1503070035
883204844
1945730211
1468100678
1643288059
1954323922
932271505
923837837
2146369050
1386379602
2039059778
248490348
838592984
26621687
98932006
1074715666
910921972
794855103
1344821588
170604713
1239730106
148255948
708866231
1642988105
149584031
511281682
1793755461
250133500
262255589
409403400
1694464973
1765325624
1292608244
1492711536
1085942654
788412655
1299551810
2018214160
1712250493
1298437212
1257110114
1603826623
1546927560
2095703098
1630448310
1645859566
1022935116
393886634
293231022
220273057
564491347
1532961128
368529005
1273357578
1028465586
518113036
1784639260
674737399
768246536
2046894849
1084140799
315227861
1664736826
229265395
1807939397
603195832
1017678051
960007560
473926344
582444896
110961124
1731036458
38787871
1657888685
1679255908
1669236181
1156264603
554707377
2063122815
1449495625
774980434
480130514
834973106
1143509439
1753488092
1863438692
1661622475
1390643705
390692443
282385363
1290054906
1474833243
597613225
807308084
1704098638
258068974
1410503917
574293041
1218076534
1884430261
1156737937
1329037659
1467983072
1195525808
839442696
999755332
717278341
1995707299
1554462709
632917508
1297719277
181959495
1113048022
2132692383
1325468934
719052467
1848647427
839607761
2109696172
91856222
1121993125
1252267430
1566689465
1719606350
2059575515
1123304456
1977675324
1322595784
1697597497
1048268211
1059542397
706851787
229822222
380041821
1902377595
1069264918
1379797154
472172289
917488569
786776215
1105089797
67724198
968735711
70654172
52932933
146720997
789706639
1901580360
986328759
751919163
1993436583
2108321884
2004186593
1412642400
1680444586
1916278460
388463208
1510636262
1091390596
2086060706
411420825
3449346
645428845
641243047
383491167
400322792
1710507965
1763288321
872495081
480512887
402580889
1977584879
548237085
1371316600
2048239051
601170019
1518037597
690462042
355266731
356882708
1442381205
201219666
317720944
1299084150
1613862067
1998165530
1067878963
2002325275
1361318145
11785911
1940902333
1772738970
15235257
438847530
266498370
398726425
839170323
1977006335
14531098
1711665404
310035574
417111987
1541766635
858272660
1788428587
1442522038
1459442679
1158982537
2132984080
1814709410
1515865245
1427881637
2015929077
1833586190
579482140
1482307496
1684268072
1647361103
1337149123
898102569
1659147014
1130567809
523357892
1674382272
1569415339
789856262
2073108697
261102014
619378949
2087639795
1972767419
929414524
357268135
1367050406
1787687184
2145696722
662088797
1099646215
1157195611
647589229
766871977
525577209
2075470867
635317406
211679751
507469359
2117624902
1895947823
7346814
1307290378
646566745
1666493828
290374539
1169924637
1193392452
1859789878
1959780899
1119017501
2120891893
431676200
1059173649
1946175664
1361090724
1416441784
1165742422
1001294260
1414654858
1827831219
2100940475
424366822
327936801
720328805
949944031
255924020
1355646211
1161623782
763393379
1325787466
910087957
770740193
485594196
1556654702
289750373
775968735
579095691
1483142826
488274965
391392942
454676679
461683210
823069143
1513850328
260375226
36676219
782808464
1426117649
1037970480
49979675
1106465220
991427307
474346497
1434402021
1711756112
1424290528
1690326041
919918676
438430662
306235772
98222494
1348518619
1076975965
583816690
757689674
1366726339
1359785425
1336785365
702385517
1848060390
1728178308
1157062196
162259953
403763803
523428877
422635179
440440022
1306237341
1848752828
1478410502
1356217016
807734401
322354162
1830563513
94652774
2034110274
1107370393
1784978816
806545302
1545801055
2091214588
904767796
746836027
1020706906
1488584486
1504525701
239949597
700886263
693827418
942335114
401463006
274522078
2099397310
563722959
678285881
475342539
986358138
1118725904
1781579881
687627319
449652758
990313249
1495361720
772006920
673393115
1590014494
658633547
1780763508
1227509662
1465178849
1179080916
1171240603
222462998
1925916943
44463861
1711047484
1282958996
284413458
264450100
1976786414
1226748572
665913106
103824845
1178662234
1229636065
782110726
1654004774
68510555
1900836630
1288101007
756137874
203005741
130930608
104015946
975012661
804323723
1694030441
1633646208
437603584
774056455
951341410
1616684500
1945297058
1173804408
1395117795
1989760919
737368244
530593143
126690729
1001818344
359895909
1353439301
1667731450
463720754
384617888
749883867
1245831481
2038622662
818394423
999184463
1179240021
1574532297
1202190204
1310170629
1678548244
29719218
2114494353
1225095037
1663365426
404614289
1999151492
467223188
2021298789
1796964903
1641027596
1268932936
1639242174
230912193
1799526079
1765932904
1232730537
11938340
971888557
752978340
475659095
1356506445
1502862207
1721490576
1247645459
173772982
573191391
279401832
1748305280
1775381596
1589572462
1279369876
1805100814
1556583167
356981265
1320982592
1961197456
208649109
1788205781
1835012597
2005614012
1281749729
956461885
1497372539
1512661922
608504316
1115821795
597908812
620442656
2087710352
1350887152
1096101751
1296733150
706265711
670108679
396894961
880038694
1243300071
676296794
480860326
871198019
118385608
1760230202
528815185
1674968775
2117211467
1849797777
1488682583
178376928
1490519910
1176211532
36507293
624785992
2132673417
1533879832
2137447914
593694085
502217979
587873078
1214136741
442444683
1938760230
162754845
1739177833
497542294
832863524
2136072795
1377580988
2076163595
664885941
1858441314
799877966
783271549
1471187868
1328693151
310756676
1440915687
1031007281
1799439259
1619292615
374043543
828167143
1655799908
998829535
813356912
1042196092
988793802
1407050997
1544414071
1576666880
473704090
1986858755
1367943463
636458935
1578552940
1865485757
1469322460
1567142087
1095583097
1398002407
84544380
806540763
50396726
867815929
130244983
1379089877
1178572605
1571160670
262613510
830528216
1042969637
636657054
1658695359
551285898
1635486589
324568623
1593481990
476796743
1731619620
990412414
2053463624
57840063
829787521
1273923439
694298998
260856813
991925548
16137810
1827998901
2087508645
1414140218
1912543281
746565760
1464536944
632875563
876810743
696143173
1811448168
300487765
958756684
494492737
1343457402
1595413738
5704448
1894743300
1083416679
330273072
1340741643
1560213423
2061892692
183670409
1466193399
2119732755
1013457930
592633190
666548106
1274314743
1584558738
682685916
954829996
1524583735
2096826134
719889630
123665847
1413879430
1352765193
1000476590
2110022604
1016729713
1300964355
921295640
1511222450
496938109
369225730
1516926899
244197762
1452642409
1847199971
1584939405
865372184
1761609015
1768609814
184081935
1733858123
634584096
776715125
252922581
1908898839
213790215
935608497
716245188
1738373950
884950984
1436134818
1862039797
151346766
641416363
715032739
113885722
1658146076
2015997094
1035181362
1021884879
365451556
1404407092
391328130
609649318
709565854
91044453
47105075
1574938038
1852653468
1815714889
1759019974
1439027943
302815337
388251451
1691950524
64230528
602041667
480075374
780475716
192931969
1365026358
69126886
2054971767
1516373124
710543249
622520858
1630258847
221205678
491034305
517956561
1243090557
856485861
1922363654
1634418687
1466135179
484445860
1725463140
1513240254
2059383898
1430632960
1181471495
1670920224
722177256
1484286832
2059171676
266644132
1548517360
513729695
746719506
181509429
706661664
2111745864
250636315
614149783
1480635341
961179565
1236670642
963410540
1182385243
1727704947
1481367101
277992152
436707160
1256247107
1912410839
1902842339
1740692967
1490390331
1268598945
1652593218
773539643
302586792
1176029794
1495716899
1786873624
1087717822
1762361032
1187907336
1601447517
361596890
1369416765
160625534
325859107
1620053081
774775317
1806494448
433748998
2011445959
622421340
1616134241
1591667258
2103788441
1894126393
2028374418
1212551901
1659053584
1783733109
805761220
1001960267
904848406
310870790
1775499910
1207435198
1486900585
1123733162
846825174
427134759
738610546
2034732511
2028582277
1100207436
1256665628
41724163
1426066543
729235061
816499480
1085077343
1162984059
680461792
1707498683
631634652
124645402
1663803477
378277397
5536173
728871730
2037330981
1789269282
1534632950
891807600
546634041
1845503741
519823863
1754069239
1184920678
1643557025
453410766
1612055437
234683923
340659629
1493154066
1334891359
1597325257
1534878229
613474255
179076671
203894062
1698551598
1342060730
884355854
1258566634
1973695383
1009001256
774886463
204489132
1014537429
1503758193
94336466
656323064
890907495
986144066
1202957105
588927588
1505967929
809542696
1773848266
1002041306
1262953462
1238420056
1236725229
1603613091
584090474
424132941
1053454701
2118968704
1037607196
1232531372
175379118
588675146
427108454
1059734972
1847241780
253320189
2068736228
474644595
457809322
935790010
1978402788
552145788
1592113074
721826636
1538289854
647586531
1310754224
896774136
1457129227
937118843
1898815442
572599042
28055251
988057024
28728485
612145725
1412189965
1082183186
583630781
302313513
167230910
759009899
890988659
594339365
1818744871
590746792
847659554
1739997452
1065391387
1305468876
528303814
896310528
1857614664
2120416888
1618137164
1248420871
620519771
781407740
2145195007
2077648998
1718526583
1896526801
502764392
1746581834
737100177
531492878
211243912
1806494
1613676064
794874693
304120007
1780906975
1553884593
1195108667
227762692
1225145816
1785855459
1075422246
817659620
703763198
233407475
1345963434
1600073726
2091022139
1318896674
1070727242
1191959362
1939416445
1852134983
1189670721
1869581796
1423177918
938713875
224862540
1022276105
1675814052
756355418
1233520017
1677620547
222547835
2028394710
1981740554
2003454810
1434795655
1029365573
83733854
512457824
667737384
1159156100
1330117444
1371500583
1392563575
528597231
824090661
1336102067
1847493905
1894817904
380577781
1639426703
1599469239
1570248503
1361524851
875163509
361478730
1586387391
1897439614
2037292782
195259162
983475983
1567429681
417806997
864387046
1401686588
273778159
151699053
283568513
357512013
664156877
951305898
1516668113
1994274322
175322833
761748041
375387905
999413494
2097850108
75398162
746747750
330944241
1714824865
198733341
1901192744
928866068
1073896851
115187826
367769812
823852817
4996961
563028974
1807328801
1572426642
980835971
524232199
826629582
1254614130
675931252
1110198096
1612126143
1340088130
2061503994
981310608
1186878804
89343179
1743058649
1562266709
1088756673
1693425109
1637664871
1835504424
2024369351
1205006089
2034237765
1778078447
2133872157
960650968
1893266274
354158321
1784503786
1898263235
917187295
1444348939
1323206229
1898023266
1968581138
2352164
1005153748
497028742
1112550260
469796243
1837116872
1026570606
1451106852
876512028
1115913785
1046681853
291295089
57186810
592623315
1928959961
1892691234
469509018
986482402
1779445352
100103817
972870911
592612672
1993370091
1327029233
229632810
1744149678
96732880
1673981749
919872260
1994756147
1495079239
922224424
852426247
1992107982
2034774684
1322222491
1681741206
913861642
625845695
410769587
2029775427
1672527548
702064676
2086962237
117667215
483540989
1832169824
587176233
1470023391
1464131528
687280051
295410655
2056744200
533166494
1622439888
138893363
129832525
1719172768
1812875112
1049704785
1566445267
1160470704
1971929209
271387867
1005095038
1859220245
1593610358
539352596
625598239
71972405
950122183
507890018
1744499953
1652186860
447368607
1862167169
2135727849
132054783
301859754
1458267593
1596186311
989139805
1753678248
1505446864
1522306300
1228634488
1644340227
1652138825
800323608
1309731691
554359962
219285228
322718747
378805523
490673095
1327813785
90542120
2084283453
1867166382
716140359
8772210
669804917
1224030377
1753272163
174508129
1671398984
1467955684
162752331
1803453768
1769815439
1621019924
1252156431
611471596
1227214524
610119647
2133777896
308365364
106976226
1638433073
1108688972
1416707918
45309387
1327974200
1739426665
424114910
1818647295
919756803
514657030
1755447100
639439537
1230797389
1764219310
1309244454
307344118
1370007826
1483752584
1978743103
690479862
1646504915
1634713223
312811653
1120041191
739386006
924283250
199772067
1349505654
910577498
508137431
1456481880
401526924
1616826403
725706150
446836311
797316956
317649168
870951222
468480603
1237405971
1385608252
76444056
1876845508
468921994
1840663366
1038606314
776266112
1063187544
374875250
607525567
1753667407
2021380165
94755142
2066479060
993937708
834141149
843278662
1193709775
36163155
1753856161
1701847206
1492645035
7899437
1171189962
70867538
454735748
1968506918
388516706
1325686970
289503873
1625922677
563811575
365947929
1355284537
1032733569
59127648
246407203
1808999681
1122315192
621282454
269041601
728498951
495178971
363796743
647494364
1489116680
1197937892
1490773026
535342807
1234101047
1097145539
89706366
579262435
1105044976
1260896328
650129973
1559780725
1081919598
1038646679
737984047
1371423471
517085708
1301795622
1737371401
1872370245
187045543
1796499049
2118777448
1996045225
771330593
592576254
117603178
1499829545
1087755226
481399921
2147323909
429388258
1679337814
1490613287
964731065
765955213
440275179
1054437431
1345217648
1545320155
167850111
1995347621
957617232
1249769709
886510652
1695601280
473709533
1403596360
849913254
63597286
1128482957
1036958798
1860096335
1099776758
885520375
483943280
1692353012
1003123553
1983772825
632624590
1484523474
1983613086
1062012848
1016377640
1326742726
2026743914
1782332854
1767017905
933697697
980066854
1164854412
1101547809
827930828
2122471645
203833870
1714441480
1670589277
677543403
970554193
373018883
741140689
2099037150
1409977681
453753376
1051330260
148014408
937696657
596199625
1151137961
773985834
1228824215
488177788
610115273
143353416
1504555428
1936857999
22613682
1139404634
1556392256
956311379
2119471489
573763020
2057859188
799918669
548751017
114209411
366876501
71856646
791752814
1337430694
444875530
1532893504
1288984197
1854853211
1986646880
192830809
2002867620
776859889
789030434
1006521933
1550845724
2017854650
1494699721
13477349
13724418
851771502
1950335348
36338100
1991176136
1359243956
992649479
1963163977
1933006976
903025020
615598998
334274346
1017234431
982475500
406130992
1808987245
172422546
851006522
1194397101
1461406743
558376086
1033560334
1654237553
413760058
1810420223
295784339
1420281991
1213782299
166155341
767498065
1227259648
179879759
1619269567
1030111348
216217859
1462962055
241871656
1208867339
1278642385
27394985
2111892359
1894241383
361669331
981643142
729233235
767800323
643146739
901655782
1618806846
1837543841
215578877
29699284
723620527
1869816430
443459342
386557102
18117122
1863741333
1600339402
184272463
483755750
680115402
364152223
2103025317
1710226751
580370082
1418503725
1952098407
1789237421
549662462
1979493392
1753646132
296420197
193679075
587805626
1025653433
961479399
1230952366
1927309215
432802597
921012559
2142888092
462501881
1644633086
1865220875
905961223
2031190188
1883337997
622218908
1484045942
2067610460
1105974659
16677697
284279035
1061516328
1726904448
864649118
332536405
1531519207
506402891
882198867
1363528952
112565376
1178619065
1557208027
700371002
56788850
371203778
1931323368
1984098065
804006375
704852279
1979502509
1266508256
202001717
1697239736
24985831
85708258
1433094085
647204740
1569754200
1353220898
1753179399
1586431897
1637499933
667212079
1165852697
354665403
999748485
549888257
861068295
1881947352
1913417209
973633671
913082769
1323141588
1674004673
969871619
1694345367
1457844394
806486036
350868094
15213025
638504898
1617376351
217214743
188260986
1642362182
302923001
1621355072
142083274
1872677201
827092322
1895262673
1311625451
317108607
414991105
329994500
671774011
1414739590
879882757
1532842306
1149203294
645816318
358992329
2062286064
1968957907
2032997002
884674035
1515819626
1343357748
1691160072
1866687720
1358570774
182181322
1336580423
1575785517
370442308
831458958
1878708518
1991797380
973542232
1603902071
671406054
721321258
768043874
988514662
1136312363
1098038375
1660288673
403568305
1977921132
1045647331
1552771599
476253803
1404639660
1467574015
297728062
1290153014
204764403
1813547688
486027115
1895924475
1532751760
1844597889
2078105797
721848536
1272899758
301064457
1553307494
1004124628
145378190
379366078
460543051
816784244
1100687336
1228586926
1805298906
89516051
179141653
1318103931
493084356
9579137
216267614
2045855956
485832940
1620907274
1365946323
783561002
763576641
1570710726
449625042
1249603756
1319151553
1982376803
946717997
1249773702
556741691
72134107
1550838160
2110049185
1076258735
1696216350
341931615
1536801786
365516946
1442618952
617905064
23332205
1532135003
797046717
1341436136
2025219360
806625855
1557703751
1923591668
1292458795
1031127377
1142054343
2076019798
1794704018
565281422
378161192
896824126
1884432975
213054347
1843542123
986723030
769796038
1915676230
390077542
732361575
844451317
2086293892
1074293191
233769456
304327190
369428495
851674520
327659395
1901563498
1648721238
1669095532
1779299210
307863445
1079315635
1555407230
1600322240
2110443012
549977926
1528858390
1757663383
1115259348
1907019583
507003861
852208675
2120073930
203062337
1838931705
742386321
2118738567
81525599
1474747896
815706237
20335843
401557439
1049475693
324663034
770985934
1901150213
652322429
525065785
1402387803
173934313
156881347
1710251248
1253249948
1712288578
1163089841
1216209313
114782856
544464583
826389048
1230042204
304000518
1333392909
2082250879
276590801
1536455246
1773698937
1018977122
1507710166
1855224536
346241370
175932755
1875560380
747798810
1225408448
52739766
1518784744
979075013
705062195
2043850529
233979169
878996509
53248229
1944230417
2132246457
1765536807
959836610
1200972122
1880319663
1504301194
2027361170
962878219
1808301712
1213270432
897645450
2084892513
602242030
523860739
956385987
2109952196
231601628
1302627358
138401303
2107162008
2050426168
1363809751
12418126
1421727264
195401117
717480321
1318094146
429380286
1596476830
1371342375
226127055
1581239640
989395534
1185963666
634728114
722231549
542781212
514605637
1685109768
203599276
1727876069
435271570
141008142
182634451
959132310
1097394129
145103000
1190733938
252537839
283504303
1150412298
155480359
1647314055
1162830424
1577207624
1842715172
1880310745
747818122
124611810
1329303928
2119160497
350738865
763059920
961072383
1536702531
1397788034
1683303932
2079483743
1912393671
1220930052
135599372
1492786092
1656201622
276607514
1675420544
467850284
1374001643
1820523544
1658584222
1626539483
2104027847
661512872
1782019842
1603858254
1824343296
1211743818
1299089778
1557170394
1959561940
1423701588
738990674
1931238789
1774440454
1502050594
744827524
1163659337
752354980
280647808
1095659433
517265004
1501577860
1231258805
2010051096
1010295835
1507866319
1537987992
1478146119
734384314
1211027888
989246694
213440149
1167572088
1650759566
1995459992
623946694
1327619215
1059720162
1923036473
737305961
871798455
1199254413
1476296635
655553596
826211219
830863581
1400381121
1989870557
1583218561
1681028929
938046342
2100483565
1035123142
21821499
1963051014
2045418977
1529687818
1353555358
1376081448
116588484
417099599
217844494
330028634
1584671687
1868604061
178004978
61134733
1048739628
1237725140
1984171206
1786045589
2109523595
1035941972
1114858576
617593544
1862153191
1945722157
2017974665
1704540100
1381457070
1551519946
495102794
1334456988
439159440
516924293
1150024354
337094769
2046612111
356096064
1713176218
15716948
773195663
1931020712
345745582
210383702
1652141125
523750560
271518436
553397105
1761475700
108205994
191959046
1723515648
1144147966
1306817622
193625544
858817510
1105056131
64116561
415873962
339029554
1615636507
910976757
1673486542
2054795948
1427901050
676027248
244407069
1327029514
1032123312
1957583287
1342746462
1805318976
1741120352
1688492044
2015702678
1245777829
64758956
139737466
1799174935
1826234656
247943461
1991133981
1402266656
1392091427
1150467956
1595892200
103425289
108040439
1660008761
519299252
447069993
1128161621
1430276009
2120556535
1035473921
710693411
649100135
1279880990
2037722925
1681223448
1089980630
1232985739
1339058776
683617334
773994135
1207277806
1929395163
838753091
1347015273
1581086450
517504100
1594958734
1424736784
1919770756
839566513
427721092
1368179309
942991803
535761531
880704422
1462291055
982831525
2008866043
745083416
955904412
896856316
1455776827
1605004548
29253659
1346016105
1138744348
1119234289
431518196
330319476
1802851623
1205512332
1537597282
1584763138
2044265423
737128907
1018365941
414285875
184603993
295619077
186572984
1024170507
723340169
1554752293
1967162310
1259101700
287973067
1281969717
94449577
149355463
2027053133
1050353990
1046211779
1335346312
507874890
1075465438
533878769
1646619238
47216079
965396966
1976938714
1850067702
23425650
1367052348
1287347193
2067691073
2104181256
158229486
334493301
141301601
453848563
521066285
1165472108
1177188732
2075818578
985150770
288806784
216307997
119636839
383256362
365663460
2146689972
1433610352
1411875240
1334552637
1941485242
339857030
1868431406
1440620832
387073110
686344724
1270075898
89657164
709770374
489644598
1377004357
629977800
446342206
1535233843
964471101
587643808
1989082406
1485537386
1753115916
1018787490
1413872316
590783039
1307594275
1630180313
710419878
1690850637
1995843774
709626203
976977341
1260235366
2044178840
770978935
1600092396
1765126598
64116119
1987165506
303987675
1334192017
2076822671
1013758049
1823836615
1306343380
1643735849
122695174
694093576
460723302
710338982
535692334
1946260688
315971250
1554479825
1212649356
906754289
714590452
695346022
1617174168
257957441
543706148
179316723
1234934782
1803941514
76011915
2005913717
1256550262
1841138513
2070029836
1096232121
2145126188
1256738205
1025571144
1011400590
933091172
184430876
507652791
1055786346
878524452
968376094
1766125328
1414216787
767153134
2082096579
821212964
1979802491
841367220
1535803416
527664865
311057740
1793760857
1071371013
490374463
881211991
727828879
566386378
739642060
1984379141
260041244
662188248
933127614
257683784
1918926453
1958698758
1269084374
704533977
2143129635
1776737166
1760320324
874170439
597629612
1378962004
140903578
1364782746
1313574935
962116542
1197101589
7458508
350436310
1724766454
318516248
2144197167
648653819
808890712
877925510
1376482698
1375277090
1617567570
1213378192
1635318334
132272170
2146505806
1893002119
2051198623
1957720917
1014602845
608248953
1953366904
643856363
221085629
680053695
1241485975
1600047633
820957274
458785074
766138921
1783073816
1655886663
773597429
2133510127
1233169470
1092113677
2130223646
1881823289
1901004389
860665509
1110822340
1128797832
330749431
176716884
616632518
463021602
175739042
362150989
366736577
2133459959
1376753835
974985530
1939343215
2020610198
1196071159
471913263
1114612526
648635145
1292870537
1573397600
1414774066
928460705
1081800615
40887847
914487184
167486437
1133001524
897227183
2049309727
886522266
1757892692
1012648419
2015320098
2088642123
1189365303
484468968
404180077
1365104345
846619958
770916655
1351080657
75890145
1745902185
1142940224
2096500343
794489697
1614853487
1063629221
1443124842
760240376
489543173
710415260
1688701082
1571343789
751303107
455704618
1738830226
1884304631
1352931801
1640656305
623343249
963340845
505821076
491179699
904499321
1695186379
975648668
1308679398
912807077
1822268626
2079596053
116404086
1898158771
1678014591
1259344310
1847175466
325020640
726714150
763321040
1768145482
1486954526
1252864213
331077094
1028171960
676724354
1082380201
1483876579
268070933
819201184
689324732
1908727238
1442544434
1652665578
267064667
1933724133
409681251
1962251046
761889153
1718360649
727574475
436674131
1650473055
843978561
187349254
1181003998
2103322872
2034524721
1506024638
682553374
650362113
1126686472
22024252
1903226326
1457763566
1050196213
432467033
392660119
386589144
700537966
1211861303
1075913876
461781556
506922089
581095806
728846223
293162575
990777057
543613622
1055051728
561654059
1271188097
1491725860
64643466
2115166659
1679075114
1245647464
2071005883
1566116187
604188454
606075609
68994652
1730874926
628099861
1972220979
1041154844
1678296074
257204364
1433814963
2064885218
957742330
498192618
993315447
1419523886
1005114708
1574411253
886462
1298277283
417704663
544500084
205845363
979358722
1815688181
1697571223
1044002188
1783371192
1229162690
142166004
1706893427
647795229
746354458
165485388
716789882
329745736
793585250
541527213
1370900580
324397676
798731577
657231895
241799247
1756473907
1155424513
1235114694
1028514145
13055573
662042299
1029400607
1311332856
1079746962
1573900691
1517178220
2059105684
1242105225
1067265795
955624224
877992769
148944837
1097790228
437402549
796740067
1844144686
602887937
1513529949
26406774
1396473187
2055057162
1397307354
1720870864
706305091
2054539249
1962670111
315295350
1062480115
1050301157
1343809495
1075535688
1712343456
225726455
239384897
644606771
1799627146
1756563117
556228807
894248723
676345264
1511853032
1772241493
825290102
462159612
62160394
1622030169
158820651
665048331
988076470
185227425
2061521519
895649984
1582534780
1634908735
1601955075
1489590381
1450095198
1917250425
404586848
352912707
1113576272
1480122537
2065256163
1339302727
1719507434
562379286
991446226
1328586903
1118608094
1885694949
2004932167
482977478
1510452794
682738621
945137090
1572613188
157285142
1103957741
90177872
1145361612
1289185167
4215743
2041011596
724236299
1639124478
1495483023
66343032
941736028
1265249800
470929881
1294648735
231342425
1951052418
1212421250
1570645152
1523076204
1774800537
414607730
704179459
745924983
152819032
561627978
1228902461
1663271826
1244366600
26555903
1088401367
1401651742
1130513645
1178579239
399529707
272215164
1182794982
293057655
996451463
674435812
1788540679
1062794495
1616171840
906306831
1533724376
763336927
1137649256
1337293146
1975758177
560810761
712885702
1603075066
975418491
1417065161
201516401
1128237523
1978693140
1430418862
644025702
1075576092
1456974766
1732427069
329744186
440004763
763522660
729273893
712219927
1946317642
1022331549
1708671390
473269806
663388580
623982237
2089441646
1569695411
10222966
705294925
559861020
1347516112
533569454
1120671781
2060401815
2136644521
2096090272
1329983328
190677274
1076844148
1161192820
1621096137
1720869850
89285264
930587255
1305813271
419029451
1370592018
2069335931
1148303344
2082811945
1868169925
23151245
1643999687
193956083
686539825
120498276
135914081
108751589
130721242
841209006
668612609
1478237355
1374778460
1789284390
1391155522
1363939333
1737891014
573655202
1554616608
667251514
1734848023
1028229097
240637716
1824133287
1958816352
1546450987
95679090
1181924722
1468303270
1243982435
1117253019
1188989547
1267133680
613769058
1382945630
1953673506
734267334
1518859711
2062425095
864988577
212585069
583554056
195742284
1587363530
225354798
1586897806
803819215
1963245812
13069360
210952175
483013679
1747917383
1239181272
723651395
1424567023
1050513976
122618735
1520246113
84955050
1590922005
616744900
1202208069
632427905
1883878581
1815977127
2015373535
1690068439
402760814
1386749599
1605009886
1267749391
1599334668
41080294
1463491675
1039214550
266435092
902905833
1843033766
82197256
915975193
2053985941
565210935
516408929
1145683566
1288862331
1940975952
48713894
1411481066
1313738417
133668945
854919423
1930483318
1335877014
1487347328
1666878251
1004370494
1355237216
1209463042
1407131308
594503167
666989280
527397051
46354187
708069574
1990888726
1085568738
974504666
746310911
781118856
1056701922
1662286104
687621149
1621912858
31211385
1833304715
763291541
1972187337
1882018610
27288959
1138442107
2015687555
882208382
921441777
1204080921
222072063
440836380
60967767
1577309279
1650299422
1468099075
24328798
169805054
1995496126
70682985
877874628
1838901204
1156251723
1852379294
437728467
1937370579
761597568
2100014572
477508081
236026778
2131225957
163329148
999318319
1955929647
2045347758
1026607278
946888106
1913551665
1908815661
1868329883
970148939
2130887724
161682615
1031116706
1560713355
1811982037
351732134
1585042153
1981787091
199744612
1655725138
712178071
2038645817
664493214
417073717
328890636
454380145
1178671285
281421560
931888226
1414698064
265163870
1095217375
266532735
73609869
993081485
1293140014
1020497975
759149503
1054472027
741344210
1729298442
1037876103
903026825
612931500
451105810
567525214
964663634
2036147963
401828657
1164408247
1544389453
1114006728
1055570416
61399019
1531080445
1384461052
515779165
562268082
1665882613
1447667391
1976966146
1931046483
395401118
96015234
2004656352
1388482604
1389155248
877670679
148459
296143627
1619014889
1729446901
1334019730
374558066
194894753
1785125540
942083280
1159558388
1673789855
1343911937
176482987
1070695660
310435017
1232053403
1132094680
1841515462
469030807
1647873845
256299896
2134913420
948057588
85782395
1918476255
1343458707
181797629
1775648959
584457663
1570952877
505835990
584606122
1867096504
2124850879
166569375
1053632586
351925297
361464128
691274478
1294008577
1521022516
217580685
490436866
1697505503
1288276345
800871883
782075258
272887377
494903697
1251106066
1920761222
751203594
1238535838
721335163
836985989
1009528446
2064793870
1018783618
637693757
501767885
442252847
1143529748
1086374007
161865703
1120896979
1252943382
1215498289
1472822277
1614407510
1906772767
619347206
987946379
2124353452
1109784073
537968234
1265146149
1910655956
1320043493
1538033527
258076006
423665911
1311311101
1009279600
1662201749
2032646264
1846265589
524246547
1949956486
717565559
1161940305
304240723
1159818406
157986405
1390614730
1321684109
1278883384
496074464
389698750
604222013
2110481975
148987869
1223569220
950944706
125857673
185869645
1488912940
1391003822
2096525601
661472785
781553701
207117959
1085138696
2092864803
1216397559
599856798
1978027419
915179500
1124103345
1780500258
1632745059
138560002
2084740981
645079817
296546407
1327872064
1966763926
1575429792
1823946528
208979028
32168157
1786944855
357966897
1255737377
590405913
483824570
1441607022
2079318854
1874828393
1390648976
593307991
508898446
1597766935
1678446688
454279601
666680847
130819838
284823373
1581860347
1254923183
2065323631
1067121759
1393483186
2002580964
1712201576
1690029593
1182969380
1531481855
1117975737
859432261
1740460883
1150143895
498893468
2098427781
258397624
1089299382
434768703
1700004647
1021134588
162113448
943169975
1614442579
671011895
393453262
1145405619
1125291496
1060134109
1276225457
1410114869
494510809
383664993
1327954852
1561632568
1777148179
1183052169
1126350496
1319694124
218537901
510348703
290186214
1077970162
103325939
1440330109
1576863631
54270072
1698727733
518679365
489038775
1251248732
1539813953
651152224
46935059
1006772884
1322164119
440388322
4694856
299971967
1500522431
1280920313
1710086837
1995033240
1664585306
890558041
1409182160
1294249837
2073610210
388049009
466460314
144664464
898397712
756646528
1222634626
1001723651
49492989
652014609
1055993723
1748220722
1170693974
1545032499
851985807
563024279
48701075
898920866
1569797164
1370865194
1339309188
1574492020
1670837161
692347972
707928685
1233440350
539897564
225030344
2123998392
1949079725
1519280181
2050124954
189645086
1985740495
47305770
1088042798
594903375
1269940397
2089766450
644396364
1921955006
998276525
245133439
945165333
395825376
1097119246
1508189612
444526451
1996040112
930503128
1815391645
1187865653
357511500
1338745159
1880213625
1065440186
424701861
272627541
1290470530
401216605
74223618
662267063
303857912
263868704
500523911
351163682
1351911503
1095427286
1621104079
1294194305
1739823651
1395575438
144987182
1984957090
193257123
540812559
934592688
1701446735
985339010
783149152
484466216
653247008
1971014805
841977716
1991992167
1703744782
1907417902
269210380
1976372324
1050404784
670426986
2050595942
1712671848
974284898
166980999
65712111
1325448580
1518892502
1161139397
799069012
665603159
753479400
47160802
810590341
590952842
240417925
1351402900
1525545530
1941864660
189258263
161211035
278847228
842505271
2132225840
1120824945
687013790
1688486975
880759199
956224170
1517375651
1931163984
1626651156
1420487945
1496352184
453452406
1587468944
1562064295
1778900987
958877798
575720044
430486351
1624480957
1329199445
477647153
287587651
1920152287
718065078
1638990551
1298214170
512446090
1828248814
1459425205
791293319
523270437
1444167397
1912118264
1210284227
985170724
645393815
19024750
355062727
429074151
1645675906
1775550673
1925426335
2099128313
1215535969
1340006982
1730545652
26930120
1915727027
13548355
1651411077
1097442824
491195508
1938998728
870111463
1209260586
1430505632
20841985
1721706676
1111270798
1480267190
365516347
1634541236
776950940
130150963
697341815
1762121664
775544779
716366565
2117184392
1204618930
214558824
1745251417
982561618
166203489
813303738
175084952
1896749141
840233858
2090811979
1910297496
344161288
1040771155
254009356
135676368
1910882619
1463269942
1566182000
1931724604
1037492970
529969151
1264508147
1403009318
17026739
2041459087
1533160281
714368554
1656097103
161221412
1430735120
1625797847
1365840343
1645293944
1223565616
200918313
1811497433
2036869355
376003265
1560762926
729619565
319331597
1323576774
1073780853
1360102752
1577586130
1209457222
1123501723
893372424
628155574
907742680
1930865394
1158124725
24767179
1186391064
1175151464
2066226266
572067698
1889520019
1574839721
733289110
1172771491
1053153921
2099129453
670581787
129235889
152564118
334595572
18621596
528567384
1895358498
748241162
847898981
1071451624
1822022015
60518085
501554106
883995589
1184019809
1394926530
1512151164
2091762489
1178308276
522792241
2116529668
217215693
1697943706
2035272286
789283391
1439980077
1462628359
1522572501
465267920
368298632
1474218307
1135849707
497534522
1626782425
1470445279
516156118
7866161
1218320129
1264397280
855765142
142288105
938935648
916283228
643842211
1822931237
2100303037
2038768741
1187598753
2044581878
1069593369
1710390995
2013627898
1286809062
1260851053
1901416536
2076092453
553347482
1216561247
1451181307
1018615402
1584859880
777915966
6981461
2082394402
257214743
1477426740
451066872
265080905
548263221
1715464153
1120846047
690551326
506916153
2037129275
1334393537
182363742
1989948664
1225678630
1369962496
1887046894
147788351
932869843
1753191144
1434597414
46237248
1507124032
1363206219
599584730
576201632
666903878
1618200132
13577864
1444819844
1625181593
2095972266
1702034588
955124685
399555490
1967115493
1503387906
2115019643
940477892
46455584
474452148
830123520
1380849121
656815891
672588536
459044103
2026778387
412151783
606832454
812164582
17859279
2041429868
858401830
1524983312
1257152440
1457986560
2101184944
1924056318
928703044
2114762808
1221392515
406400989
2063251426
775943455
1361525674
315323268
595575300
717429932
282859264
1536053192
763885516
757311412
218693064
2144734637
1414127303
891281601
456295092
1293422042
1303433384
1063127546
2105586624
1321292663
957073767
816504806
698792327
66742559
127007718
652493623
1990798877
1055710762
619772783
1064707744
1462111751
535540561
1840651199
676153777
850863830
288742851
1393583709
1133723094
1824796044
9985577
1891034506
2043489108
7236566
1157678162
787287061
463531658
303616556
2090720445
1526659205
261719533
1264529461
336249324
1078224339
1963321788
402991883
1205232058
468331764
246307112
113459172
1088104547
1311014857
1575570924
1623645109
1004182408
104241053
327025291
1292925260
1497824763
1460748385
970237656
1507810340
1204299243
866243116
1515046907
214493757
1653530178
1978578565
518110314
1596766975
1357754122
779829847
713812788
1694003446
1858054186
529650929
2096995329
915802596
997982693
195818794
1029261769
2086087240
1506833651
457349045
1562248701
363532411
561590098
1889273992
1656457671
2059414861
1202538729
479211679
1419741554
259354325
1345454796
787304813
473848082
851501326
618399730
991958396
300784653
1976153853
1771788243
1014597442
1522673651
1482358782
1544248371
1472185333
250677730
394747416
1668004127
1279939499
333351008
1027354130
1737288544
1895599710
1390886541
151394995
1637390054
899860565
63326208
692445136
1379072244
1483067762
951799461
577043392
122888927
1425647543
1428544718
741288658
270122292
1729329372
569958863
2041910535
596443166
2092632514
1376785669
2140691537
1417334199
1627463400
387955305
937854678
759919251
721306313
1965208808
349724148
469422375
1208611702
501119143
2106812430
2108472267
564445351
651773918
1340060863
2047513114
1603573379
1917104256
22918393
881737274
1198165326
764207051
1151859566
780011050
1334165914
1046286454
1376454216
1279314781
275588475
1369662105
549165332
1903051875
1757617410
1487020011
515487479
331440076
1304745171
865211627
800862451
365873225
1366330770
760191233
326861844
1930776121
1411965151
1666922708
1830805587
868054882
1436543316
1853723981
1749792157
487224994
470447384
754168075
1267236045
1804613299
1800454529
496206613
936444432
2076043005
1865868719
1485609764
1831611232
1476002481
825146127
199615063
1807442557
2129891299
1064826690
460821361
348280876
283673812
1221012594
675142721
66966286
485494098
194581781
1897771873
1353548980
1631125097
1604012206
955857489
2118350091
2074459591
1710025565
1238102488
1731589242
1362996446
1734309102
520550026
1291555803
1452694173
2006159790
975683388
781213006
683822270
1175298451
441171916
666229921
92641494
901993277
1014510797
376315306
2123005871
1689653518
443281592
461016321
1884235299
193569818
1814565302
1367876748
1797582024
622939143
1338743192
1724557967
185481060
429362032
1308663561
1548477507
16187486
1829213587
692549662
1468881659
1687889730
1668233050
102611018
224228352
696047854
543782934
890458273
788689348
1445776211
1904969070
1165004654
1421298434
1447138941
1608286247
1882314756
1183890592
1801856065
1549396410
404283693
1451954441
24851905
1743026885
1029028761
210332966
24905269
190208674
1758810473
41092756
2019422262
303876487
1509974415
1559828344
1972109538
1612585433
1784056696
520673744
8884719
527031321
1309363092
1454660930
284516743
326884098
728475717
1731655684
1935170345
463306825
768062629
1589542762
2012703235
1172346322
894013556
2037555140
767889559
1923042317
100404458
792794828
2113250991
1859214931
833887584
1985189605
15607771
196378352
1397534301
1987717309
1808963785
1034107349
360907405
1817848505
1561138670
1670270497
1125025787
1845655414
1997154595
1853501504
1429827450
1784841293
169324681
50406431
1226900407
34544268
1222752753
2120913963
2072099409
1990642312
1896472632
25020219
635953493
1862239976
1884235151
1469841077
1699945933
1899842922
1666219429
949996587
1740076583
1327699567
1984103936
2100983988
998064424
1397758959
1623770837
2123090211
1095930725
1473441784
1829108068
378274527
1110799429
1998432749
428680959
190216189
2032977018
1651433712
163646504
1957592779
1494592377
2060119137
1982612998
2130545870
1774875465
1719364501
1452903299
1327337750
1471723775
971639081
129850689
1064316710
151855000
2113954626
1017817050
1149919424
1364229937
494104239
1125525987
312677014
1967546024
807150407
690951541
930861805
658099509
1119632500
1121077994
543592879
623582565
1284724499
353702010
2118174942
1197359988
188831360
2101237164
824751805
1908195862
1406656815
4605907
1232435989
230812248
134456597
149269052
382667248
100927575
1167086102
1532586672
1465157512
1661190342
510629012
1777834526
1481252718
1317779419
321302419
264630875
1975878928
1440934920
1385708870
371988159
2064517485
522949721
725690169
2035208779
1720309709
914521530
1988962295
397577866
675233744
1248135462
402183773
1907669733
1478947711
536640370
2056938785
1861614959
637567945
1076541240
1246717984
2102725457
590247934
1757346996
1733076335
2071500652
927642767
2054378755
188647879
756038048
1347830027
1574356749
1128026207
1264863864
2097306470
1853716377
1152588995
1670132531
620754259
994067642
2067710397
1295988003
94719456
322410523
1056174088
1573667167
859050893
965629226
1287798479
1496618839
2042170466
387032815
1451860648
484934752
2144379811
1037453336
408951756
924538930
944348443
597599635
1680576978
144694822
24472737
661119538
1409558686
2121779207
367352267
414664033
1644428091
988106526
1408731675
1564654840
136610881
1503451131
1887065363
1192784969
929634651
598632609
10930547
69949482
2095251448
2053101013
456982297
1399628448
390552117
453878460
289598136
799503873
1378417390
1233946579
1397103509
911510721
1378641401
1421576246
1572630259
640716439
1395871805
1939982526
1055380472
892816248
780605404
316628499
309987441
917216285
1820079631
49569156
2110001254
602230634
648201765
2120931802
672180116
595969565
2026549167
1129162413
1995598014
269617637
1583040873
137712502
1069121510
813974615
1371659082
318741371
1725485336
602816835
1740317617
1150631947
1243533275
988705775
943130825
151430099
1881522023
1723736229
468058599
44025816
493468866
140654582
93594973
455986473
742885216
741796738
429434627
1415065332
1337766304
308500146
396744097
1185880670
578117783
1979784970
1323593172
1647239294
646275937
547768606
1965980665
224277626
1150585442
1558814635
1374909573
246635069
400036762
170556751
398065168
134075137
1894292980
866123767
178100954
240278199
1006778349
271695927
696264672
1749663565
1013492665
1125699299
1017245249
203775321
1434199445
1413989346
1389655991
2012317229
1246290668
565765516
1512072875
1892566606
1113534122
1330569892
2116844232
116635916
741900879
1344270157
363270985
1141937641
1514826908
761336154
1276012779
1261636241
1627459921
1454113733
1501914440
486754623
1725809660
50695464
88934540
591818677
1176394763
1106179790
795593999
463110560
372685488
37766342
327944141
1618976157
603531858
1840017016
1364059115
1717065981
1023103261
1333419699
1833701897
1765004140
530206208
49489235
759458134
2045033117
810825389
2035470913
1159185710
290801662
1342100998
513616502
777556285
920427010
564311966
866490826
1512245687
1740706729
1972670616
160356038
56333641
197872456
198122381
384277783
1816848613
801654239
76811151
1033424080
371236572
1099914412
219360131
57454822
717434905
749566340
106944057
1476893039
647115809
917769446
1364880304
1806301519
1208571108
559497654
172434373
1986127394
1479924664
736746339
705134572
844686703
329969420
530321540
1005042742
386303061
728193996
1203165123
770580844
397558962
2004819362
847391996
1430983042
228572287
1947306408
1650343174
286027109
517257665
252425866
392971166
1994150704
899541675
1310740612
1211547360
558359546
371828072
1771045014
730793919
210471818
1103486030
1467540258
915606390
1948172734
1797509678
1445927930
805731828
36329091
26638279
2008896951
806909936
424197241
1866232665
1654301932
1855180283
2094804952
1454124692
1358039809
233348413
1971382358
1610465675
626319579
1818049414
362523702
1937060191
882113127
920883248
161404616
505674493
1651677167
371876434
1609160524
971733777
1287482825
1409849610
621759807
585927107
68097790
658088899
612565386
2076994741
1464998835
1036762627
1795743758
971817119
744459263
1743065063
278458163
2102499072
1976413476
102356873
1565481100
455249408
1920406288
1928004802
244825951
655035767
701404403
406230567
1160710260
205597922
778107002
622387136
1177331700
2065589827
2032236746
1799091507
504033286
2100334536
309696758
1116598673
2029845629
1774695593
5877652
1678105740
599029064
750336915
1273687155
877487228
705352340
1102616983
979844101
123349792
1557866391
752766741
2051354594
1802692343
1407802508
605275349
61439262
421029121
810873272
839546264
1043416257
1988204972
757652443
928169356
1639812831
1261685730
881020244
1949509590
230800755
763382226
1576721535
236678407
294004318
28266952
987015323
1567691473
905754180
1692367663
522824808
1885598281
1815717455
2080691200
490881375
1719588401
1735899895
1898683883
177380103
1797339157
172229356
988253375
489401774
1215645614
828974699
1247054217
2143814970
321303882
361256299
877351566
123329824
592057054
1640733792
1700051360
828735462
1934738110
1728318312
1815750785
1354945935
486588844
1360634800
1877770744
224703477
1028868607
1810978296
715584852
600973360
1399394543
466785088
778353463
1049250052
639014444
1766606838
1538651826
1854660058
448097889
638222396
1850991380
769401772
999478695
580859299
892731596
1591535750
74109443
445299308
272787564
2008847554
26133972
2088538349
1216309841
512722816
1301689501
946596937
737426294
183074460
610091585
1453011146
784047820
2009486128
1919796234
1562401284
911252533
411327031
1181524474
302420711
118503441
1629622364
940643107
1969494822
251540488
1940121803
402870473
1144272084
1384173905
476979916
1589571393
1656961469
338343822
1615705365
1598016170
1554653664
2128428182
752222023
353766953
718370828
935296483
963858539
23898326
1719344303
825861019
1943694561
1134261939
1737113552
207537944
168302766
2039534264
326041385
1797925130
832693723
148052559
2049465618
625331878
550923032
1046254054
2009505783
1027902949
488341799
1518983604
1366246771
2104047165
969516126
773416787
2084991699
1721738149
1127183741
655878879
509550984
2091042280
679777205
81411640
769419651
475988118
1215673579
359049556
683526062
1383976345
251100172
1009567448
1034417827
1083793895
1157620007
936399797
1709125774
1708543040
1982653852
1571147909
588962341
323512003
942647866
1955209112
280075520
1912163992
581142252
217583571
1486418494
1708325993
873462450
1995969478
1651884625
1553239656
2077381118
273820628
2029227774
1145571050
632870184
565270189
382063747
883970356
1574837637
1416481575
1967764252
584973996
205397724
1529406378
146033388
40567928
953070639
734995729
364079932
1895718505
542721194
644155452
1660398850
1123863446
861739024
999333696
684705791
1735201474
847819526
189106768
1140957482
777716997
462927396
1022701609
1923288047
1095797581
1587971798
157868146
1979767937
1015325787
1574349721
1800048541
1600299783
1779747446
1181971271
1746333172
1820315374
2135041911
333845253
36911658
1883276768
876566447
681067111
1396191970
2000429893
1542806135
248042018
537652036
1130523961
1095861545
726758804
123997796
1873578542
1189686201
1146699405
1649382941
138000134
587187555
1807251087
2117768071
1602513342
1234117161
1770332965
1055329477
866380959
804820588
654179001
539212685
792378851
988024255
576124344
528171972
1864590702
1257191455
1924363942
1717536948
652513942
24922313
107705336
1783037903
1120783858
834464141
1907035699
846878752
2024150342
906251456
348778045
14666828
1493439011
8545484
2132434899
948468705
1242662645
1755284216
2003798183
2109043604
412621157
510493536
500772642
1205000008
1498517791
1076896986
1733171980
1215624846
186604793
1510052275
785678146
839118735
1534974588
893383482
474672990
508274798
1727847623
234225042
1355153550
1604514317
1140476498
1703931595
1619181145
486431862
1712477079
1604132397
1434900567
807656077
1211932965
1291215102
769216033
1624554122
1801708639
1269988675
682070483
1152742782
199402013
267758815
220883980
386006806
1777811090
1006562126
1225125541
1165302030
1899945609
1699798532
1673576828
1480309584
1934023574
881246730
937340254
927016424
437694677
409037751
1413448286
2688109
2013170148
700865206
810344186
1077619466
1992080308
1579560219
554689940
1646305299
702065247
1236760423
651564434
901467260
1504519239
872448414
1287474067
1134846681
1879010541
365115960
152665064
1631472502
2064914492
1826241892
964298438
1851454418
560004975
1901638692
630987195
997699652
163192796
2044435481
1000387761
28879296
597817039
1810731947
1106498762
442413700
1242808519
1661188703
2088718999
1944873766
750465478
592799785
698857378
107501069
1465248200
1986331445
1242347751
1196775093
203963758
1395012815
680763947
121394602
1073771059
1645062385
1972849021
1633776034
1399217430
456352568
483992039
1562410226
353304401
1484379800
1591289522
951121441
1147628100
550304637
1393535141
242952971
64009692
1334770492
40343089
814475170
1927570278
739200467
921976240
1245334830
578048265
16840343
294626275
782012023
1411853158
975390222
903406625
338140569
472968959
728771998
1971916604
1872186389
1185124566
308424995
1287112967
1538428968
1792804795
730918842
342066761
792949247
1281223479
1735601902
1035902218
1345233171
922888746
1076245307
12224693
702975376
1815445775
934200933
1948310206
246010392
951041276
95452833
1028022415
215410786
1070843055
1931429040
553551356
1543812015
512717391
377984312
1268514756
1697841957
686409307
408144076
1088787277
331730454
1139062918
1430854038
1124679702
272802749
1018972292
13098272
1618035920
1941861039
1089343580
1630260613
497352767
757305707
416977899
298179326
1003316099
1368019175
393632159
2031338514
1583429962
1464475215
1815283906
2136981318
860803582
180517649
367481982
2129318338
1878359607
1053891289
389978766
819663236
1385621743
1529041684
103033627
362817797
1801844433
1122005919
375916070
1272396705
916383310
1465259650
755173671
1413736078
75081709
1172151570
1711915404
1078397808
392687097
2105547563
962252674
1976117059
1422539130
630052932
1965614729
135859064
810570582
185613063
117693755
541446541
1239504352
507672521
1361109777
477642448
2036714206
1464143404
840460245
1691074991
438665676
1216376315
815988049
1355048986
534152317
1571161720
621301416
609234026
595829642
185733172
1687631834
988516739
143797088
502400860
817150151
1566336218
1132453793
635281232
1702195283
1943024375
820894296
1819889038
336987268
2060398648
180077911
1698097045
390557448
69308469
1014756802
1231017694
1760383461
1453422478
299910361
428887862
660987816
834062679
2000049582
1282289233
1443296705
448395576
1468022405
983444892
1436912315
1611819493
1485845752
106578818
1030672064
470815897
741860051
585383699
266356624
1562754347
257789089
603343892
1475669347
437867000
153957290
1866226796
507175470
1168714092
949760842
120075283
474652922
1249671203
548963145
1135640738
2083733882
401529079
270446323
1379546940
849924655
1738468729
215508184
139353322
1202804574
1701353936
245932141
85992990
24686186
987792192
671376689
291042810
403062891
929165778
894386703
1878732238
1367032779
1048343993
1597475386
1874208249
69574437
399752580
1994283532
544227359
1649423784
395763029
1679868097
1585674018
797292108
1950314421
817737310
1647216763
1541299502
1033245494
1786570085
596620428
587115783
2032502226
682613419
611801969
872810770
1353990108
902844779
1275873661
135672239
1797231482
1007122252
1502705018
698091827
457113990
1229429619
767666264
856866571
1076229503
1311893623
358806707
1471992532
844278073
1944480725
121800992
647108846
614734388
1769017755
40924700
1647979882
1408104192
637545128
87612017
1293122771
1320158547
699413986
18449893
526665008
1602258766
1294323555
662337247
1252006600
153962159
17558617
1950098428
611076149
1246988236
570281044
1467942720
175734091
1882174668
1826749427
1647726623
578969093
1623746505
1769527615
1226077939
90997245
1391061722
1267002639
1738977127
651682266
1904547767
1826589145
1944805037
1077222667
378519483
1963254931
1603887675
1980778249
1110094838
118741274
1085301202
1264056997
136299891
887915982
1875133146
1383288127
1458197026
1195592219
1559022218
1192888046
874857998
1059265193
1771857139
351120855
681309160
850451430
442118100
2072370882
2117454069
33611580
576569500
1874518189
1860200725
373890890
804257208
91236560
189662173
260661235
2072014810
1299757011
379402509
1009832364
416330360
515702400
1897748346
143979858
1898990527
1208461724
1339572077
1310529097
253866123
66946428
222310642
2025723262
418067283
903619802
728691045
860185384
828507036
698661466
893796964
1405076536
425696007
606514041
1778967426
1229953215
697750601
1968629599
1490614450
622281763
1120902962
1870016959
1632114127
1537233322
238235711
1382378825
1681213181
2137226238
443356902
873301610
1300271687
697223025
940248038
1522582329
575462639
1358315322
278718483
1304153684
71017058
1107225519
2002815151
964814022
364818408
281027510
1571328063
2143785834
1510980726
121595016
1964931786
854111528
743876780
938351100
576644840
228507259
328100775
814880551
1610886085
2009313956
804623142
2054242987
735131918
2104894829
603982364
1675379957
1479993511
1179445003
886211631
1758711994
336115040
957228689
718453866
191446543
1922042711
1083272274
472474053
1345887126
1079574460
1983454779
1467482142
897022598
690082660
63875274
1835373699
1266727500
292382534
15990826
2081608051
1903268619
2025304782
738747545
1810027958
612953052
696158727
266526674
140849361
28668590
1445971677
1027060992
1787380584
1782086717
1984289681
358350802
1973533260
1758848744
1441623076
298523666
957252222
373713889
134494797
277250717
1270736487
824577457
341125991
958626538
2091304957
633508525
974617364
2025429361
389293496
852438498
616693258
51837806
1465391551
1312851985
318364480
1606240912
1341520575
1764336158
485818257
981417512
1398939227
322624290
1339768314
1224988840
2081473035
633907743
1523512506
891241609
1007621632
1658007303
1168492326
130874471
335101113
1509618318
1089501010
278922422
2143126843
2064118374
156868135
384936692
769073225
773561394
436774498
86981128
2086413379
755138979
1693222040
1280450307
371991489
31556649
114384171
1770930716
354180940
1454152485
848435908
288170327
2088060228
224464766
1179411936
948198212
1882472070
200420615
1079072684
70089535
1710038933
21090046
349011957
1705682128
2085208420
505880093
2090618820
706797997
1279441487
379909671
793779125
1218371218
1135048650
339517518
351337877
1507040139
371074167
465722048
1130487207
725255107
1919874534
1978923116
1013425434
1860451114
55904234
45353723
661165679
1938376304
245774338
1740238363
2008465839
1955813271
1761328409
209994149
1514011751
1699053181
715874242
1457146924
258367531
1995315729
1837056595
1052146656
1066203299
824621597
1391664174
1417541177
184178088
1762738342
1883263225
1314665295
340509801
1655654111
1146104763
1353935236
1368621578
1202008998
1399288959
2029787257
992901654
1645063297
1622541972
853883846
1453392920
1236386733
1063877995
819921023
787956266
1779752237
129584299
1046323797
1627584318
1966640894
2098470454
546303969
643778843
1342650980
1963845146
827956931
957905674
1699624724
2142622227
1298415476
1207795187
1141243342
504867064
428933117
195768692
1904156023
311236726
1188670347
1401735672
1933778698
2042554193
707644944
1022681783
958948540
1527565967
1810638050
591217129
1657150267
709478199
71317799
1476307513
660465005
617621768
2120086357
2003115986
433983267
800559640
813538012
2133607991
795698219
2111953488
1193919530
1936941562
469336904
1622852648
2132710254
226009279
1934089374
1173896953
1627744951
1720384425
1068967498
187906247
595582560
2027916038
1715472215
258736962
471649519
1225138834
968215162
542967318
553962699
1628680167
1160589087
526565408
1484312505
1594572354
1327125049
150366870
1580696697
2122823268
114836710
627132579
1912281182
584173615
102501579
1897507789
810182894
2036590954
923921094
290444198
1609491731
1992888593
478350445
57590643
1873320983
46339012
316327606
197486855
1271477846
1284542768
740454173
1825440546
765739287
1901043260
204522306
102568145
1348131966
1531647355
252935015
781345015
1506986976
367771725
1408477595
1271784510
951945340
1510979174
1021808651
1762128235
1400086480
1945729746
2052572433
862094563
1791134691
383439230
919685207
1516972026
429778243
1236012813
1714458881
1701256089
373071933
307429407
1379212987
1138811220
60989019
1583735294
1241379365
1409120986
967899001
1494314380
42982353
327402329
1862086106
1451459948
1599186840
666547798
814955475
473511843
281192385
67558307
271757941
186281170
929652871
2062892632
569720401
1849338078
1432381011
999498644
937867243
999356244
553271085
1310939176
1306785651
1932484073
302266748
1367774671
1368735719
1543646114
629412009
189151072
890476846
672394362
516553402
605079304
2123854311
2115740242
1271627103
791326138
441768437
1552819488
858884445
713526379
1739100659
1788537316
628935363
161337412
1490391746
2061316374
1160836056
280775341
913188971
1714107141
1591714517
72490974
1499107566
1893981266
1440265645
720359637
1290143732
2069677654
909510710
33136930
594588369
1426064112
638216235
570959032
1394320706
1909843338
1362285170
1836089143
1315179178
73685967
402131874
906796189
1862223284
1031067238
1068133601
1205131382
944899964
81486009
1485906724
1858088935
1795593151
930137593
1930579910
1147217069
676635211
1223361907
1867576707
1966778943
1145555914
629603769
1999915874
1740144283
2055667881
490648461
163619667
1302504939
253008151
1525904837
991110434
1568187329
1599590804
1393242309
327499871
1314330440
276825899
1395633472
371978175
1221725863
1477119482
1857884899
932331151
1125228985
640538844
715427413
124962406
1317174056
1938789320
1992539113
1136469351
936861586
474659234
988901577
529522221
382843467
1479550038
693141888
1685348406
1732558189
71563077
528975193
1153261871
1671153882
1922217502
1480761742
838000674
51559753
728911566
1209978849
1273285616
