2049148590
698337506
1428913120
1706208088
1392520158
1541283609
1625154501
1510436231
1635098966
247432012
1545835949
2099620215
1372342664
499431442
205604138
2098873973
64492353
514407720
1876055250
406528563
1649890003
1030729952
1290810777
1302099149
1731748896
39939549
1721792983
662824905
377883498
1286912093
320614404
279548440
1985249600
1749527524
1985756529
1230286110
1143327486
1463427382
593238693
630942804
1710859395
2139074643
583079371
935718411
491022437
788683509
887108737
555514790
1303091230
615680339
962043353
805497585
1646410292
105370483
2107596734
1230675540
145310032
1681906069
1893500445
523193531
821334514
66631201
802741971
659100466
1816158725
641014852
1889386576
812002563
2104442235
335141622
1442945368
1667817982
326732617
2026024739
456052745
817755054
667224601
1343161482
1373269845
1970315831
1958841822
187829550
628329768
1457768466
293200033
588442854
540960358
438510066
122865275
286977155
961703597
944199789
353608356
1764445568
1603300256
22283433
257976773
1345203184
834285997
214935360
1680344806
129747717
1882753342
2007077423
8288808
191322439
677348830
675513409
1534483922
2050618675
498345592
1345842096
90964577
1126675360
656126914
384164611
1715118214
1197087272
822674677
1837983489
1484064427
1784378274
634699631
1837672783
1401340194
90516239
1859956216
1659316967
1435719423
546758565
1874252327
968580582
676506282
1609522021
828174357
684795091
1800844461
1505523187
1360308500
1187844735
1408658214
1858654093
386203183
1499622792
837845805
1042330097
1883787403
405480372
91933721
558978432
95980213
1575998148
195873058
730679844
1266187283
1597213252
821196083
978659851
1109046572
109431859
1525418417
835815251
1078012441
54441051
297853625
1906186798
739236142
2098698086
1264226338
2099544643
1139059173
525400904
1810715088
1525262356
2025023696
501077245
420108805
1761327451
906557617
512042526
172822235
1002537831
2088040674
368695293
1733217675
1206744309
1965908546
406930111
37920512
927471470
516361970
1563338929
1763286721
1594374411
1617779981
2061140346
1353077561
209532475
2012354784
469820251
161593470
1003930309
995221156
1972308558
381709017
872761204
325902156
801817822
486605008
1232459773
1313860348
659427243
87513956
1254417374
1028122537
1820731632
313678035
846547435
80178095
351598548
1774018905
596540065
1914937477
1389821978
43430828
1385233810
1303478677
1396508389
1594766286
1168349813
1866328641
1756359756
24796475
714066149
1581184667
406505492
1586827353
1907086823
1208323315
2073432361
992062948
374700015
585375957
1079576905
1629117390
1613498494
752824889
1942795425
312562281
833002984
146910325
2086581186
1429543049
2061847803
1328919516
1472973877
1299597965
484914545
721998618
746880603
1653264359
440843611
355756712
1678060834
1154909760
1936941379
2084566326
594253466
1696544554
1145405993
520202179
541123854
1520106009
1105578136
1620700759
1001739751
571592982
226042000
797051528
884155263
1059044984
943961854
823252801
341104385
858326009
4688670
1814078262
10440326
489603215
388593233
757320930
2142867574
829436844
1113077642
1673444760
1984346605
902535373
1610527439
431116423
451596279
608449784
951318602
992720133
2128555793
2056896739
465937245
982811896
481006073
691979245
1779863425
1365161337
1751024230
576341631
40930490
2092128615
1434667640
45619160
1758723230
1445107966
535222376
2147316463
54945248
530606302
829269659
1168022890
56567415
666132616
2070558263
1667094854
1097249039
374670894
128060990
2048567642
1367391028
109133136
1957980733
1833328273
1091945032
291503158
377823870
724324809
1656664495
2128848100
1300666440
1697594986
2073493068
587850432
1743214146
1684732650
2032958399
130952874
1684565465
2087903647
661559177
366351476
1108442890
718126592
1032484093
1031517505
237737798
2129733132
1406188400
365798788
2030817126
626095780
474931924
1841314211
311940405
1566876957
2132817370
689764275
143718118
1641998217
671128728
1444384559
1192109555
597138148
2032234991
787840054
134387150
1917709742
918792928
1818952615
1858129742
1580352105
37820443
819088984
150995049
1070304536
1850606489
388732847
1052554021
1109311241
754531636
935887499
1735407021
1229463560
629718063
2047347426
648856869
615051785
589628054
792574988
109566354
1260756782
89475899
1301675910
1857894930
2121710890
2089515964
1992282080
1891936985
860825244
1663751047
1602583079
293693702
1701571490
274188415
444688751
624392379
2124794904
833421599
1676946400
1086622498
1587953235
465350251
674545871
669933147
1095068314
574409650
1318790017
1710120099
1164037704
2111365005
1819686454
277310838
53357256
973878716
2135205768
27584498
915911032
1980004200
1919521483
1776736276
1496271599
1374620914
2070429978
1050359441
1648809329
367635082
1674751820
1626120586
1201056681
1204214572
565259436
641526268
1669564824
1239805307
1311459415
617149490
1814214957
482765784
179785942
830769013
446647141
1999472396
1108079851
500004397
825867464
1095801971
527588896
1741778496
928322523
299626731
1371031124
277110474
1674247646
1293977455
1327469916
1175573327
1661612537
854738088
654210265
715185570
2058952661
1219469701
1356711838
1581033837
311791361
520687605
50699679
2126006318
1003453390
230485621
809291684
1450100531
82474369
1917371535
1950104929
908341833
865689859
330210177
502636681
1794012382
629836908
1873667806
2071122857
156600906
1020161613
1251109125
1332174234
534290502
2105847213
1986384499
1249476072
2017316226
1058370553
458704262
1450866415
1370161914
979391867
1501566095
1348684584
1982845257
1732051716
10492620
1285462141
1814526086
1927864156
1088083422
575384271
646070367
1418293599
1078020953
292599101
2048130507
804205111
216238310
57247766
1824366724
1467347435
1389422000
211173578
1425711001
1228322851
1460649650
1295543579
139209756
1919353912
598926347
1509371670
751262131
2100492442
