133972705
1951276509
1741578429
1793621549
1998100414
1327694187
716579323
846408893
1898011111
497861709
1072636177
600336487
986675417
1413044708
1211959683
152785054
1894589204
1738860273
164152549
422607819
524248845
766000711
434223732
339940101
490745081
119234672
1470344102
1609570743
1932961606
807475320
1635903695
2066934311
611268182
1229998476
1713072213
461884948
410209015
282167888
1308293842
160736478
780029597
233446371
761072965
1766705014
1646491080
1973032648
1919490068
1393596636
1564409273
2083642617
1816204455
2088658118
702159681
102944539
281114571
1192904762
222179211
1751458673
654991858
7657169
411450346
143411905
2074591481
1022718528
1373410382
1640180046
1484603476
1783619397
1922347934
645413670
1944355876
554893884
878860042
557945193
174115250
377867474
383494194
2093605319
1771464110
1947903467
2029764288
1440184917
1889077938
584440321
1543129456
22708861
1777345084
1765308667
1774167535
284853294
1772965837
38134233
428265199
1700073670
1060852761
1801675581
1192770068
397972589
1437811331
967634354
1043386260
1234683559
1522528238
1922246302
1792628752
1696643489
152630128
28639298
1642765160
1924094238
1976542766
1525045800
1216795507
1718137056
2109486122
612441315
1740845917
1739347558
230266334
1367529804
2024200852
2003232171
1405664037
304982403
1555822193
319033150
2106657985
601108613
717005740
1396985668
1568742968
1760392000
484185579
943787558
1535154654
129330683
492947399
1687784782
157969982
2135712559
1464395372
2134512748
1513274712
533707231
1705166156
1475277186
1146148546
1298528425
1067141096
1376414880
518574582
943858300
1232163404
1924238619
1248840703
640501949
95788122
1208015040
1241610563
812793862
457517060
662869883
425702214
941702639
1606657441
1960856868
1071033323
2099604841
1501158002
1229003305
2087833752
818069726
1216032405
1453624816
1351776957
773714913
781418354
350441855
2072243338
1848559450
1726856735
443334272
644934102
811536491
220089244
1893774806
1452038441
315877366
954306198
546165356
1128671228
1411823259
1209035239
1554373442
206042250
668209032
1367746662
1277075573
620330225
721421016
358595230
560680330
1539490742
1574627635
2014305146
743784051
200858900
648239853
1094225906
125618591
349315655
673598993
568952863
994249758
1485135485
789042107
740540916
789690278
1104919473
1694847114
1335855634
86107053
959186725
397407225
1640480495
1165228976
1065616257
860743509
294820901
1685946483
1582164525
653416132
99143165
974171619
80560119
2113448311
1717955670
281419020
614204516
664697928
407037611
963520172
1338296922
975990474
1957769930
675948759
1765032582
550827198
1465639037
722468407
98190664
654011023
808575461
1057377390
1051418248
301572308
75122718
2117034505
1162315818
369943619
1655497340
596996695
1023359751
1754640505
1571168315
1103919871
1720605169
1141640337
1385338891
187326037
1806338266
1792376502
1150846209
997151540
620883328
961132491
1673100299
238432262
1511959689
991255688
960900670
1610150354
1645266711
1769476131
520044096
549201311
2071048439
595166814
518752168
1085880609
965110433
26765861
1682877305
1988470185
1781406366
1106561972
944906408
1354527887
100718661
182761651
1541853925
1907056927
1975138153
545216486
756724819
448537833
1506348978
282341470
686970096
870825019
1273597158
1647870766
333491725
771380221
1269863249
853535821
1320581532
1193428040
1448702635
1839333701
131825002
266329421
1866099562
1814702307
107315958
1500022280
773780631
1052222366
707066520
874499292
1234984017
101436797
634072572
1062638522
646653283
1390797391
1511176355
5518613
1673138862
50662803
876343633
799252372
1698533569
1209835358
1570632594
820913170
2063371180
743730478
2014341211
1364590167
435580531
2146166213
1630919588
154196445
1813384872
1738235546
1654218726
439681855
642974264
213801598
1314181147
1877958281
315238395
1948253719
793113155
961891678
1191567463
156805863
967410292
717222677
207468666
1843753925
1516475049
1906002236
906105635
939623995
579431758
821993167
1683354474
446289321
39099687
2118935005
444971886
1670019275
125647803
110873110
1260771174
1779866529
550554965
1903745438
1993668127
1864736113
1634220072
161422874
1665506184
279849579
1123314552
709589999
436655442
2090724844
1426812676
644124109
1786995121
795804078
402642697
545617109
1735428073
982074455
1367610276
1271298899
1428363777
1406709963
1242750257
1873335663
929245591
1368398060
1984208774
42533117
1000780941
387280091
1946278555
846965420
104532556
1433014979
1008388294
1770038741
1712864559
2131702846
332145092
2036353
2074944043
1758957769
646160462
1714455516
407278199
1048803159
112588977
2142706272
2030877615
1480199254
1266521524
1311757744
739425569
361788133
1037609759
1668671160
1730186193
874334885
1711204277
583483486
1261614977
1509999185
1430448906
1366147533
795530516
291353552
988702626
360911427
275572750
1320847719
362947781
203033145
932321840
1009108243
1917488662
1339600039
2057911403
2030077639
1334822663
1941305370
1362793245
453860539
1105579466
2102218815
815648672
2143189225
1623406327
398351217
870040463
1187126957
981834703
2131655440
549642494
264799961
1350319325
1345173010
556153513
191538304
1706084438
831726264
1512386023
2069032219
1034759409
297224215
930656814
804764423
1636824254
841084569
687358415
824163269
634906291
2050151660
1278023809
1740485757
2004886827
2093672481
1736191335
1480809507
344540051
458748150
520452816
1326374754
442919942
1070095310
1591174716
1793239267
267784672
2147328229
1984777571
1973869110
831570845
1349679946
1895417681
1866330255
1646904161
678590848
523611030
1136244767
1519675417
1210969445
1960408037
7098061
1113637458
1090948198
1747583818
971040637
1037137031
1336291505
304366496
1381677082
1795039655
824819312
560568189
90475949
1894914622
4259257
1883715217
15215647
4103838
1721009140
1989084757
835674684
923205439
1737018791
554521291
422625952
268125991
1078132321
1558870720
1787801408
141618119
1371795109
1794899469
1255255577
315259659
1394999640
78812566
1352396690
583807497
383179063
586590125
231363505
1207998375
1147158314
321839454
955429350
1151417571
58071023
970644997
1155521409
1779080164
812246106
1991196093
554801955
401781249
398233736
977427907
669907240
1476366058
388814979
310225001
1617984177
1760610088
2105124470
725756106
2075869747
1352640462
804568672
1280782790
1936447960
1187747735
1867372915
20327817
248262463
867047581
342167271
1203691813
2018465152
400238295
26853162
1026502913
31834811
839099268
870215359
586636766
1240880518
1268449095
1564064673
1910787758
597331505
1952879653
73529111
67832034
1566006093
31169934
793588140
1494392193
1383810396
1598156813
627691335
1172774708
638420900
347580602
1193102525
886683363
1214628183
1535269797
2090375176
1085609687
1935508092
2117228338
2112112600
1967342903
808843959
834844311
406496021
2049724477
2103293407
1970560694
1813028587
553141264
1775956699
1886557699
620973299
1194479145
1917727633
1414561439
541387690
1154054381
865234604
1169079025
179345442
1503655505
1516659627
1372447967
242855220
583804162
760234116
185746749
1669413849
548258560
155491439
1634042801
368117815
964335398
321403465
774613836
866576227
277213224
597690883
532121167
830354488
226163934
271195218
1451327787
1420643079
41439203
718405579
1962030769
1195493584
1583640183
983626146
1374839026
939812040
352802125
599803346
1182667261
936606287
1360037462
1368414010
458536488
1908296023
1523905449
2092579290
128930190
340757200
266499107
903544027
1207333427
543712331
1501234910
1739454594
1374066819
1727398844
2010649812
677910959
1000558276
2052089015
1396316538
815105397
1100098952
832473073
1798731544
327454330
1772285114
4050021
927257676
807468727
940656309
139811491
28399089
1399192797
2048107514
1552304538
1344288439
29554056
1893061738
1610787546
933098083
952911518
7016229
286849345
544882464
1381083049
2014248190
408048629
2058994008
867322818
312653996
1307826898
1682428215
1412752948
2140299971
1333676111
1740207279
1765101437
1337726133
519981307
425086516
130898794
659792798
453485605
1530091591
560416664
2005790144
726896383
589970721
1751368234
190200281
1523068804
556796104
197216511
1809918150
1101678569
1578299560
1676682692
1509727198
1489809920
396521862
1822381194
650153170
2078950077
1087650495
642969493
1265142541
680374126
260587283
455385026
1200355433
685673799
586283820
1860148232
1139159405
2116375411
273081248
997465901
695788146
863051969
601350487
885988428
238637126
1158146592
1083204939
2048555276
112341513
514020851
1577754320
1622068711
2003830771
1974276182
1296966257
506500293
1905742611
237133104
1149469786
1023401504
917507230
1410057069
1478786530
2117862664
2095730869
2065070350
1830527248
1087406626
2033962114
2103608496
2084872527
582266612
819176818
538739366
1468255040
1057813944
1696885958
403976331
958885572
1809227471
917997182
389156244
1283812534
774344305
215948778
433295144
1280844598
2121691389
670428248
282830737
997609246
1587935479
1692887806
328912128
1558314495
1641135027
246498831
1241358095
581058005
132977297
1197482943
518446884
715243909
2016659761
1057186251
36015302
926990057
606588561
439991633
1885875629
268332385
1357988816
127548225
1552144919
2132333121
343497003
1985440063
1265694072
317704745
508384664
1548524809
1315313991
2096320143
1093928967
1644226119
1507150990
587580347
1890724950
601025437
1168638352
2023702247
1798508380
1687085237
591462509
1667684494
596787840
627477811
447190903
1203376401
1067469444
185582885
1471708786
277974612
313131110
876370058
262824086
656628114
714326473
1528518158
974332859
1222711137
929559319
142163202
1171547632
2023488286
1786389321
531214974
463584985
1529630624
1132240411
1632223338
1405849223
783265144
1171824927
1997311732
303465990
1768612767
477305895
750656893
824505520
1544775340
936239778
148730659
1822749952
1249370889
1025100717
2085574038
1905999003
1739427190
1466608548
732848214
814654680
248684219
875011416
1986202312
124688858
513917089
369933639
588273843
2043547713
1502174050
73013533
1301913289
137955546
1244838460
1151741373
441421536
865967579
1629047269
1192078430
1690473100
1026338961
2128318208
1839203759
701605265
1230205449
716820828
639695656
988720804
308764370
2106304204
1721569018
1123419050
207504776
449096786
962137715
332193634
963013876
1332071354
920467477
859077941
686761756
993481011
13507582
824717303
90835823
1165248956
1266138839
956803403
646812577
310733621
499792855
1673151538
291568182
191512966
227273155
1521773631
908333794
866968811
363010788
1217098164
825789368
2084579806
193033567
1033294144
386192945
1155171282
1365487778
1349206821
339758988
138471607
60801114
1026520744
1131952618
74308697
1851238047
1222788442
1239557653
969893239
32108197
1886370230
1280626860
531901052
1412038120
1572195042
723414018
1639311275
946485026
1631747812
358796439
1309495814
701362328
1184585807
1246591972
894395895
70396303
1632784917
2049567177
1435884081
834508090
241842517
1574355688
895309205
1268363262
558824659
969617902
972117661
1781613101
61691907
1942010900
1813721298
1948062137
1075154113
198138702
1212616609
499865507
921552720
704444236
1446350533
405816884
1063240675
608362699
1107179212
100342834
1854954672
2001575108
170739137
1340255941
1903658637
1606623218
27280384
2145501155
1033495259
922589589
1266380769
1592319918
1892207491
91014782
1226449371
1953899398
2033025683
892687021
1754477887
960696148
1090825723
819610848
1460561655
2012378443
1524055084
759428541
270711679
439812112
1367791240
1377890891
540154946
1075262264
1231982351
710894084
268034558
988157341
170033654
295314942
986174848
1203528913
1217904531
105071969
648365183
962628374
196086751
1874814554
769044124
81628786
620017927
376038363
1042324934
1710843650
1195649211
355402942
1575738445
572220647
1114831483
1846450124
1012032759
335139075
1076857368
1552187706
1410401340
161356071
115598142
1678435898
1149513412
285631796
1973750840
2135688260
1489160710
1044171723
93276581
2137525893
2006800097
289363333
1864856800
628360573
370992119
337391079
1004398936
1413317054
2048234730
52564499
1768719996
1476489527
624785146
736067831
1175456004
1636817906
1071206906
104829724
1041521964
334124598
266185795
1157120106
2012560496
1415699208
1442751902
1838827688
1403903820
784428964
735515763
1497180402
774471210
594832212
1786543735
491844362
1223192785
10052206
829235441
80108073
1423369260
729986523
132672572
1044605608
58992403
757457719
1780673439
1234448407
246791977
704396698
1339278131
1288313941
1038521296
1605463926
297950399
903598145
873679486
1740702301
594942185
130099659
377647618
1330457949
1627280061
1152118828
1925290161
1266340148
1643963190
1000999299
1276392354
325714983
1081107372
552277967
1055701507
1213779945
1596883575
1114693910
1971237664
1230073367
201658669
70545993
1934470065
1540936800
1358859934
825507713
998917078
1656810333
1729105858
1872596565
1250028986
176564396
2002696224
1627676604
1507022345
1482492637
632311784
1284828858
601349137
128791326
138344509
1877741491
454506310
1219451882
282535810
1510207817
285748179
1879419386
477418079
109502195
962009105
679076748
180048188
748995522
72529900
1538908122
1574503235
1071446978
1048234807
1156125446
796559895
150780145
1332689842
651772471
1778456750
692228539
2134265108
263284886
1977057397
588130597
392076213
2115401907
318388441
846582523
1187370141
600924251
209306692
1473118320
332859989
686724771
1582620515
1294869094
1365801519
1762668703
2043864616
1438331419
1154093177
1470884204
362294749
54844336
479526002
1158854645
205624481
1812215844
1810627116
1984081231
356960735
1797408577
99882470
186534484
238055526
491958683
154452743
556443967
1338541206
1341822884
1157368219
1547847898
667457556
1490228208
87089021
102594423
637613655
1452890540
1865263126
533994623
743738311
871872655
2004878827
1106033060
926716991
336921181
117404057
1132341473
1653377
1928031174
968939056
358614112
1577956103
1068821526
545148597
1816011629
1560780209
699601340
224971949
751837767
2041424225
1382340168
152202017
561398133
725084728
239291038
663992557
1362698383
1692181578
381772035
1896693007
288436241
1253644691
1754088186
1394469302
32878034
2091009368
1511873359
1165219507
2092662745
1292420885
2134158564
303793210
722893340
1055496442
848941807
391421322
468793004
1548543147
616393271
1220630771
1442483724
1998733439
1372832789
2003881858
576334519
1612123827
520390767
1939032903
1156821758
902162802
1688242262
1445257999
8323845
1294846800
692243653
41201880
1238372520
56633365
1206421387
1183551618
1349054250
1193096303
1487344828
2071947591
101109098
188802987
315885265
569902102
1737346134
932278536
1790532873
1032346211
783528327
1015882014
888744421
1359862846
480522194
1409135188
1151412101
1637343952
163814342
692170715
935118303
172138188
1987017516
1627361957
213340068
1077906388
1683995322
1419761455
113974358
885565924
465374111
1601319186
810029867
566483209
1790122173
1125915132
1136385311
1379984660
2058193668
779434536
264847223
694238347
1795316551
1153591644
2054101194
128355097
415243184
1058029647
1765699049
579057526
1750200363
553333704
751195714
1589734231
33212013
964535782
520156971
1717207335
236813590
634131330
455289612
702187701
87966868
1265319479
1268670910
1878089042
243750964
257572573
1110590054
154460984
1037007109
1375437277
848699332
684840012
381545273
755316878
813195109
796788457
1813346525
431410510
1375845983
1416063240
984744215
2127041698
858313823
1017956228
944093832
1378470795
587679916
1180907422
2012602125
1042969528
1883095123
2100568993
160805359
1004282385
1831174387
404556323
1261854958
794280793
559017308
151378420
22234422
1407716640
836218432
403779695
15549870
1649413542
1200568152
1828896395
2080824052
428930488
1097475988
918084619
408488538
1955789811
1936040848
1352582370
1186776958
376237116
386006145
1051895435
1419206644
121617620
1004980781
1580012003
1125900006
688671520
1984568327
240271316
1482952314
396101987
391649736
1505186736
1803818627
1227868169
1908966432
1819368497
729798063
962050936
1500781244
663138467
1390981424
450773584
1581223087
1799469962
259079748
1369780287
1004568685
1445856706
1746017403
1390574830
350268494
1017740399
1512192450
1355249275
450268754
490608808
2043920795
287353433
730880125
1379389461
683455420
1122529861
737092550
339790399
202914382
498575334
11675248
932712445
1460626270
1512456493
1595850913
704124047
1963230077
1029590352
356110361
74826177
251886991
1360679046
1520682884
1997904394
603770228
1870951378
868161145
2115962679
1078717005
1318429899
459087839
975154152
1605783333
1189967964
207059966
141755105
165014178
944152516
481545505
367928560
1442727850
493220753
1300641006
755870472
2005677246
749008271
1459994519
1821423676
1778598623
1816104881
1896249853
2030485614
1029300279
1269449089
1880906360
1633070508
992916819
601583857
1601549539
2071633824
1920013756
2060637378
899304329
1378313441
1103121695
1106364295
1520068547
1268135873
2050516811
2001614052
1636064433
1345761013
347351157
789221791
2101631485
205544756
1538230062
1414142357
2026968432
1169345037
1082763590
1775734637
1052347003
2112063869
897700079
785769715
1597650729
1890616898
1387353572
1051716620
1814767075
1159883681
964870351
566587756
390713474
2067992046
1672952051
1910782021
1188644271
1575985214
1764912425
677225056
774262579
2112263583
1466446848
728410416
170324691
857193262
2142552773
49809475
2026538300
1077832715
1825544112
931401655
1042412937
575760543
1717171371
492580018
318893794
957041295
1544296639
2133660869
2116924976
361683342
552764977
360154803
282191740
78233380
123453176
1470836011
1654218594
1888365602
577419
280997525
1853145537
1467024267
1009407941
2023470228
176733882
1004477067
2073279703
55788534
2082309782
1751340167
987190189
977239071
179617063
556877912
1469819090
498510857
1513919208
866632081
484688078
1483360536
1228315423
1037453055
1843515339
1510507163
1115686435
1966968516
833859526
622421381
1707850470
834436945
903418906
1413512359
153977565
1912826847
1289498939
330711447
769820266
1215294994
386499981
704646401
819151513
1373690170
1681885472
998768576
1930568083
1004220914
1497279433
1297003643
1870852995
1981967511
632880531
951684770
871936918
328912223
314708285
1987623353
148397091
1148567811
462561086
1856247561
1983004757
1365979992
1122276272
2136982322
1131323192
264291563
320210121
1901143458
1479586557
706710102
458306211
151254422
2080400272
2140191684
1150022999
1863484707
996928950
499818784
1013004702
720298298
334302648
1645885234
1671983068
1206239566
1974797457
1986691354
1046379272
2123194548
987775517
1508940358
1831958461
823296626
727436703
806751085
812795300
1858759895
1071042648
1133005421
1612419705
403145557
1839715523
2070725917
554399979
1772632148
2063433953
1704422978
1488633207
912879255
56758115
354154262
1633177553
391060763
2000039496
1157676974
1597300329
1827353305
996884680
496195953
1803064205
1984660197
2005136312
1487539018
660473176
585089367
146806455
1473268476
296365614
1217849103
458790250
1908785319
1620994660
151022125
1832027588
27910991
1923654273
1747977893
1732333970
1264803833
513373501
1789092085
1618958095
2146551054
32669200
1471513943
1156744380
1629969529
1151383600
6145412
2126165483
806964157
1990805610
1983818147
147019527
503795138
421423866
293825982
1977063614
717789480
1511675085
288370216
479091151
985186097
439392342
163635092
1013097088
215562967
1911612985
597947410
1480366800
277502838
239555847
951841247
276570245
272225047
275871542
1433314625
1902194577
1427255142
1439460038
1880876412
86735651
1282782000
1717210911
233755178
1786577138
2138634777
527581160
1616157104
708940609
2039256245
1904527321
1188031760
876958694
196436015
1351666852
1890055783
411998982
1115796190
340519545
1892365783
1393299028
580075393
696723382
1669869273
852300440
972594925
955700251
607011369
252366419
247676641
340404133
339102071
1530458641
2057615044
572857249
1169552131
2048766173
1100438410
638225587
610223134
992211007
395269260
1798254895
1869169702
591705275
1002438099
1611741837
1003704258
2118234289
1952261382
748586393
1364049670
384853127
1445309775
886435295
1237153568
270421052
1842135546
1844164937
522787472
2089812187
37085423
861889543
1472787180
2094700467
1434746792
494855663
1995982993
387701554
1133081251
458722479
1379912562
1528350511
109493726
1101598616
2120055787
1111931826
565856805
976276397
1082682467
370634539
1724862790
299248489
755487667
1022688917
1185683785
1992641235
1293109970
880335683
1689322524
1815897442
822664223
1726407947
530303337
147967755
1673624767
1965050129
642823419
1522124112
205268036
1775904670
1980846591
1585180598
1156771533
2090340318
539295566
1129343672
1054788496
1105152371
2105620069
2137470963
1475786910
1682999211
289235805
83790929
558204481
1474919590
2076432164
1851314451
207771625
1618271041
1519728245
1030435848
1197195340
2050031582
1178403604
723336459
1867598063
1821227023
97976923
2072866099
1449648045
2078823515
1510563049
458935930
2021680185
2049858615
1588279603
928985033
1007527338
1546416024
918972348
335830601
1081931588
1208208153
419621530
1640136069
535644095
348570047
1343966872
743415721
1966841088
716211469
1773851569
1016552780
618759403
804771525
1739889240
338873818
478514900
1837866163
264256270
1928162945
1769206030
1774819319
239615228
1643402567
1677194287
1827894831
424903952
537237977
1226827207
1343876301
873068578
161275147
404600806
1292690109
1801411216
940244902
1641260156
997894440
1683660623
1460617596
1714105909
1310028544
329686728
185381664
2114800070
2069575968
524255483
445831322
1759958484
788511753
226510620
1381680866
415847424
466125848
877599786
2093041711
146537031
1302503738
482796041
1373364238
498896391
1355864619
1534639386
903497198
501071080
1188566954
1843742100
2142331236
38977747
1379919075
1455465184
1753083656
542463971
1785151913
1938465321
509780393
1707244233
315237156
955611716
1319719069
1103748909
1182122336
553916288
1519596333
1648248184
1431516074
1465154397
1794785215
586536164
1947950438
1020665805
1085432556
1156331409
407821543
1988929754
1657402490
1596388498
1685188206
1652250078
1635366245
917623633
960231615
1240966253
1460087604
597899880
1031947926
1969867998
157660465
1347185082
777996066
1477379535
303450343
1960118402
2031295823
1823046677
1460882938
1315328249
1140717426
1108184505
1901864413
941184216
2128850310
839813321
2097515625
389188206
681259427
1607434467
1985576704
218963985
1112200898
1473459301
1136587618
2072432513
566941906
449191575
522848745
1598889833
271575925
680509210
798591267
1049571991
10405097
1102041611
862206745
2041700920
777604640
175606035
1209545521
1918322066
1283790540
963926287
712022634
1265157202
1803739608
662054611
1654345408
337515388
122005431
1492438464
556479373
1234206329
818414117
1693066992
1159155194
1385356024
2142258567
1682003939
836762209
266350844
215029501
1635353476
1315922835
225434599
589911439
30645932
119651871
1367516079
206251967
1329197393
1138354497
1490042507
145640032
1850377131
607716061
1949379640
364948095
114577822
139411380
486953526
1607016286
695890754
1721159855
277946756
241474098
732831401
1663302780
236249017
267351692
352581341
502599861
482381193
1987934817
1818522696
707815792
430362609
1849168628
827467664
1797878688
2055420595
9181409
788749538
1397979454
154821441
491643021
2005695515
2104201081
856591116
2120273337
96128814
1343544642
1579805976
792019568
917220849
1857752732
1033493666
1650052250
1373571864
1269742683
1917403942
1726153205
1772342544
252301488
1566604374
1443381592
960117280
1996966983
1145066572
1787584944
1647362024
1053003519
1796766353
288627914
303499325
1951587794
780270935
161711192
1908305228
1636862052
134500882
2004434042
832923046
1714306858
648969962
1750143896
1424575942
1682463628
1252712498
650664158
804722663
1022632793
229333715
429581559
1274934281
1795938089
1872963151
87567913
1645421425
870546075
1875152858
1145299801
1923549594
1524435563
1433927715
79565271
1328539710
66715002
241276463
1089361290
1703577054
375777345
946311684
389016453
2090084203
1595281646
2139160349
1367176497
1130261626
1244389199
2017840655
1934984289
119538344
99690722
217082200
1394472625
1895628812
2090045351
1482040539
1393566589
813107778
1209709749
391382742
589173724
586661664
1825310457
668738995
1915201374
1892025459
910015458
857079016
1448118866
1285792804
1803390700
1837135319
1228393359
1251188698
1828812020
448086209
233966676
925717571
318443216
21467317
1045255916
418133939
238549517
292244893
166279103
181111220
1774285432
1559845692
994218998
836511533
1951228434
1583392722
1423173198
1629055243
104648069
1190890924
1373597054
1014663528
2047969941
674232272
152972684
1703876993
363883943
1381366043
807582044
45212315
1829452252
1041548720
970929887
411821
1063016038
2016185803
418545760
1301565555
160947048
584824863
1482676776
1935232481
2144670555
329412126
624260366
1948415341
1912804849
2047433564
1429986936
2017452918
1090840841
656100342
884632798
991327134
1330332615
1037605482
547720479
1694216558
271487878
1355302523
1739428874
2100940130
249367596
562875113
2101351951
1312383634
431577268
372414063
466465541
592524316
957238926
1949142317
380273149
954425833
131070796
1004533516
755357526
2043875645
904483432
37860814
1913844915
1995324273
693961157
650994066
839167759
2024293772
1688599548
1386888239
1571026682
1960087426
594707114
1162971908
1913543909
844074710
1725847021
1867412212
8974696
9940641
92342628
475440238
602464958
1049581554
277098907
982738107
2004007388
408169703
1987271623
611881266
304561700
744271408
649742081
70922968
592112033
1343703238
721917034
1431279793
1220513362
263032934
670684384
644056396
75636713
1265391498
1807028305
1989180622
2109466209
1385391678
1709109186
2118440905
1395332320
1801451814
446397495
1997797278
703549721
723496403
833051737
560073461
1131666106
672839713
1171954727
1436227807
1417111121
1821696808
1507150775
2009223154
1017916398
81584161
1293019299
90946112
344617095
1963703683
735002509
420253808
1081611534
394547166
261950782
1043594095
1779938844
1971059969
1014551352
1027787516
1625028135
1460948848
878101146
181094208
36961603
1711152884
741167669
1168627709
236508949
1913122397
457371868
1653620070
1587335557
1964522643
1515359576
457768308
2046106804
660895228
548714420
243240252
477115263
1283716929
663494060
1558726797
1678264095
925444843
454837244
1310719292
749021164
1469388597
191023160
226565651
782853797
1069124307
407659860
819815400
632793543
1148827529
1988443109
869302492
914466278
298331330
375438914
354318188
115370325
1890798490
812086496
13993482
404210070
1360800916
257233734
881325334
497034198
920727794
292568483
27814645
1846172637
747405728
1338533937
447710153
69310677
1529557098
674275805
852164474
451197757
1081935665
1671979874
1083991300
83279546
1512939335
1953293792
997745825
1811270665
181249058
1352064013
1926640991
2072047548
16666861
1940634473
328773971
1377467777
50384559
1210099305
1874501975
971112353
1502667788
1902316621
669801343
102589868
1093366910
1117511496
171900545
475440360
1791787301
1024065019
926638117
726239318
548561245
2010629417
809518865
2061500581
1816439561
1807264690
1725287598
1997688619
1011845055
1504444941
1922252520
1028511916
1297595766
103542843
258496045
1347980325
1313642148
2132998021
171609031
668826288
1887830994
841410374
771416157
833714256
1958921870
943316702
1309154617
1603225524
1967381722
88309086
181981194
368459319
2098938504
991500059
282476252
1767894417
651281101
2007763851
1618099389
1663126156
1364725144
1392868261
544154424
514837263
1496411104
802650470
1862817588
662569604
788164843
2034426619
1331395892
528512189
728353345
2102812049
1362226445
539791568
898645104
523897414
2143017092
718543178
612206501
177514638
1087002497
563661357
1169014698
1369478750
184072126
1820295799
1229758953
1802171515
1335938308
447000449
1047556128
1880092732
961837712
396483584
535259554
677171653
1059053188
1323424397
564114624
242965433
1851936586
1292467970
198293834
1066679384
1832259538
1096938938
1590576798
1827792982
1815482116
55299651
2005307620
755000966
618961008
1026838670
2124479716
803033135
699650822
1206755021
457721002
2035589130
1653755470
1505277131
1768198214
468109535
1901760715
155974121
1145281188
813330256
1479398518
1709395812
1056295689
1183851457
854380134
1254589523
103047193
539156024
204044814
1693623991
219465358
2019526930
1748923643
77289331
627044248
220401003
1104128001
604040316
1023434138
1803778823
1810795337
1481155141
1691884305
1317067160
838948624
1312598872
1785176695
593225691
1468572993
782974235
1406555947
800487863
344886399
315367988
1984339320
1199266534
1569957512
2087386513
1738422558
1774002326
1633526857
1957887917
1646045608
1234966852
2035177248
125606209
1455367855
991821601
729646525
331318346
648116777
392958215
1812473487
192517434
1710025375
503938463
1505116306
1347718422
1097164154
826205651
2130692657
356236454
1626693515
328095408
671604442
1463549187
1527361942
94078306
1403452053
1118300853
1868080632
889495262
928705122
1366642593
2124462114
816398722
1492248802
1432346321
1808220323
74411679
1763664667
308853452
467369894
1428654506
501370887
29911621
1932592969
2006487193
1377630043
882273476
685209197
1360839052
1238509930
164419064
1688934461
1910114372
1627968251
1068812755
2004192679
883936656
39629960
1724789663
1773431918
968335082
943948608
1750410384
1784733804
288713762
1035273058
1445470480
363125442
651454077
1754323932
830495336
2080108584
108211171
860406958
1865217905
2114698365
90553353
600007733
652423914
1451392406
1838517663
816842978
992843219
1601148388
297327581
2061655974
1457857419
1181264238
2101285935
1035163434
807212508
922137369
1979112043
410139245
559387526
120342157
1445412303
2004858006
483467599
2096866380
1611698290
1313962936
2029491316
1719909462
26886246
1747225574
1687124179
117439599
199749659
192064445
1568832005
2038267323
1008907423
414191576
1491932063
1306235004
328363903
802305834
340015594
282166190
1837469268
1147228103
1204303559
1669097663
1557367348
1763691085
1789439821
855296003
1621065443
125423772
804678735
1085280086
1439386708
686686404
657705900
1466272954
286428330
197346431
1583712554
486177989
389410876
1005060911
376961664
1398318299
1419252488
1868893727
557069655
1747616391
523715913
897085250
2029782581
213701534
2044313353
1086602492
1882799197
1454197053
702809930
1524755370
162009408
176391725
1650179143
966688143
1261671811
942082203
1653374547
1919377711
260871510
1939802877
2116724142
1844584064
278497219
358651370
702161327
655458883
1756969669
2121413815
376868963
166555677
1721546558
900584876
1063640927
1603845491
1114286410
960470632
542964336
849601960
267184037
1245774266
226873682
429193445
1422165991
1877052825
1395881588
536354155
671651381
901772488
308248218
932522891
694091717
277488713
629623307
972588936
636140083
1331784634
1628047820
245626105
1305714802
2004916783
412181782
879777712
758018011
1475822709
336139556
1872304422
288809693
879103892
574422734
555993730
2124878158
801296416
985187175
1399560501
530865594
233585115
1935914656
1202516975
1135357603
96679227
2135039866
1829449321
374167940
617179525
654554609
1010308023
1948964159
135118781
1255934128
1107195313
2140035564
1668115910
1986973026
750569928
996454971
175628934
475390702
1285264664
1054732826
1049813436
1841258394
1032127336
1851109852
678961921
284204189
234491798
912547037
72635198
1437008773
2047904640
169314425
1424564991
1729870313
543482365
2041744516
236941275
1553790388
1843225028
372060056
662240869
802936693
364611973
182873131
642426071
1115181901
1179328103
818055005
1590572603
317109119
1872787831
492902391
10883866
757431519
196528595
689845787
1041635709
431020394
1602392824
1114270907
1868029167
1502813817
1283585332
1145110511
1085200482
1827067697
1039371379
1322141757
1233374437
735112759
1694201814
1895615306
1538049453
2058813787
2078488438
32991876
1026512040
1110332893
851046882
469600995
1427442012
576351065
962503386
1438325878
1333782585
1159031981
2128171666
227934646
1590052375
1583080842
1342205553
1310597895
938411011
478307237
308224758
2023611494
157891286
1347596137
1198269603
1391265723
2082708897
744987769
1139397382
1473274702
656317908
1070402172
1506266578
1682829948
33251417
209829812
4947295
1460693429
786180878
967450681
751535660
2119963463
2126482663
732223678
200414461
1569051390
167820872
1542620014
732165637
1106231884
2020927251
1040390395
982359730
31334889
240502885
33145685
1422600612
175728134
778133455
414514346
1649002836
1434451363
1484916518
1007785766
969797664
1518167935
1217615579
974744959
831377717
2003796457
1942195641
1582913377
1976276272
1921194656
167653407
29207085
1342762398
335474279
1571827099
2074928036
1441706163
1445270702
967834783
276582245
1476605591
1208337668
309727931
751722555
1384065802
1087861386
1166236902
885584990
374829101
503669772
1893370757
1344626765
2021837708
963502688
171888077
705731777
819815497
2114083718
141161506
648608121
1887794726
308814913
677815206
1083073476
644289192
102158657
1010517864
2085995356
1547429359
1978352648
215093953
876551302
1039206668
524821884
1628273857
275788823
1612683270
647027111
1161373813
1987512372
1150696884
907260922
1184655489
1025050944
1870763610
1356543566
1730782721
543095459
1323143636
1871944227
1191703580
1063454714
33275492
1869518786
2146528191
677564684
1971677443
1009562407
616076392
1371623154
840431407
831170346
100690808
1879638076
1355992230
1728964666
7943251
821191853
228508129
1169317064
661220577
1379205013
2076577987
1845876066
256772309
1799857949
1054935985
1987555030
195469761
230595973
1712015609
1387173341
1294050688
1745291101
1109208480
1293095231
275372138
933402275
155173990
891448530
157541782
995605398
1722618876
258232590
727759826
931127459
1987197256
735703077
1752319312
68221738
1905020141
266056241
1447426751
1834114480
2111932307
1704199061
1486488782
1019384644
1544270443
1681958543
1249980618
1108802405
921648236
396547658
706609858
2030856716
1689642889
981981996
816775344
1844816879
1873430527
974317126
692938629
1448565755
1232549716
1420698455
232209566
1072263325
8917884
1984528878
1140485063
1913938026
103101471
440428166
1600568858
67550131
2144627227
939573992
1086934775
1541414023
474048887
189431745
502732780
1395697124
585979403
1209342638
1279070192
128138644
43840987
2095845536
1972955524
1917271514
922679014
518410505
1218353621
7745083
1939108961
1450563188
1080008408
1948026845
1287608418
73009823
1714481223
1390709890
513437989
1167566434
1458260021
510581569
2107140426
397711148
2051995592
433705666
587142894
407244724
1829402790
1173122297
1616587362
960989334
1301260942
1660428349
909351223
1126732818
1430216215
1832030237
1645143323
501086189
1839775320
1436768636
1951649377
772300080
1237311834
1091774147
845309903
804309409
335000389
1358747893
1971875843
1793260410
1869329462
1931532622
43487911
1773841406
217754640
630630805
33602482
2047157430
1803753102
1650189844
860663116
957530396
1163134546
1770014339
2084263214
445867113
1454560929
1581922890
946953302
1146852601
871207878
751119031
1919152682
2108519712
1842893179
616978937
765345474
30409920
1975726830
589737669
1823670331
1697572644
373786643
1867158242
1323930402
591541283
350305399
1357532884
491215065
6574853
860239081
1351878182
964105250
2023373627
974408873
900884816
321757092
281486154
335324058
1268710395
1428338756
1206531937
2019829426
1200007790
1167568001
1715238957
1816986727
1932913475
1745648878
1645229910
375167497
1421835561
1195318906
748954140
1141510155
371765661
1340495424
1491815554
1729298545
1831710489
1498390407
442053978
1036105023
315012009
317943957
2010513897
1215896826
639701050
144516403
1551220884
1908411445
1572855159
610269173
1780757223
625379301
1777837175
1348512533
294882381
1563267002
946677763
1940112291
1938434499
221029676
987947549
539904992
1362539831
1359713210
1880400416
706871737
941528108
1564627257
57778496
1383582086
453248633
372790506
1701526044
316278882
1588687332
193743446
460795285
992424568
2102154891
2033650445
1602693742
1735428466
511546098
1233047269
936457351
806428479
648830623
1883135114
599057122
439781475
2104164790
1587004672
979686467
1319220973
799234234
712603235
2026092710
1740762342
129746844
2083871207
976860781
582995477
309178065
530903177
899274359
1897865397
724646623
1360069645
742806317
679317866
1246236442
198016411
267262684
1757782540
1431063680
1203720036
416727372
2079894304
939371502
1015784494
372192131
896052645
455305518
1351878598
67789970
1254539753
2064481833
2093882681
847818447
46745029
2030270240
1824679228
629740507
191964657
208098757
1529014866
2089830054
932745380
741600863
685152723
1612063246
1987837305
883169135
1879325931
1598136198
166749167
935562319
2014863570
99159823
1874933821
883164416
471351954
623502818
1338469935
1823230552
691292789
445526040
1740228737
637691822
1293344487
1786973767
520478414
970540068
269230626
712443071
1178638825
1798245492
654789477
2111384206
392362708
1339942200
1575963804
232716365
75627687
1307806087
1830852563
242376855
95884758
1698232485
341536678
1970818580
433913254
812888633
446837750
1772383189
488635537
1138130539
70425581
81380627
1775822361
1363770068
1868354394
148817127
186826488
2137585020
861260198
1365465314
1788346864
1516049675
1329365872
33225924
708508228
757846028
265942290
784135915
2065652116
2096794853
1026512770
14053226
1647543691
1368049449
1984871806
2081456945
33454434
284225909
1706356486
522089971
1422356448
1776782067
603470598
1050695162
993068487
324341344
1199512289
1179894976
314442716
2060772488
397876642
2102789581
1429338515
1727242514
2136015505
2137846743
337604894
254474147
774499011
255773362
203785353
1801011781
269826589
1851329044
1021577582
107214747
1785302341
1055032016
391440656
1344175179
1577121988
1813797105
973473598
33108938
717008619
1966542085
357450283
1916520908
998953413
671892999
1829809748
1396830055
627198932
1111664616
976588921
615730790
1102027711
1314193816
870204937
1876526722
1569967178
1073990290
1530054856
1839793767
777835686
404148790
1947008515
415654379
1459180807
190965523
1759829558
888819147
2004762628
585819508
921928085
574287599
404877946
1279378368
343324860
1403831359
1951271368
25650960
653177767
430986652
1137315576
1629766688
1046717442
91859640
796476856
1916922380
1968386362
218960387
843429022
1350957570
2058754154
1621264709
1755106361
1858279021
2036919088
1066803520
2049244545
1649264999
1955622667
1906523525
87600859
730067104
333327477
492478805
2009445473
676652337
1896310165
1813233193
702303297
402004284
96736197
1839618874
2031770972
1143453640
1931478514
680764181
912892372
1752381228
899724568
1756321394
955855151
810995074
1230102455
563477864
521790448
1119537896
1630281384
423551345
621319247
1438420403
182591222
708920106
21003859
515918699
1201398912
2030449332
1192571036
950225429
1696198877
1894874334
1352229713
1792935075
1587009560
1236517037
788905067
1371004426
1917281218
1701797439
975902006
669522138
1310635185
1931757157
1480517213
393253993
347751373
2002307661
1512791889
1978032757
278375358
2134111136
1268969512
460966580
695547594
1289973372
976885280
1896946506
1172939056
21972668
699688287
721654286
1916847002
2051918000
367105713
1356372914
1140951390
1156010780
579893692
910748960
710324571
1555795699
1580271099
2020959756
1340069208
913304664
266730101
1687820582
768128677
1779521990
1518369691
1046504035
1766149478
639855556
1507470615
314213425
1929828928
336872247
63676283
955284336
358844916
763364571
1676938622
128208270
667798923
2044044335
1484581185
1808750313
1052571467
2064474877
572015626
1762896038
1472786928
4803077
1636372147
665372489
918107741
1903102248
205709423
1686236418
1535140591
1724079114
585256805
1153806421
216451022
2092727420
1468019846
2146279950
282116020
1531696130
954080639
640960936
147577053
483535613
769169206
815375976
380096301
106266743
476642642
1432667768
23257973
1048658268
1048080159
1496044901
1053461345
536968658
13933742
1971569086
292587258
219643165
1510321856
1827727849
1943722280
2095578661
834050623
12689654
2040822433
154586821
11485957
175454805
1686282951
965566596
816415741
1833860004
1449102209
1585584948
501752333
1829198510
1691851691
978394975
1114382631
1715109664
2027053243
14979142
1063670918
933030940
551947800
1077604660
757116378
844535058
1297247826
119954586
524779260
1093486458
68049599
1358829883
1106176112
2108872032
1513416704
1117662069
136843190
1052216008
2083228665
953258931
738592364
1384847227
391360231
1240344697
1066562089
2083211923
71256024
33461072
1650837939
2098309267
48440214
567025209
883856559
600388014
1644629870
1640972937
1444923073
794394048
1760927523
1969702333
1887880506
1828977122
1181048568
846572970
1790365507
546981624
1964235040
1927208697
1599197632
1899980057
732983980
190306349
1137343636
1124344212
1430651046
56422078
1060072487
1501907071
89883150
563426778
1452732690
138323365
1130451988
189105602
738711379
627598210
1830078539
36150804
1421992258
1443522415
2005853137
1162389116
1125015889
1039418057
2008962086
767897748
1586399682
1825713478
547622797
1038113666
1578209888
1280606778
1228420015
568069876
257467342
511587414
624491954
1317539829
2013494485
714375105
1880966607
1318743527
852698470
863934947
1507849129
1591409849
1491533157
1190444021
1627560654
766041767
486482788
1485930143
1928430883
1611498677
377864553
1789909322
231912778
1964264235
1468139152
779535575
854894253
898865392
2060142353
2083314269
1466935269
170126047
447418035
2091427223
1487665876
313428872
658318680
1221148836
1632172399
1511017150
2085083783
992537881
954943352
1429133293
35498254
435020358
47691412
521981042
1920950501
1976122296
2133479719
151331406
1618547970
217908849
2115595641
939203474
997444425
823006247
1838068867
910103130
758836868
1157520488
1080229178
1206254903
1101464063
420411406
1519683775
1759782744
1641560242
1004372526
1123316246
1579160378
1996910407
2078259598
860810023
2032408661
365796308
908501435
406906055
139263162
737140083
392902127
290594568
208204405
610810976
258706562
1147407880
1608255401
1081712809
837993099
370874884
1840549677
1995513587
1451104062
899320932
949494002
1871515468
271521059
561793098
1365592063
1275893585
1685109345
797268793
1125320345
1615885295
1658078816
1010245358
1981681604
419096603
1417151414
2120944766
1156236687
1810053541
264055686
1364441092
273380869
522762248
364365324
1881636271
1604475057
1202358423
105027507
1297541086
1050388362
1556131569
49378370
1999882365
1280163389
320899429
414191815
498271804
1596793015
2099301160
1295540597
574629712
1567702808
806135765
1584875070
1401900764
1225232369
854542836
1375361882
233985408
517112729
1639417568
1598426500
790493599
14696169
1962791825
524646222
1619171226
1017666600
629673729
769228665
2068054963
38321650
818607035
1920453680
1318485039
1139506465
187161847
1816756844
588815832
138979360
964813793
1163445544
1706682168
1770949559
600836966
961099284
848698280
1455379803
188977518
1082683688
1972492532
1828395086
533626540
615502483
1843091255
348934717
1140148705
1314778834
1366601318
1769822434
2084007499
1287172633
1808144084
755130886
1060142665
979145476
1894637351
1247304512
648418672
335969535
1386283872
1613232465
1499415079
945482392
1236698376
2100252046
1906581676
2085396656
1408148201
2095559194
1020596696
1233157085
1776470633
1554223237
1848659569
1472078240
1903157954
841324626
639373426
1122275624
463663413
575897277
261964609
124323849
1331028164
1322107274
1103469325
1078181867
421928139
1751887997
1414151403
1808212011
1217636815
766082834
606210756
306851543
718851232
365308784
244764552
2126999433
313384331
1265361248
1212672871
2089854964
672100837
913848792
1414449556
427775144
1755173418
2053822983
1550050768
71353183
482236612
1812015378
195677033
1813264776
986639004
1299146358
743962996
1408567143
903550708
10630751
1069295507
2121187523
776713585
1675506263
280555418
1495564818
2040815047
525319970
1475080603
206715730
1790681219
540269826
149087046
315298408
1454118618
1563536603
743073552
1061808389
1469875938
145640673
1133161572
1952112550
1957656051
1328838605
1617893679
796811407
480501316
214373027
57894903
1384052024
225003778
1127190410
1357755899
1001717363
655213025
1638311317
349798533
548544424
16147640
1824879137
755260155
1806828859
217665315
904347201
2122127267
1671783934
320400156
717717172
586108675
1790276094
863357845
1719270247
1594904997
673530248
900625205
1065315028
1470341655
1381126521
1279688055
1528236558
617694897
1504691833
507943320
1975450796
358925548
1163156345
1466278465
708724082
1711700770
1482426105
386119571
319477277
1141771316
603784886
1223824478
1116414936
128085172
1544224635
1834132108
714193847
1187017081
550006305
285980447
634438430
1223536553
1186605652
1699753458
546394560
420248525
831957865
2074631119
1037943422
189166050
435090791
865910570
548091599
1598247137
184705387
1256815681
1162464259
1667131493
1642935252
1481941536
661419161
99236490
558282366
1777834097
227321663
2102507001
1464482557
941515510
1142040435
2014488862
1227495957
1776478865
1090541767
266617961
1328748676
1636936328
686866486
13222893
1564083799
1724809908
202388944
1999174590
443236830
750480543
1449938079
627942218
2007296224
464918690
147590063
1502747828
1946860226
809009224
1601984318
357658945
439359674
1829305981
312682298
1903842231
623337844
1454722733
1770847446
1850833801
1083717951
713905565
2117451763
264982979
203358245
656834601
278205872
1767442044
234160862
480594816
1619132987
677397692
1231075359
921587418
1305339910
1090887935
1386506109
1452929973
446152115
1185882687
114455550
2048136434
1543541632
553815224
1729958767
1856223931
310173807
205812963
1163463016
2081021253
2056646765
99697319
647443171
2026614880
364680298
850801416
535965833
642886171
470759813
770126695
1123480987
2089892800
1447524388
207072699
863996570
605380650
1297960634
103019031
2058310624
1744112750
1288901719
25282526
1644765536
684959703
579097750
1227240655
393699986
889271557
1433053619
1557163003
822809163
1342216736
1656860322
1470252334
1221347968
2021540621
173570102
1757313801
516943144
644329915
379956849
1640424131
586739067
1827481237
1847496830
1450735638
285378239
997973817
1553754669
196205215
594602919
695172740
221487741
91884807
1380132444
800585491
1319125462
1773832430
1689857049
604695433
1183511785
365182564
1946912169
692888460
1835434898
1020776489
566945433
2009005000
630606643
1083888577
505851268
1010563492
576829060
1092590335
690561081
276842243
395842325
975939320
1274816060
1949596995
1172144536
1869418979
497286087
1393632277
1961303786
1877418531
46734121
1132945600
1503767314
1736591170
1737641034
539795451
2101773734
1537069555
1232683911
1789724984
410362397
1799629344
1651246336
1040969040
736034273
9613956
2051532532
1312863334
1102204292
594609965
1589705577
1498046617
1570549285
717037989
1300159964
595210173
438973320
1797446052
1988842451
252793458
1527380935
2035576572
1385739058
883664601
1624684094
975896444
1423460053
1578974180
365482352
508660316
1221215516
775844749
160806013
724978204
1816813789
896840286
734592161
1720862673
62219972
1836796453
167988990
1651925549
1187359422
1738538275
221479890
340035739
186264801
660453210
2137481791
27623604
913246668
1517379078
2063200176
151502079
253560032
1540400622
1127398523
1677020085
971891154
1492880875
38196753
45623022
121241976
199002766
770601226
1938055765
1095843053
1505193387
1511434790
1158063025
1194506192
1679423780
662504927
234381967
1270478408
883984817
574417706
1456743209
1544438028
564415849
1484366813
310201048
2081794927
1400083341
461703127
187871311
793000315
1589101651
1864891396
1764891469
934498878
1903088150
1810514491
1055740855
2102090916
433632069
846312972
1050450321
1938825457
210264115
61029699
985848001
1889687895
723534626
1220229968
1012682655
1607519443
1794647674
321942216
1004473823
211579875
1806309029
1314674872
145891155
1058908722
1776377999
333762466
1851909037
1217996002
51170215
1469316858
5011233
1954258365
1132347701
1060752088
1908865633
1565979771
1907065060
811832307
1357321580
2117329175
872862006
195685933
1859533423
1596396632
1415915902
724732430
1056432427
1063079928
1046674647
2060906251
1274659804
705500028
1228097475
1420550959
1764408751
856991826
1754313425
1468834140
2074987829
1805483640
790667351
2079999062
1612258357
1923015052
993267502
1373640343
1341511175
752848914
37989002
551349107
722694442
910851008
747035041
434744217
359763992
15467295
1159476647
1416196419
1078547223
58667646
1329619022
205723379
764167675
410232849
1626274338
381092778
1267224676
1233104116
1849926918
1194728857
891104108
493110621
1127244271
355878818
268642026
2120511773
1729519161
1610153201
725877039
1767508163
14018661
1448571481
530875523
761053702
1883315698
890639515
776520997
895308698
159352286
1855068220
953976344
1488971309
2060791600
1718144019
1899204158
1539582290
2099236797
1018945186
625202758
1801680068
66190395
1516306867
147307041
1193434666
1872185685
415949067
1166462791
1454221198
2026102269
1892339831
1074245713
2040120930
1193427664
1605121236
653690984
929259715
348277103
1430211981
1824568413
507629389
1137796553
631061109
1996600698
1051104505
201721481
1748321209
443203148
153474630
619782747
1068405906
1955154698
685973143
437229125
2102461740
1879407809
161931162
370927159
898386953
1616152360
249545780
643243136
542914425
142183062
1836670800
552013
795874046
618446867
348829116
78602379
295531632
856458506
1216398933
926592742
705575556
120019790
1128314223
306413117
563222938
1281788853
926195865
1631628845
1089459904
1612169008
2068857970
1044437996
1344093169
83305485
1415365155
94996474
1699457845
1664910936
738239610
94888623
1807093998
427426763
95440636
455484397
1045873630
444269753
534086776
1341405263
1300728259
1750485709
120514357
2006303815
1870505500
1248828580
165233285
286244790
383133785
1091429150
1917873635
1472593689
556114510
1839247958
369548037
1900207679
1922553443
1784913193
1995204154
1474527640
1302340481
585960116
1569416263
961950831
1013386879
1664856900
1417435228
2059260510
2109126653
1951522005
1253182125
1262371264
1554524066
1373696482
1121191431
1277545918
475041414
1286424716
1563790709
858175199
230370218
1334180696
183285241
786484728
1025945006
552833278
539208760
801014801
190262823
386929266
128058794
1492603304
972889382
1697475057
307070488
1986276262
1214848309
1724505716
1898053124
1176491314
1528544073
1003751601
291378930
935584492
229964435
1412570362
65646762
705005849
551511430
1629437471
1563181048
781881649
816134520
1746466289
1568366377
1842079526
151815920
2107575137
495610680
342078743
347020755
623669474
1834682048
1319910138
173660883
2141752536
1158702752
1388509193
1718774604
909272228
417516859
1099835030
1913023829
708895790
2035419522
2142988264
2121466152
2101066284
700510465
525493934
1583020108
116207865
1307375583
251670980
1862674155
728258313
2093750506
2014490075
688349802
441877538
209085170
1035370558
1065547012
2043767218
207797048
1239207896
2038036106
1366499800
480233441
1609327063
128288380
897750300
561678445
2041312209
1606646090
449614319
2036816825
1580628594
403196955
589843642
2106122529
1986217063
706051507
1266014464
90404395
421242014
1994272777
36671254
288248441
535138932
478548792
497333612
1570509490
1544095805
393617182
1778306538
635820053
284169641
997322690
1116053494
1893496704
1125611070
2013803794
307691501
1019439631
1472966237
757305820
908772808
906111183
1160502775
1498616450
864750064
999236191
57184309
2130764529
1089640586
478426324
1977553658
1126311840
766674765
365208942
1604860633
1264008377
1935718432
1001472790
1657625560
1566541322
1637292843
1941795201
416380364
605862689
1687808257
1541991434
472182835
1995499758
413947417
1945149072
605321930
1322720225
703776608
1765824705
673853027
1568526672
617577248
731037337
1551807553
1707217835
1209463661
1381877564
686046027
1976138426
1747086506
143423012
1092663156
1535321291
1144895802
602805068
954378965
634704997
397116621
1370759330
1240567686
2084924878
765267116
1712750522
1932940988
1179214534
1510415946
390779270
354451111
66708906
9120327
1028304139
1635235579
626697576
1759341476
1039559484
186431763
821321489
273953400
872477790
649976267
2021039907
1015900803
1742639423
1408877550
13312957
197960843
215772867
648017955
595077464
1586532197
1888585641
532518694
204315666
1453852515
317976034
1383530200
816784814
708755304
1737981311
883493720
717875632
618801802
371245651
1344573208
230659630
1410805136
1531004971
1051981119
1684758536
255999113
1701957387
1558314795
1271899916
1297113162
819708697
1285212874
1495074006
1035481565
1933230829
2090151470
474530114
1674332822
475186517
678845780
980701690
793162551
2062375980
1797486504
1501917856
1652873644
533496576
72309840
124191798
904742228
1416883048
354851429
168063716
800404371
1406832548
1852822252
1056403484
961306287
1263653400
180819753
110935802
2083362097
1466032627
1606009808
971360014
1251779808
1548677630
1445890129
778628982
2023864147
2124735909
1759330672
669543051
2039628242
1409333528
23977259
1545018238
1942830105
96287099
1669210036
700088685
1513170147
2024061465
868152401
166090870
1283410366
573491005
1222494354
97233005
1837144405
1403314107
208168807
1773022855
721863086
1814178615
596899221
1973642894
1215372598
2042789350
604788229
1091753097
2020041612
216635253
1761296148
1912186206
1625968782
1785273407
1309720796
1421315239
1881560506
831447184
2121403924
1247247005
708025002
842072677
1413337875
1991435368
1415563682
488348582
2088668373
1105224440
1891662689
149353533
730763647
466042128
1963532148
1327662868
292201374
1031421098
1222968571
896989603
2123174196
1095526535
1113624857
1736986696
860229093
592109991
1374776456
22466241
2013425230
1108853314
853913425
1987345506
208616672
1561938427
681934535
1621954547
1405890147
2097498217
2110303129
1347074873
1055239009
1854482171
1496428406
1786002656
173040651
1312476906
966181877
465242025
196414357
41666800
1362231629
172104905
1137193335
328372838
1909091601
1997422428
920482829
1136384409
2019888669
786424411
97754076
726318446
626286269
306370748
140773226
1308220804
1928325295
1546663373
1258235373
1891144777
746254598
165990735
1598143300
95199356
1951993391
1771183951
1407676263
770691620
88942328
1604090620
812358420
1451173957
1776195525
1949551755
1779546795
1537803478
1799490535
552545976
526704240
1671895556
1338970387
624458316
250730355
1965256656
930829064
391503581
1125993812
711670711
1938166954
236745538
455331840
536937905
402736273
2053475140
632137261
207246016
1677175443
2039813524
977937637
1766117772
1496420496
1790296057
1069808081
1125132373
1592364165
701871229
515452204
1244371052
1254417205
1042156444
768782961
445903945
1666614760
1019513316
263676953
449960176
1411016897
1389670766
1161630887
1201700203
1626416304
1616962728
1738638108
2029152577
1522954220
223291722
88914945
1052646016
115621598
1066852582
671280140
1612042095
709664992
1741088221
589690820
154545509
295475802
1105143024
1398916561
1549893008
2147299468
20215874
1995796953
1666430580
1039729190
111990258
2116390756
303262439
1501661024
1130537996
1504962643
980593680
600017076
1096117103
862262609
2122971296
1319408825
951177555
1028133664
1435030424
2018030137
1699413804
899588871
580211481
1293018378
1489279691
734756990
1588494180
446939068
2133673552
990903540
446754888
6405778
839216845
2113185469
1046134969
951207104
2082092577
1349397408
305384480
1065146925
706876403
1285978161
1665164001
1802993507
757122
1640651650
974918684
951934677
521301666
262465460
822481167
73231823
1162054331
1402692648
1366250201
503850375
2137449639
807260733
950789443
2123639543
1798164274
1397544331
2130045321
489897471
1363246152
1028696642
1441104575
1297855082
230610403
1746489056
215518359
937486806
884983569
1880682361
592996665
885740691
1373850363
1567915350
1837675369
1895152029
1830380810
512672888
1968383852
844951494
1915365536
1187150405
1348801869
1905331527
1994411139
152107664
1881487422
1645091765
1549651995
1864049096
2134989236
765414500
745262090
1428610164
2063269582
975872493
1027615572
131304293
1913359300
1912599141
2011986654
358872317
650856184
1238353369
1926787667
341047905
986021751
1609684830
853720793
806921955
307152676
621602682
1994072361
1655954545
379450561
1840999852
1808062209
113454336
1338607969
1210230556
1977503432
1326113557
1975645056
575281874
607240073
1891430990
1551154368
1634855645
2022735284
1317030020
1399971138
1887238290
1675902337
2050827323
978108012
1455206357
244391580
1964129763
917407539
1098112374
623568070
1224560215
1719715056
470156783
733031112
2099165617
163672987
393609673
65136305
1502280956
1603840229
2042639737
680910866
1432001638
470437964
1288150939
1175948980
2021592332
775522937
1051200616
1191138704
28010427
790955259
719557393
2078837750
1769063271
27280102
175745683
1585709386
944687641
1273858057
61793808
21764208
846089465
531950592
754795320
797771434
695623579
1148404993
862907740
50420888
604761575
758063829
731331754
2036763213
1228501793
2019482693
1065228545
1102610477
647521982
2116429162
146265533
675532410
759900773
865822927
606886512
381480396
893103029
782632195
1967189782
1837790671
2056490252
2028983590
1859554879
755096069
413450534
466866552
1552867504
1109074114
1615271545
268291596
1159495002
72549472
1026355425
1890826756
2109312685
107373571
1762825801
1027057583
1209984048
262864136
996003097
1356249582
938396546
1755903870
74588861
1545283058
2137384266
967691890
180431606
1957090400
657998913
89438210
1838590342
370070145
844534280
104557229
836936697
249918136
1213631343
304724594
518209732
225642697
377274067
1544565157
2116469453
339103104
1651938728
1731811606
1366160687
714439129
1994675742
214680136
2070688711
785588640
1970584006
2145277572
183388051
1960484624
965485814
363819657
1770091376
1623484728
453257867
1461198071
1993554873
1297792147
1565755300
683007922
1547710283
631902995
987732516
2065920015
857545692
1365006583
1463001525
826531497
1704109688
967456605
410859455
922786727
1681895734
258051550
1137466864
1605100797
1043640190
960567222
1602894721
1227028241
773568199
420896888
1590847898
396175927
2044381616
2044105766
1857373998
1890452841
1194414265
1275645650
425977115
594640901
1907548645
1413709631
513077268
617610689
631232567
1976078793
1444142186
187858607
796051751
1855001642
1110645334
330463837
2113053192
100628550
1935564635
1009209734
1061195773
1390975708
88754328
1834763972
1811872596
1679602226
83456251
1708770564
1576224344
1940830250
1451739757
623154962
1068992252
1877716872
1217795863
829057250
1143942856
1730873131
1446667939
1775175423
1559468277
743326478
1963034030
208036380
450844472
926195716
538500217
416414016
1026824267
326581204
1425623750
2088020040
1717556913
1514378078
1775300364
1381945861
1046496657
1858756615
943232778
475237353
1652103217
247488887
1098392315
573611822
2125205760
168704530
1402669072
1121664968
1899577662
701853363
749356743
1311562291
1445179841
564907125
1519598671
1896024313
1491102841
2058098888
164954681
370443460
237196445
1590578432
310979852
1954753358
957472862
2086280216
1189215571
2003969519
1797553184
2132448349
331723225
1302172753
232453589
1430115540
1875784575
210175701
1598820071
1130969999
1331840669
1350914085
1832823363
2081197412
514992728
1130519556
498620889
2034591399
879060222
1989723730
1945206639
1044014903
212683543
34919436
487109687
523663395
1989672794
1444582550
462459964
1031404718
1301068421
112529500
1016369419
1632791646
1414702253
1248823008
915423539
1143003181
1458998709
366759962
126489532
643355730
1717674047
1959312895
577069494
85183127
942348804
1075690383
2119774526
1821409026
917930466
1917497517
717940281
1130614009
1952416954
1205049969
1654277404
1794606100
502148871
2116737368
678527170
1803217292
81783220
1694896590
1288525291
1496485474
796235950
56465182
492005007
107751012
423225144
618494539
751106742
2140899191
430323787
1328176237
78598670
1372672591
256382972
50889548
1046597969
1174313438
1968387065
1764538250
157443799
1773320371
822104571
1811721204
1420442824
1324253442
1780974924
2098969994
979987087
1862758145
1646382936
121028730
1211759971
295135239
177493912
1703764978
402886251
600719056
174775869
1153992993
594134599
605099656
334685582
672733269
1977772247
591068555
723622817
876886568
1765381993
544526234
493941171
1922825793
170362958
1316045742
1587063349
1590805782
492815537
1220554625
1542292128
1472802624
935829122
1041191417
1593831354
105445
1336326656
1771325266
1703870423
1739212907
224560674
1878646293
745722252
818695273
336262301
1080407835
1491428542
166550901
1671476390
67567711
1043437469
1289374735
612093945
1537378640
1064716880
782456903
705940735
504296581
225779037
1198756272
1724851207
1768071166
524075248
513196681
661778935
2117906602
513302127
1998105591
1741748220
69688902
1589834850
1966308894
1948335195
188073454
637520519
137113849
1268481289
2128949061
303664750
792474031
49033124
1347102219
2081848767
661127069
736997212
999081999
1443583973
1442937947
1503378581
1669363010
494210571
1080746140
1289950528
1018285819
1593942821
1951729463
988708773
2107244948
1802351406
582973345
29450203
1244702608
401798591
1977785398
1432776063
1039319110
2114899247
553773704
1020784523
271080349
1346247736
1069817647
1618182569
1280612855
1730944716
207696133
132211206
1027045041
1650634080
1635589787
548924404
2144844651
568852279
1838874932
1015646822
15311453
1643120748
2004355595
2122556401
1297988506
439845292
4522956
395207467
841643883
1982308355
1827983530
1880962993
1949723954
234273586
754263868
73320656
1580521322
1824081515
1691503225
713650529
1407542583
1899199358
845861736
287103977
1402349790
333967875
836028381
1399710793
902820155
527419665
267873967
918131608
23056765
124745914
893204361
1321045272
564591206
897727318
1716252739
1406235089
732552025
1396752621
1139714434
534792331
1631026207
1893978302
608112987
1064063882
1570576169
152132564
1777714411
830635104
2051331922
476092499
1117739081
1306198064
810060375
1953767462
558425209
1712880530
333703480
826299176
483528490
356760245
951045090
1376732851
1677805517
1515636296
126976521
1246574608
774387737
859528546
495843581
1914102171
1394320878
2126869789
1660596825
2002433865
1043450023
1083689346
7082782
673680786
1914324451
2058414704
1149773286
884579884
1217129121
1959833661
690863699
1775554330
1525230543
1024567179
454369859
2008759033
1381327424
1405414949
1238008236
911649294
773567598
1364984758
10740254
1547955335
77029656
506583836
1314573859
1471350534
485969977
827687036
1326300752
1529420000
1911376383
1333383534
55617138
1678217186
1244314590
1205390424
415313422
313960063
1017740437
1106177121
2089514394
395487332
2130744300
396400605
256762717
1364588077
1801815554
1494770954
128753723
427899504
712272064
139493977
1975854840
789301720
646077813
1142945051
113168607
1132047790
1970632087
1439469359
513984142
1734524822
625369245
569601281
1265258360
1869683835
1774991705
1680571783
36160251
645248495
639265256
2125674645
1040735827
622525909
374591602
1297498545
1987113986
28923508
644785851
2115867709
456823013
1357057915
107878038
285194205
2146359635
753955852
1428139256
112044594
1886003642
1251287695
1551513953
252504137
838328870
29399550
822105418
2103587230
1899083386
449613475
1636675365
1935243637
1094861970
128456974
1913434634
2135597798
750982883
140542588
1285612695
590613221
169466096
1930398546
558997282
626289109
1139972813
666875320
911483314
1138848800
1420831172
192138922
1250893395
1159351167
1443426618
654923700
1411855304
134271840
684323251
86477074
90375422
435922989
536090549
1727050788
223682978
1630952520
1855507762
2137117612
1619066670
459006997
130176552
757195717
1049620218
299642648
540110615
1608617500
925931758
1680083428
128009172
1837415072
671448580
1548840345
2029553995
1922341975
560707864
1325496965
429782028
1972563168
1459768805
1114105279
2059040242
1550144227
1550028268
447647143
1129711367
1773711246
2078599663
837735481
1763345210
1550182685
1296742478
1893521762
159894754
198879048
45680762
700005369
1807496548
971612520
232605149
1935505721
661543945
904053730
1336862418
543614292
678912057
1897570282
1869111257
1108694085
1722649802
1181396414
75315716
1634206396
584056993
1625343984
2081853539
1713768361
1251571582
2012969555
404020194
867433144
1415668592
1700762673
613471258
1575563347
1899641721
659152021
128085068
1559654622
1630764541
360690218
1347676695
144824838
1264743948
537055465
688439130
1943656005
287142099
410066739
904866443
2009791901
1591463153
980182159
1496514649
28036499
458042496
1430884540
1741804860
1709614078
1296370447
2145825054
429563575
564555392
1699104079
1043034833
2140118739
1451262153
1702186854
120720159
863433127
1185467748
481410377
63626174
1330292586
1746154325
600681639
2018731717
1542326683
887823738
281314808
299709478
750131991
1872777962
1279891637
99162992
1900814461
1737934133
1530047532
1495135673
1300064564
678934332
1493477079
1729628139
1243489724
1045097511
625179324
1236124815
348876016
179882531
1356844974
1212309143
1365350279
1838255352
1275935317
548159217
1436926029
1876616956
419407286
831769064
616957046
700722095
1131478542
1367089037
426016409
263886532
1466252029
179347222
2001820665
848815913
1674482895
1154401581
1527750245
1020476326
736546072
623756321
2065573837
1361725397
1859881136
266966205
1541607928
1069242463
1479275348
759474559
760014167
607727017
1307633776
49456548
336860325
1727041063
881225613
953817371
280279510
2012704155
173422760
706295919
129107039
1639674789
885643141
2130927705
341007055
412642388
1137845638
1868757300
1433118714
1874391711
345029974
1351208904
1088633460
57427462
1618175109
482757740
1126669925
949966810
1242232299
1886684092
1557693827
402382427
1936140641
1894554153
2129423490
669882606
700887876
262219352
535103113
874310637
968515271
664210153
366501778
1854158412
647654210
707508833
119317152
1785499848
428782486
1552435867
1512407911
773812460
756161123
453557723
831239922
226852584
936315463
1957909848
1176819394
31064114
1697110292
587029574
433446542
1485767285
334100079
415386384
8166243
1034987955
677605737
543269357
1909298592
1646121008
1207479510
128316723
1352795773
1855133720
835825556
1472112925
1493149920
1264608042
877065144
858074184
2038420502
1633226267
1311631907
722176777
1860078852
100463723
532602977
889414598
131527837
82229621
1476444172
564974379
1567996907
1810544251
980360764
1576163150
698048559
1657966501
2119432507
459863503
1156603861
1179428369
588180226
361915986
887078441
1424005783
1834028912
232744714
541130177
563610408
1090818898
432067032
49353028
254967157
1154243809
1909431880
355430880
1686846786
651362830
486958718
1769076407
2127807003
1051933097
1189589666
1790867606
2032293861
618269169
341432517
1542776714
590218028
801296021
551896928
1769646398
1389476247
913812914
509241191
665998382
600358178
741985905
1207128560
1163968587
1832804803
1639195592
1213321615
2087771961
645955753
975269847
295719193
185318891
1626632677
782677911
1954395298
1606956032
1834611009
996501317
1250339991
1719421222
1614770486
1591772508
1114714289
57504866
245584881
1666611217
1827151264
1635061129
432940483
188908808
153575863
1033298662
930894713
1360704423
49783601
616215869
852416367
1263105216
556504182
1498372120
90891415
852223375
1683691011
1717524092
1634901287
1490602662
1176996477
1322028648
339620331
279852820
893966222
1954390817
1871625328
2008680511
2011895683
2117210210
1527808080
1691563300
1604787691
1960748564
1880472108
1758363554
846563578
663883173
971584330
896347179
1280099042
1824000697
11968747
1836603224
1174889170
102860162
541342952
711096533
1820384254
28760591
54215547
849897083
1350789239
393835878
1129749903
97271813
200743047
853891584
2105952325
65155083
823618146
1486276757
1756718383
280922189
1299541673
1489706843
2039285743
2146105251
6106368
863386425
894968782
1286205411
539903475
906937529
975324987
1714792645
1009797691
1516667939
278405530
682698298
1545428530
332621078
1532595381
748734121
726456956
514861637
846005935
927200004
1368753221
804474612
992355087
44887719
143267721
601589822
325809908
1442809395
2091296665
217612003
1441430998
2097403033
1080998429
188916133
1236124796
1620901904
1095853662
63966136
1188210901
2105651354
1580634075
1466616431
640866004
978578958
1799237509
25977737
1727313079
378210818
540839374
425835366
1305410822
1909592595
1230309978
150282261
1954480314
1373577700
751872083
132806574
668903447
695685100
350418578
2110334445
645604485
1431417007
151766930
1881729282
904835263
1247620593
1945695418
2093046164
1205788299
1378845845
1412178947
1846654303
209941155
1063932809
1872632040
1937254235
1442143627
265987767
215605953
600070801
28096714
1445915932
750353062
1982577029
672009984
1502225145
2115383603
1340913431
50426597
318318533
1303764228
696031082
1749735540
1455531159
430276716
507087155
555668104
228488486
452649671
1761456403
1607334332
1864828619
1460627058
1817275487
781277780
1185775450
1607046074
75937759
1451763217
1822652028
676008560
1479859932
1121084312
1426361622
1314953313
1793094296
781103119
1282853268
986524079
831529716
1601171802
142804659
1527560798
1203423694
1598335818
1957837515
1710510850
6520274
38842353
15676873
1767976677
1646176685
1880505492
1081120087
1315968525
514299624
119411890
775530951
590237383
1571175107
450699331
1266245943
903551391
1571783643
545123917
71021056
1217394291
1326227036
1353874325
56434722
10273104
807562479
199239382
1537833903
2010986173
1797575200
1348187770
1574013375
1804095475
1387030123
1589690249
1424588504
885723161
1322712093
358224944
54208038
1837011718
477636834
829738989
279765453
2048811941
1280438321
1546011397
804879685
704738316
2091135314
875900741
1922132608
1269878703
82291418
1978567330
1280151807
889853897
30323064
670502062
753356423
1827898265
2018689832
179886150
1484510092
1258236308
1769576399
761614948
2143959469
944804845
1119839892
50683859
634332915
1597476726
880422848
914098368
1498805020
13377521
312626117
156201057
718115838
256277784
1032101798
492764798
1526156487
1114393217
323848480
658824646
2004247114
354171545
1329326709
610119889
34586162
1200532893
790006040
1519096254
311285553
412098791
133227554
307761374
1356903636
1253067447
358445233
1991236551
703060525
1238868082
757851272
54381897
1252245603
1070477389
210582954
1970361441
1326755173
1242684753
315642591
705428012
209594322
639491072
1364252659
66357788
993662617
546095720
676477678
1028248779
1746628613
1466483718
399861385
2057914167
1878582509
533088939
218191893
1088002498
1786156386
576637127
931755401
341733264
1815505209
1689606673
396115161
920267164
612600415
606698116
743144958
1939355588
1849382869
1058787549
497299953
2058977191
1698278621
1861552612
2125334979
544457590
260164684
654329009
1572706369
2006793297
2120812727
1972567754
1917223816
1851911589
358173046
2135415710
792430439
2144329432
564569189
1724185840
338579048
232590750
1266308866
734694210
1152857914
1878909281
1341392326
1896002872
1670781221
1043291547
807306774
20597526
954785090
358101747
1882150138
932636421
902559338
2142314822
1586965431
327782059
2001624472
1560294510
152866166
1771364640
1264722451
511039212
1759296702
2057152890
507884996
176382243
1633855083
846464045
408972993
752680301
1581158255
1561830908
484105934
775066933
1310350132
7403507
1818358480
2117656906
28001034
625659922
328275006
1910151172
1558296343
1230834344
1904982347
997778126
1558616403
1759123171
410588989
1711482569
1383004163
1675311440
75038133
994817218
1584980683
582923130
1171199461
1071352118
1429387175
1580172455
1824032419
863061782
994519715
160654705
1638128715
157386199
168058212
1309003547
127559458
196059246
1934663469
455834464
2106210419
1345476164
1686668808
1863709118
195770643
1097801563
1475348641
606359632
661800485
710869156
134187424
736838618
1705686374
1719168107
1319761748
729402188
643036577
601665275
162090995
319585348
1464727057
1156610710
480240053
955372124
1313996909
648298266
116892023
1441556367
844357512
2051555492
1897390831
803084283
1249548009
1436575991
519309753
1445318652
386893907
1994658394
2051678284
1048694392
558043903
38382060
1785533010
116246629
1757550168
957811111
845648817
253103097
1559476386
1007739812
572688446
876719796
16866874
1052928499
1832091920
1330863784
1701226765
1948983944
624936503
398100630
1853055788
374843687
1201184913
955120149
1811419678
1720494667
252955153
50829937
1567669413
157149789
1099524329
2125713316
195531850
737573692
94476298
1953082018
1695384803
940125115
58701467
1107377541
1947864928
631389913
1984097337
1964731802
1684318413
1668705610
1148111938
1238061530
1470205906
1773048442
1636162160
