33428247
610337235
728194689
595943050
1884710453
626967361
1697533289
992992562
1943103205
407174830
1333515446
432286852
1570606708
1437648566
415128509
921655298
1159759788
727483154
1625231236
898226378
1030031062
307286531
1892231886
70433753
626702933
1630897342
1084373384
1440547431
1447559036
1417143522
1906561665
1480987283
2027480758
487272706
2076930333
1764707563
1114240067
1626979974
610216477
909859624
2034154804
1943731923
1342146477
1457277864
1233896842
1757274986
231449514
246172982
337274493
1856680750
1144399360
1367305555
16483633
889147598
1437739309
643186566
372561292
374629045
2083733998
1820120328
1791772567
1842812015
1153623963
1671769677
182601073
1083070648
1288993593
1296841140
562566974
1899210070
59217117
449238130
1695458346
1401363594
1906515995
781871540
1011154932
2137965509
1028044522
1348429425
1847162612
24960234
568251333
1863646245
914107832
2005990642
359349164
1286669124
233136039
295599514
959305804
2024908606
2138411529
2112929767
1549194636
173528954
1048516767
690704581
1470370094
1611083741
442431003
1529587211
2060321871
2137889349
783467157
1819354218
772277241
1794622090
1809836080
1800321763
995567867
1509515044
1825281997
1563819200
1225677641
591906181
1422326194
1585026805
1878575305
1655462233
1880626319
690397461
1532887192
1871554200
655843580
934598180
2045083154
1704360347
1625302761
1367969601
1167960440
2067733764
750073164
1080798664
2058139466
1533540322
752669234
682933059
1180678764
415021666
335771175
