1589262076
3594343
139686875
338442500
608557206
1679132593
1157272804
1324420781
337713576
968763498
439915885
347658153
1810305834
1360660825
1335273803
1216065507
369772701
476097530
2141573771
798796680
1365553631
824461785
435998491
1886007803
1852122772
1222198357
855648049
937004623
4427169
2126247806
2018735900
1593689246
2129842149
10939127
1932131746
590915708
1690071720
941920902
1915336489
2027785297
1910684400
207768726
227959802
1573506587
1568429551
1563233606
642088446
1938202252
2039331136
636178569
589515285
1257401119
1460640354
1025513776
995925274
1165279478
100228485
1851573323
2102284102
104655655
1830337481
1973536354
1698344901
1812695983
1984475481
1482992999
256128043
1527063554
277430254
23980884
1407365203
40631006
231749610
1635325005
1614137593
1800179161
1051074963
108742391
1590897765
942922451
744920960
32929402
52839922
58077666
1058443179
1048765196
1223357145
1158671664
752854871
1178157599
1263327319
435708705
1004210305
814188572
100921040
841202138
149697924
357049083
220782044
427128178
381029967
1628147247
467759184
612779577
1115988605
2081896778
265475090
19579920
43155521
1856372855
962502372
788076482
1889302258
1015342294
846154148
800261789
2064107491
2069511293
1958933453
669478714
1100185244
1074777125
1105187419
2104395549
1888965697
1206108459
798114040
2038663621
1563157542
1018896084
318308151
1944187509
499559684
786067336
409483438
1615548289
720480466
674958528
1635128209
763635987
383847736
450146933
1551712469
125666346
1465489228
250382970
925928135
1382113071
172410615
737377940
2051591785
1272595860
1812155065
1009295557
1229507761
1553637115
67920368
2027621801
1444817088
1631077911
899034238
1763125240
1427781772
1398593922
401708928
1837265211
866658563
1122189394
364740091
354303124
1885825381
748587827
804450058
1290054203
874254173
122455638
1540437173
1800182308
1504568709
1712847788
390076601
1408676846
837960000
54748018
270488755
2067467762
1608385133
338409124
1947605915
905718574
1969487035
699156505
521360166
1249785159
2097750427
923069094
939566722
816925342
2045258488
1304306814
1171228467
1783600221
2052894641
1975678525
926170776
779665167
2098134163
319124301
432363827
1455219224
2031972090
822440428
716412422
722448442
877188447
986901178
642432556
338089932
1325310302
442554824
1243808506
1147313689
1141711329
1765168672
249615200
1091978109
540754118
1189181923
1908903451
438528958
346005089
932648270
74645532
251416082
760843147
1000816308
1031081249
711493662
1319940610
1463445077
19229238
1204429052
138401857
735641661
1926877494
1015590304
1722542839
421826403
1353680237
900369493
864381227
450005095
2047683182
2006092556
67690120
149814734
950587017
608444238
1338996657
712006821
1046973197
1685001746
1644655091
1121618729
1936417829
258014591
2122435037
820015430
969508253
1294891999
135976859
988737492
351837403
274378717
1724379153
131231250
1289969021
1299438344
553057653
496165610
52324189
1417438880
946170706
2100007371
1276047788
1013860826
102338457
79151158
1622305064
1441335115
791157979
521794613
978853213
288329422
1643413342
767787394
546344013
1618364732
1587802825
1515852267
765773083
1723779684
357106111
1117610487
1998158401
2081485264
1248841737
1140643775
1233439960
1801899390
1636809385
1285764149
1071854622
435496443
1238287872
200418762
1449357269
1340626329
279569920
924178686
634477796
1070727899
1445973299
1613331010
1359057322
941902994
233634756
1905401335
412784078
1821437581
1273769954
1178557161
1397733618
1630876065
148684000
1248408371
1564877681
1397525737
241568498
650833993
1051941479
1878377884
1936598142
2123796101
166390679
1027402366
176731216
1615747949
220545048
456301136
392442987
855022844
1527029036
1838416286
320870206
738602710
632835632
554504963
496520397
1045619710
228458896
1770290352
76693224
1626192514
1253682769
225377224
727117238
671076803
1622902962
968685736
1321910796
527360793
699579972
1111025291
503673247
865970652
2138427657
680404463
334234953
211489057
1136705599
726677940
1066511902
516250987
417610578
1387382108
1254853697
1050446211
1941887071
1751374095
2096065921
22862320
1374180799
25275497
1649054834
480379920
250652722
228688424
1151456723
1873555684
1197374161
325883872
253432829
1896954133
1436909163
757106076
615441137
1427853172
1437510539
949676090
1639342230
426732491
1676354030
558370484
942983478
2093964609
1945752592
50353528
996927172
1740156016
1801727623
945509445
1763018336
1028424774
970784943
1264589522
1508804694
1221437665
1493277947
512777770
947509701
543168460
838661642
1200942530
292638945
128087157
1958048607
908080083
1555940329
1248075498
1857756173
1047798911
1674807989
1386626556
1606169395
470307820
1333107517
1404438340
520661348
182551041
997110708
174905323
1128060486
612645396
1203330097
2098845429
1877234918
564651143
1172799446
1223029217
1077428913
2120309147
1766197677
1916090555
1173768030
2058836623
2044177712
984332989
819433058
1452634394
84924839
529705583
352949657
1759732829
1916332139
1959119053
82557001
1101956008
1216073745
603218349
1284507049
65700805
778123672
265083888
678346201
1981453769
216445669
408097471
398621264
