968979852
1164197863
1555806365
1856952754
1906641544
1488089849
286715489
55586766
94007479
992087743
1819771839
1062929485
1823717762
1061313166
747271586
134941990
1323348512
2016469282
674576749
892395633
465411822
450455204
250431000
437442922
1644657136
44253462
496951151
1078413215
1573918421
772781241
275949867
395414625
1936979104
1831756232
104883732
1696137001
1172362433
391599221
1751723767
1266369912
1383686964
1424011959
181815749
1059921078
337841477
929087335
1194863068
1661189989
798072970
1869439817
406101974
1263484792
172411374
656532974
1700927714
1817068510
700786436
50395217
747998077
127221209
823176459
1023947944
522635835
612671915
708220528
627519567
161325268
1880582962
1019118788
1913049036
999469226
255322104
1189577347
1181284976
1315243182
1527418824
2110372311
362622602
1041125165
760961633
84578771
1447227139
2024446426
256990145
2103760113
1577890492
2074058655
657062901
1628285710
674573085
784284111
303978521
1698521029
1306919946
916650436
259257910
1934439513
1077975705
2139840872
806074653
843541093
991826450
1061396757
2033118440
25627778
229156291
1413053616
2136000090
591778893
306695133
749478075
676357664
1753922272
626440853
933347810
1710198737
56847698
859922817
219777990
1685133408
1534495902
1004062101
1989111929
1085533284
163498399
758278717
1344791194
2097937912
1836254422
1337148418
756528917
532311867
181491220
1817925674
417946659
207118999
2047081965
1831000275
195635441
491377210
2137695408
945113516
1167734875
1744134032
1571554370
2101082685
1306849121
1628402068
813521854
1526627112
1166051828
200534109
383205565
1007680109
1286067393
546703965
1765958826
483374939
497158229
1454729601
1820523357
1253687147
1987041468
2002014577
924129173
257504480
61649928
823727491
2088504755
257285369
1315104701
2078716516
1202398886
335355928
1675366900
626469608
288954965
834732374
107388028
1102476820
213875838
1273439856
1303010929
597081403
133636317
441594674
1143785368
1899595143
924969613
1640943598
1206841096
598009322
747147097
1046398917
452540251
1671276270
1303903397
514190180
347520113
1244924504
771475549
1662624815
1176157372
1973874435
1997980743
704040625
452860395
139452061
1538772999
560248423
1241928881
1752648837
1833688279
397456162
202246592
1967324596
839050836
1346031961
1719436092
1764020449
839491911
778793540
214546123
1586639008
1825192457
667086374
1110431630
981612206
1181276554
1457951744
79053063
1952752104
973092911
1255210435
1779142891
823590006
1959251060
84519639
963042067
1350540411
644768062
57487300
955705600
330972694
454943462
1157952193
150813642
1293994298
356500506
1870249734
910531099
1195992417
501559627
1125077222
635147777
179268436
1792163597
1745579407
1160880643
825956503
1056047503
1239933706
631224959
2029140414
347660493
262884203
705246773
159427906
347403842
1668288840
1509968317
992171904
1725776141
318190270
1323144598
33235955
1476142463
1473958241
1327230254
1832642969
1196724327
90277705
881151738
1698283954
1215354928
1516299515
1877552391
860034877
1114395274
890949386
1685991380
22959130
2130883092
169732692
2052099544
331059937
432616895
609862669
490487843
780020737
130667862
2000456161
1772192641
1856444003
171162783
947853592
1889679958
1647305246
274328185
1069426564
1332464567
1471052512
1159704270
66132657
1021852819
227575550
1582432172
751921562
1087610427
549343798
1642870948
626118159
572302928
1626270392
795850851
476918825
1957330329
1228467746
1086781494
300334525
2008488483
1217449356
153307038
1633197477
926409711
324469821
433567421
668606022
1971775067
707895606
1738032586
1156755986
31464470
750253208
1222888643
1053317289
977828758
657837167
1805238851
2065439185
1207180965
1300626151
544073697
1779483894
779412895
1339924548
108919071
589259577
420908647
1195700565
889594102
281913482
265666274
1042901140
1915110959
1192075985
1367370961
201194732
1860682007
1191662380
909090338
1451230946
200934718
940554809
54000506
1423823361
1993872098
1031829265
2081660528
1651627302
949784802
1141357845
804769805
1493858499
773358091
1584182701
686299400
882277162
25958630
1107208047
2077977728
915552732
1389121529
196160354
1958453872
1156748841
1388236339
1178341185
1357943573
1101434699
222519917
119550264
405181997
423454635
1060105073
459182503
1847277996
906493523
1491011768
1781454876
410637177
293312923
775329073
1215406983
1787171422
1548687165
652106036
325987174
283480679
678064666
1433195221
213974759
1593617398
674833103
410135113
1404587622
1831581944
1798371453
435445159
1042041869
752322504
657965076
1161592133
1157504501
1081419711
74213558
1616687004
781214059
980707082
960215125
415185287
1391344259
1253528048
1190514360
459267594
893215822
591717877
1111373630
1219202997
875198557
1789438296
504914570
1089173316
1235572046
1179747673
1499308430
492676020
863845969
1150196235
928121179
1905887839
1902518739
1586086255
919996324
912539592
520022318
994209883
381742948
1301236377
1974916965
1341958073
1716421664
1218777576
448002473
759452377
1678045171
1341218296
1351170254
641935153
412937645
78885163
283889802
917852215
1168058480
1519461848
2097599889
519883262
2012137869
813962210
1670079497
792775400
572366401
1425114588
231378008
1492362726
190170532
751400326
339088961
571913480
2052636704
166522278
1913871554
1621574720
1385299854
214390379
233543449
915861377
1555608675
1584713704
1557796531
1968546320
1663598867
1841686333
738914888
684173699
1213664533
689031129
1204056961
1078318754
1502993339
726652810
1871094155
2075359741
4283750
2102472163
1420238819
194454282
706388841
1759327780
766367763
611541897
1925850058
532755669
85632970
1163666264
747146048
319176419
2079527642
155271076
1903890123
1489840525
2123817396
1420005343
1184043210
715248636
2104179042
250224095
1404279765
1160752356
1328542850
759789457
1887405166
1052153357
687665550
1891688917
1007141872
2107904369
2086143199
1713530713
1719748501
705027314
177588963
1498114911
1237782983
263221933
514297527
1984929032
582398352
446341521
2140200108
338804828
1936182046
2116533856
1758810171
972741608
684298845
1715505565
1222965704
2088578610
728774273
