1084485696
968020004
1372852191
1840393258
1509408916
99061127
1730143208
294965361
521042928
1426265554
217852806
125232410
1879024152
1557518388
2081545975
275868197
811225678
457833145
437590687
1020287802
1150481733
1515337833
926840700
505072999
1625231451
701814666
1042439125
1938836514
1970125315
1761144359
87258860
907127363
581680715
1460111051
600036973
2091089631
1559172178
182696534
238571344
2080215106
1608962088
456424151
57963869
1340502592
2013942539
2139509844
1616370789
677684569
449859341
2053961477
1697972371
1600341075
1421815662
477329423
2105414074
899563465
1179144089
1000369551
690916332
1001785756
614030262
778175192
1908913119
1195710977
90802596
361466445
1139316960
1649974774
544162979
1377888305
1582706233
5641419
1834312456
1640670102
1346144012
1700771347
1632696298
815031153
230972268
2082555639
721508982
1928944639
1535413066
2143324644
258790415
1493343492
895404462
1437934504
346229396
1586320794
292236613
960259658
217012338
53666084
8486988
307814934
415132529
1147803948
1957789709
959295508
378208605
1393012294
964936928
65037413
886198748
163597292
1765808760
371411398
978628445
1996781028
306483389
1700137428
1778242020
1841896456
1695978424
2037032435
1187756300
443899238
1327483291
1533985696
2030220032
1619719904
346761707
99748723
1673385989
355248695
407563657
2088518518
1503052643
217869718
900330379
1881261249
1610882012
1865267307
1946298662
349597112
2028864599
1564623775
721008510
860009396
1413921155
1027491900
412663176
1044679527
721904708
2108641601
934228314
1909661008
405057191
114227958
1296163057
287793576
1733947862
1642924764
387542299
1259850203
1998173459
795105956
1200885074
1353742454
1012975675
2101215453
1087520055
476374039
1818999112
886335070
825971152
1700380063
303475197
1546979662
412905811
1717396352
426987914
825568988
614592232
1148892622
786726941
1548820546
911069983
1191784132
1663048504
59749392
1479577708
1249512719
1702674156
1867120007
361879274
1553363967
514742316
1562764348
759622773
1527717991
1516496153
1847142829
2004092030
1188011617
585994251
682579534
740908032
889469448
82075549
1153813844
459382152
509063463
1979382832
1073974384
1657956086
618626125
475311283
421542421
1810410257
2138359787
481291813
1142504318
1240388858
36482321
862140677
1602268133
1589846288
1376882993
1017548833
201985413
757117336
386561339
2049128242
613725719
1574572956
487638845
1296305253
167997341
1377108293
1378380802
1321811185
1836490446
1887444266
1153710369
762981182
1397916704
1772336494
1238292465
1819459125
1435263103
1229168605
153267290
430283773
322073815
189749611
1292424451
1924341948
1779595899
521823796
794407134
1981581312
1278941133
1180968473
1883225907
1892666852
608057781
223381104
1041488457
776055122
1600489398
272385612
2097866307
1289496196
12346230
1104093028
2052477378
1410262934
728945874
1143286196
1082238411
16725330
224971153
1235505701
447009103
547044968
1425255312
1739433554
323903269
1057367563
113773703
1118310403
891465227
1392714836
151795228
627207486
1137898040
759853009
850588591
31902849
1535908132
303594341
304288461
1486290791
1593090537
316634691
442900172
1498084267
1726897625
1171846046
493886815
661652388
1188571376
718857968
1897158089
1635580480
1265902937
1174929753
1227530386
1589806206
84813668
1341304089
560632961
976278896
586535277
712428189
1603486382
1724433317
1472281198
306591325
1756336167
860705682
610185666
2060624628
199512826
55792555
229775672
642412998
1553876823
1956673297
1814259044
2047763638
470842038
855346773
619137959
220516479
343443605
1885040896
1395446233
1570973991
1327363454
1480259901
764794433
1887996415
309055149
1351329710
452940956
1912541532
928279380
1925222154
71649209
537131899
638444189
681834876
450272879
837957015
737627431
680048551
1480370013
144020606
489238201
1147145409
44300597
960080239
2002492182
663438556
1180596718
198452139
400995804
428559303
1769426131
1728359258
1908819205
386736916
1468872025
70390706
1738066626
1921812981
1982932238
518862358
1699551487
2054581448
1055994257
190512028
588932676
1506267137
1028469043
1326560107
38832040
361355408
1470580714
528070241
1508500818
1514881311
1488150480
1363509352
30836219
521263551
1561961492
431832023
949822854
1183903975
12707633
711158411
1570640891
1481579658
781549118
1161223869
1255908991
616997708
1680086228
807976830
524095508
588596837
998488859
1113028184
2094863974
2026957902
292104644
2133696015
240829663
1762685358
514282608
1749330481
1130083021
2002433089
965356185
1160919240
376212992
379834029
1592751263
1326035846
1563738004
1605458896
2037194258
986895247
939554906
671259728
635469
47980249
1288257436
1680721697
855957079
1812352945
121834886
1854445938
777897481
69215213
1733920193
1070002125
55427580
1974749856
685203835
569710188
1576596689
1815286856
424659629
394469226
828722448
800872621
774303256
273990063
2126908468
190557612
1879448959
2016619078
1177452860
671520217
540395158
1178088329
719500466
1828652594
711326378
1575457546
1493521891
833161264
1282419836
123935725
902376477
868856381
1193937850
957804057
696122589
1879141686
1527514246
125235630
1546944894
1952173875
519704857
228183695
605562849
1294008113
502173758
584987669
1484565725
234139070
454123099
514534937
905659287
994518257
1692623266
1625159754
675687203
256465996
1053133652
21725447
1089627261
188069840
145661172
1992003738
1056926222
1339599022
802324148
1753048811
1071257060
182354746
1878284442
470718307
2134528621
250505651
698902002
592607822
1544513764
1201075760
1177595491
881595841
1435214830
1631718590
1396130779
193390470
478753199
941270397
1818550224
1154440403
1197736394
724200228
1176165850
139880007
912270068
1321827022
2131883745
1969196290
513942396
786724245
1574761454
1585199457
969078991
1305562248
2055917764
956123965
1556067899
607336118
1548731787
953098015
1808411878
578843631
1834693856
1096143061
63078573
1083340987
1289533531
541831773
2024611385
960600107
1696272176
1074864131
1684800335
724954378
1214744138
449586755
2046781400
1199144235
271299398
413240148
1985868481
1846060852
1998439605
807463824
1004139452
1906873721
1763587789
412723703
366726191
1164835929
1365821718
27654422
1743679560
1053031926
1123797483
1806758133
2136372914
265847366
201106258
2013500651
1226447473
1897378434
940881134
763764160
474849164
8141624
1213350915
374146916
1207285859
1484650313
787387065
1045670692
1183227517
638343022
1853134517
39883321
397733096
1469238658
452607024
764459287
486590939
1818428742
792113709
82786851
723977021
1915911192
1889544985
712866287
34274910
2090651243
578883290
1260722383
1840546030
1519764424
2024486543
167911546
1527906048
1090353811
542058463
587708259
427520476
1329445528
1633378952
1610747994
1967788550
1339029821
1650631315
218037998
660784831
2103238340
982497286
1147375771
1774183434
1774610995
1230162622
350676807
1543038540
972223959
1063543094
1577313450
915391555
1642426384
690552186
608453937
1014707160
567555081
776365483
395129560
1657908892
1318423946
982837820
2085429369
500385826
468733124
1548693715
320690729
1807762945
1051841382
538728727
321064128
1007596074
1521226013
1468439899
634295861
1148353361
551118874
984972668
543908253
1523342833
2048515763
2121221703
291250740
1543458499
664290241
899704677
410682012
1231845323
1676070161
805811572
742270567
847010459
1788649392
680216288
1347396286
109898868
81426355
1668087015
1917661813
1133267738
59332094
91242294
2140863812
1580558108
1559682193
627676025
581427821
2110801067
1612648694
1125336074
1486660253
1513680809
1099074129
1777910993
909655660
1763364371
530132023
1320337672
847726046
58718536
2126149245
1589996613
905728995
1767314989
122729254
105641633
1877213858
204155609
1773728648
1647392023
1337423347
1833060743
1738634317
1330803512
1266135203
1150832863
1958479537
1847563024
1114150282
1423644583
825415450
453326887
789841744
1924489579
83754233
1699497405
1540370302
613886256
872351429
240612700
672604792
851017026
1830609314
1578333787
470848368
1953338568
1683975421
200578578
10010529
1310220421
1847970601
1347433877
995797516
1439121271
530753741
114449071
442470486
341749630
1962012095
1556620768
1765394214
639943897
2009947656
407752310
416949829
2093701889
2107249715
1957320131
560104497
832117497
50449184
1232709289
1683134523
1881058498
663559428
6499243
1686913418
200051201
207077821
1696923947
1510271623
2055048423
896874176
358585491
1346686046
1427627917
473034563
1789156532
1769377548
287563010
1198293652
1387288114
927506908
1060757660
1795040424
1344456737
1006975901
1754806492
1154293220
1567080398
439440341
1204742404
652306039
2122574864
938317254
1315865468
2129074108
477747024
1515916669
188668281
27187324
878704644
96233056
924061500
1237290136
1442919102
204205770
1710324699
1084591986
1973583318
1997887709
135401991
1213387784
777910969
1196159651
860944560
2122367706
55651905
468267404
1129177279
1622732303
907707745
186436035
127554695
882798962
1124753290
1443420163
864389422
1602500314
811853184
1053057703
1629687638
1690557829
1149290760
406265491
780364317
444726214
610471261
343205368
1529318201
436570931
193609429
1664720192
1649958715
971520399
713396195
363419627
946404457
769048100
831687032
2075581736
244296756
1739394777
114534124
371851451
474710091
1239287414
1815271614
1339099513
694304080
479641150
244673569
176508071
22715331
1393964329
582773562
803079648
1838690543
1193244823
1146285016
1220525096
1629815754
1339894446
737761640
1132290821
163931197
1451157836
1495710448
1110335654
72722288
179913832
1038433743
317019044
1919308610
1152967867
688870495
246535053
244771633
356658461
1585634567
939075713
836299612
1830308136
1115583784
859014943
1076788817
1698357346
1662094592
767995712
744118521
660895960
1988520809
226450627
2000790406
578798801
1358741448
17237955
2029956637
706968249
1127573610
2102678926
886882081
18523705
272214322
658707043
1171491572
961084818
905242097
1416263205
1317743279
343393016
207855270
6559243
26217504
1323439055
865574187
1103006321
874312753
380185131
1871002033
1618431275
1041081091
1712039194
1844881902
894387850
143354348
1056139703
911625805
25827337
1763107952
2039199415
2128506263
502506385
2057723120
253236938
1161213429
1081731044
1214321756
2066455526
350510601
384581387
262364894
558365872
391140631
288582398
1881804927
1256714818
1391588719
608634032
1636899949
1115107104
79581659
530497392
679662651
1924463562
1424885242
823016999
833119617
189027400
848844336
448743921
80743167
829866952
951250306
2138466288
1083103890
2112463735
1072713684
149941998
2031435613
1423224286
534523385
146316859
1981590158
925664016
434899257
1715911437
34895186
1826487976
177061821
1671795135
794111433
256643481
54808880
1473774084
33623395
1479694122
149307435
866743012
1668721522
998151771
1315486933
1749464690
1828018723
119253591
1740447330
763638965
84233679
665677366
913580963
2115669292
2088901652
1448104349
114502504
1923008162
226284717
549401761
1491435951
261179904
228406090
1668497773
1932975039
1022517523
1925141254
1987783919
348807959
1958764649
1319994394
498115394
678024013
841232268
1496267165
1993510946
443213310
1176802241
2112764537
36176992
1940441206
49514568
701854359
706538522
17700213
643272363
7159223
132202717
418796878
233443940
681604478
1910232829
494623844
910010568
1431246954
280115236
1932528091
1208904560
120415507
133852402
1020185561
1440409901
631967796
1698209574
134158522
2128234962
1544236872
577371832
1157553555
1509517762
613548825
950511113
1559032330
1315403184
1657049635
1576732543
1958675547
1664208858
1708935260
229988777
1897652799
243056091
2140221607
244792995
1153066659
1423984913
524908231
938111103
485405826
645323739
1071963505
1505591387
2085733640
1703931302
1056317314
72408514
1684682616
453070538
649780347
694752523
1962588300
1263329172
1645263636
1374136983
431248708
1154829624
803385878
242440607
671554834
364837491
472429385
421723985
607893582
465167344
666516981
1760960241
1889152257
1191425212
551587696
227074435
1836748951
1623551202
1732665823
1774998944
1179998856
641499489
1847407458
717197824
1094570027
349704157
1411950347
909674680
1613033329
909730335
136328015
2044282037
2064559959
939713893
139238997
588631146
1304551384
611668382
1010355131
1912444966
1076835726
1676872112
1525921560
818504335
720813677
2077509256
1045578771
410078980
1553576810
630760946
37594276
586092018
1272260435
1885001735
1303289842
219346814
87222244
567756541
1129021494
1700255574
1477486877
1265349509
1597053963
1394563188
57579755
1736292960
1983194334
1362131139
200477694
846065818
1127092458
1277313420
375454282
505530370
2095817756
1096267959
435555978
993912879
1506346940
1989132789
1624673825
1543941216
427741159
749450612
1281459303
1731031002
968797426
1368681548
151303895
2097818921
921453474
1628790772
1215684782
371023789
875870313
1273264537
2107316750
711580999
487912029
160310796
1557646817
1615004487
1437624217
1933101100
2120534857
1385958325
881885411
408607187
232387556
240748703
250256328
1857061381
1784689920
677997488
459028345
918665575
261544842
1427825771
139863475
412848737
1378161044
1061316949
2041639510
446362179
1432340739
770026175
1719626716
1392173841
1481607174
60055097
1552484637
891770344
1675059584
842625206
677387796
1648110793
81099883
1559273207
2056717981
313487439
1800021911
159490661
23065172
1437228183
837488149
482093517
208410110
1099032991
1909919289
348273586
1511881729
1140596685
1409590535
1406037591
1586958864
694447626
28580118
1159101933
2086621467
1510187292
1219157030
1491622457
254473988
746732967
186764015
931861784
247360112
267863899
343651344
156594445
581351338
2143673255
316085107
604416511
1433417790
1153573256
1086510028
1641827900
105122600
848945669
1990101486
1617004329
1989542355
1252208374
875558272
1429017571
1946656000
904138390
440635856
1885793820
266842034
1659792887
1229932629
521316023
259042206
1416696644
1453177807
506402318
1684560543
1796829151
662996764
118428234
1793018758
979081871
722844745
1078952900
2132655127
1809354773
573297153
90294079
510816795
415914991
1707298408
352875502
1668123365
435373032
1781893073
1467295718
1339511422
75045282
1205605890
1606353457
1734838169
288054871
2127669480
1993880375
1704751515
1433363639
352799045
1241828411
1082709143
1015795809
1360256645
728244253
1994877680
2083101390
1807197154
1980049160
1744972515
233010659
2070343239
108305662
648925650
1630158000
461181164
169565368
2065531032
95590590
1636861086
1257558807
170635872
694983328
716428616
1905474041
983038199
696614448
1751870768
540306066
2129978087
2104669813
1782134477
1065203582
972981975
994907474
1793447836
820376007
930525216
1453161342
652941519
528014084
1686172001
575801111
636319746
187614003
58475463
1097500911
357179371
2124006495
1193091501
1994040457
1234081654
1363727373
541540137
1950510270
1121717766
1524578336
499641070
726104886
2064884403
482135510
683291051
1699535232
1547339092
1656273026
546959059
1193303280
329165386
1477484275
498980974
982106905
2005498359
37669327
1557908016
494334458
225283331
1616383479
1591835369
582462702
1592906327
637443222
429019512
679504333
2001170595
970559649
482530956
975404713
347654338
982172026
1701509599
265055093
1464307536
237317002
1964590325
864162981
1893590029
364065736
2057466261
75271767
1841550012
408963588
1057378672
1699564723
446632915
467803041
46415533
671916246
2084186520
1638250902
1254378949
1529609199
128210476
1683398461
61629885
2129381071
506474462
544160841
957302136
854128800
1526332867
511328087
1119183893
843156756
748645090
936290571
1707319737
494751471
1300356307
1617302350
570023238
994422671
2026265938
1627401910
546503747
325415206
2095204951
592919280
997331452
2031907824
83686535
104226753
1414033375
211897011
1787625214
1475663260
193794435
146616029
2019824101
1151096571
1000744829
1398673321
1662424659
2119928723
94346429
263586101
908735646
1801666166
758337572
61608305
1271484868
1328360810
1056030977
1150267159
808279072
1602534724
1475682365
756000376
47970356
325530169
640424552
131656891
429756923
2054457927
343553903
69898489
1382637540
537348338
216514518
1254977993
1688444909
1217259348
506167666
1203385920
1189704423
600514095
1466972021
2098440069
254696613
77825945
12564726
1526181482
1406186755
1068595703
528964993
66982180
523646779
2004647358
822982556
571617136
182693879
1463407108
703274027
612450802
1370381387
1046827930
682349292
605535279
1584176268
898863810
1860513273
1125137530
2116123158
219197291
181039802
1158343933
819711387
1648011824
1109300354
1074408000
1725837769
1121865081
453105834
984540877
42977136
982070827
1051523057
566623916
839234537
1874505613
1138241052
1021928417
1190429073
1841515079
1634379219
413326812
740859362
169244863
1018862092
177551982
1068108674
731891717
1302689512
1036748184
951089008
1483729315
47608470
1770800395
984257491
1156908824
697724748
562611612
131290257
1150830582
1547152489
174267394
2132901410
451191898
740891310
824652299
178213863
1879132362
1846580716
1368642936
1573163793
1333476288
1781969749
166539507
1502721151
653348193
344091490
423346177
1385239910
1646781002
1460094362
188845270
983026669
1507702832
1959645666
1967284160
517128008
509886766
382412125
648418266
1660717348
1929564614
822685660
1646135110
233272865
1563576970
323303762
411486728
1295225684
22400830
1780129665
720905829
1355877118
1414615766
887445337
711114622
2067963959
1231536827
1134460799
1305720221
730834181
447071513
1494565491
1713860851
1954774345
1306727509
1533661363
324418706
1816614275
1916073488
972836972
1329847976
1698154455
1795522632
828499438
1931427320
1211615954
1151803200
195430400
359357990
1174204031
1975560065
1080263819
382597501
1242692183
1967709156
1093712123
1163172494
1051762335
80689275
321409067
1782596517
527760788
1815974559
1348973720
335051486
975218420
735151435
659470192
644349048
503741276
1632307164
1974197024
54412083
1280346148
655212814
1985839403
344478454
1807016015
33786155
703836444
833736398
2009346221
1784100263
1216333899
1104554756
1604325772
162562375
120243603
508604459
243251650
441652670
143717328
771012438
110143581
1492691048
1106063924
1085362002
80358836
1765534116
1729711050
584100112
1250357632
1556424426
638512195
383220132
64153592
476867950
727698586
1871169607
510654105
1431535030
557422357
372516678
1068151646
1773756257
1477071435
524993770
1936318632
1597315038
1033598229
32086634
2038967708
1177315558
803099072
1627642
522522958
1909162997
1086989644
602881794
1527213465
669217046
1186981906
630087450
78157824
1825494101
1013307582
142311416
154878403
1741006169
2013481024
665532509
1025057551
423419733
1038049187
2093209197
49692342
367636974
470719319
1986010974
1964952012
1504317549
2018097608
1856436073
534149459
673713033
1858063715
1056672417
435392382
797569711
1659554212
1962605847
1466786757
699052470
445209649
1544944581
377062924
1458517232
1687255997
531941327
1052039753
1553253373
1197473836
2077097304
1976673107
88039376
2022822854
2026365449
455676350
346058525
1864892776
273144715
1850376074
1735506736
2129580788
237041885
261736121
1840160855
1293714303
697128503
490246918
805784867
512250703
1957033675
1504837337
957460352
1354494608
1881900261
268493936
894266957
266357941
1320533689
300036683
1463831777
1250147346
129226142
1551871153
1125486552
8107943
2007547504
1471545077
1873000719
133208571
1174437504
1461023808
115305711
1411479389
1722759929
1955466566
557710044
272404785
298229836
1363494911
784655488
107779863
720848601
1742115840
1462274471
455265214
2010609777
209057780
721623155
1183659818
509094463
37971285
286323516
638320605
1589842438
1411810068
646428549
1449906294
735871498
371945620
1583114865
1910309002
1832969428
1698420576
1174304743
1408245710
1506403494
1732014788
1680650495
1804633330
948026051
317822335
1912413193
1668874652
2059938175
1227204016
2124139867
1923064304
1436261797
698279374
959240475
1945356260
736250659
1245563991
436193218
178609450
509890412
1082621767
1628515744
1245761910
1454567387
1064146962
1008587264
1140053168
615083890
35408359
400815230
2121487385
1767423147
2081465725
1778637067
567965551
251804412
1543566613
89356555
164258939
623286981
66012774
2087323244
2059548778
764292149
899080071
1857421391
1500542808
2144644062
146130961
1679152258
507050826
1228752728
1160184355
1752812736
535836467
76847669
613916352
1675889635
691931559
649324712
2076704865
665935296
269264211
2010686942
297088716
837229762
115007706
1840655329
926586318
279266646
316458662
992599092
219106242
228523793
1756891241
1118186313
2085945184
1109950402
1115346727
84592497
641619012
1622397554
1313345225
1801803367
1227726642
1849181692
1878651036
1841642995
1377587680
423098948
343484059
1306808897
1089034244
612748270
1170012192
1386122960
1449978033
1285019898
1079294641
229080703
1564286544
1395753304
1221679795
1783392786
1624277097
831087389
754095451
1562738633
1941037791
1869442179
1647331130
435173155
1344356085
813192707
89492875
424599079
514890751
1968143911
118758426
1892478431
243759211
462242485
1051803681
1332793456
1074990756
74332225
571432768
377485141
1359352123
1650727410
606565844
776155020
898997066
1828245639
412064158
375790515
511849380
1166159610
1938529148
305403523
888118141
1438376630
740576679
84990578
104085689
830069554
509589657
618976440
650729817
628348084
363971224
894489029
1090590569
1415774905
79798837
18097677
1490107130
651231605
395582818
701975605
154475367
1002148662
1478130625
1053472433
682910654
1890194784
1429262948
1194760034
908870746
1220308448
1500163558
1796988887
511201430
93256589
1881979465
615287119
923326143
244085474
1234263560
1574055960
872433558
1598234784
321061341
1963024128
866526041
400860178
1981121805
209149523
1052091784
229220976
911125128
1206567151
1231369638
241772106
112555937
1914280292
2131966890
1541818885
961556679
893353988
614643686
314236589
542859227
1125845116
407493178
277355044
1741132236
1330819321
521440518
827912148
757391633
1393874077
278663284
1078452975
1209414557
1145189325
1479313153
1043052714
1354338848
383921289
1272273690
117980328
1590488441
356159681
359752434
1703044378
122956325
344235676
1097379615
1084513004
1237589664
1712023301
1398749593
1780448891
690384770
1806242771
2057803935
284033358
989578444
431760806
1111945506
1746970078
1825634883
1390608790
677939405
887565792
388314467
9768910
1930618506
1742653315
393690200
1055408549
1860633643
1984178641
1411568230
72902430
1539739371
1534524555
417138106
489635338
471553912
1654727771
54174992
1870303505
1287693014
744559762
1529062629
1198013302
1028593120
371157425
1629774108
2140538626
2118127503
1307925343
1383663768
648583260
48007487
1771978235
658352171
1978625993
1367147902
1052042371
886550894
1080297897
888737364
150635476
1153200327
280993087
1685160032
1570338434
770628425
9230296
1077582557
824803417
1879533801
217791923
1569363179
1261112782
1415805225
450472651
1632270208
898095685
443527629
1602914063
58537380
1827191397
104013676
106544867
1451685984
762365847
2085170861
671350238
1814408218
824238107
1751648136
555661934
974873584
757364815
836655021
512549968
180219601
1607283446
521780264
1257802158
284603216
253830417
1475594082
1853966395
1514943200
743915659
156955399
999729760
1642011345
600483028
455160175
1700548725
280190778
559173851
1807093593
1731876762
1321539698
1744780806
255743353
988464268
421535265
2007391489
1544126202
1396408849
617272656
233297575
1908958817
797492258
1840581022
283255433
2055294416
2125184238
537085851
1383404850
1831666985
2052029051
2127320510
1988622384
904275163
1621848207
441621765
1359435338
1174913284
721812543
1918609190
834523229
306205657
1092665240
431820387
561949010
2081129509
853355653
421856851
1477772063
102280854
1039129508
1711069639
2011239672
1836621766
1404167013
147011457
1744432534
1381867603
684097308
980353737
1066050940
588642711
960190599
907189677
1492917874
434555158
1348811442
704869565
1609468442
2070623985
475995107
296508024
229345994
1568660347
728328411
791295005
1502306208
1581684064
1213151856
832594624
1683964919
104797716
396180615
1547720943
1941419482
1800347628
1694732400
1538368369
1034731583
231346061
371238458
2100782523
819988772
1331429057
860488552
165422999
1765984215
61816346
870292564
1227969009
2132440331
1346287671
1524477033
214302678
767464370
105321797
1005597683
122286931
1687005861
71265891
954881555
1223487132
176063608
1351062170
623724427
2117483090
1003926150
170973180
1508367811
2038657733
402319241
1879606269
1991956608
1222308013
1063551678
704961513
1387731012
682052245
766777859
110539928
1910021255
751734543
1456827599
1287014640
966037221
76808322
1392336437
1971634904
199095253
931858651
2042900795
1153976808
7862135
71480755
357555330
631586563
41480198
1361481480
802559743
1549848009
1252655565
1204878984
1281970631
1097128525
279703349
198038661
1802090038
1667434362
880090907
421384250
1777974290
642628514
1173118793
1087318242
1929643154
2139156014
1164126564
1174495944
1963307270
1363221817
2106354595
1858724417
369714977
2114216730
1930205173
727270307
598319645
1971685371
2088751787
1400879388
1374049732
1193923704
458274724
508536715
143568581
737978074
706575377
1945658620
257928788
1586666284
219559222
2035903078
81811150
1392678015
975737672
2011454304
1384350381
2139864236
1038466600
1200174003
1355602405
997337547
911414772
1725317382
964070630
694136297
305104041
1562390275
518338020
246372180
815786016
1892387753
1440295884
1274060740
253440820
1583864466
2012038814
960016197
1382039438
122483954
399198833
1601598660
10903385
481009983
846793027
986641057
344980640
83659760
979021646
1383447240
1283833763
187140403
233301140
47764887
1912457786
1197371770
741901185
70078179
612278397
1260239205
316450360
1428064413
1005143310
1756746244
554641506
1258584131
1193127062
419196672
71116680
427682852
541680627
470315514
2029281512
552584012
951325497
728590891
1539225069
1296306137
812250651
370763067
532269730
2096084414
557903471
765570870
2143849302
322877609
1962942640
738266839
392955788
427737389
1998506044
709406148
1855801803
856165707
318668745
262959661
2114749838
1511795807
682156333
38382870
1939478660
1223836960
508698384
1821276524
1776420972
1460023882
402383768
1168162394
608846371
1214634419
1538925461
1141116101
1163235186
2096828932
1906686971
1159600840
272222893
1722145963
1897867679
665178682
2399705
1748890075
1374584830
1858201508
457572134
1693253575
2121161169
424838324
1057565735
655833854
463221195
849560747
1879670815
971919579
523353623
1508608139
284459813
925737391
529286885
893306185
2140371811
2068212347
2034422286
1156123349
2017557631
1793625610
168240541
142296877
1368287925
2066108220
807475559
1370687630
1667514647
34576741
1081405490
2125086782
1727830317
1055083011
402441458
637912404
1710916866
865662653
1487473151
1443104033
1837582233
2010826774
804228524
2122042046
789080518
1333515410
867864583
781968681
1254244109
754803222
1938092030
1124318092
400945184
2106332571
1266614969
1769233109
2024957143
2074090528
992437092
1544988142
2108667270
2073842582
1522591276
1689013939
981441946
1925032735
179442695
544875164
643211740
1666915846
1987979197
333310325
1530258972
644724073
307868724
171855842
1978239483
1175733307
953824523
1084999944
1930536529
744432905
61834389
183998065
703281828
1328449358
1953231175
580755323
1255056239
798184619
2125743466
1216239861
724543553
1500851094
757770152
1705985499
1278400181
937212847
103377015
1921611922
456645045
2091356212
107438599
1986904017
588596638
415307323
11276212
419352473
1591040631
965100735
1504352418
1374093512
1709533641
1566186807
1558091578
265331821
747152517
1363839105
846087145
2002208756
14540076
824346963
1070964969
739083629
177714409
1828735121
297585481
1456114591
618464320
400962496
1230242865
1075109365
344835061
1337681464
914529735
933431699
1752988788
925805947
1352784172
1196545771
1890906682
709652942
423155635
1452956675
128356101
1981247213
1718288497
875508619
1197602670
416891994
730233727
1212142746
1241238957
1801198697
1951226376
1418953366
1482450170
101328209
727584309
2100914491
502290705
1957827174
1028540208
847125766
1148024991
1943069943
1780557465
753530131
721392242
985857990
1950075902
464815277
1695510932
225747889
1917771952
1823867034
59511455
1488576801
551892005
1257114125
1905468795
1282125732
321773224
999224104
935840781
125515952
270693823
270807304
226844161
998278132
224238147
729134866
808621659
1252778355
1576260633
1956646650
1048364651
1209334450
562693133
1769756893
47708792
365285387
87088522
1743219725
591033276
2004860475
1419603111
650544731
1345953628
1971495116
1907658857
1103938776
1106137200
81948433
2103162880
2041977982
207464385
226373055
165301638
434308546
1224651188
389539785
1163443412
2033272847
1642318140
592220397
1842435849
543199143
1801554848
257645334
165472389
1849263640
622930721
252560911
1444999717
1213963997
109937738
717119180
1864508729
1455891367
541130648
1624683938
412346495
1647267849
1706632371
368025727
1541762183
1914096756
594398783
1707063821
200921654
1819049971
2096603606
1364365066
1704839170
1591438098
1956585464
1399791371
2134637242
1610656664
1657436705
152625983
1312436656
132883778
405186894
609952726
1346847775
515124633
1327071906
1063872856
1971016000
1868202555
541073146
235878847
1367986756
100221869
603904574
762265291
2014318625
1198303357
321845464
67756631
869869680
270965422
1432121698
427225202
1862403520
1241223514
1827016573
1849557114
704396530
1336969630
2002183097
2016833186
1469853408
259886344
479302264
669217536
775010977
1806374171
1733090392
598543329
1527093078
126679891
834422176
747596186
226901760
1438326750
1509861477
93736738
489146460
1831706941
161493369
1359016140
2102672363
1593615067
1786241343
1817592235
687354933
1465774268
1519665702
1391751463
655260251
1374365151
1261101002
2125113659
1634251495
1740403266
646847547
261778824
1399293789
232454292
860322153
778903219
359134183
1694744329
1526499405
586035943
985587432
888877234
679772681
1474733892
573100527
841266051
686266384
528289242
287397470
325024079
198397830
974752404
1790798348
1718063532
219020219
298574951
944945035
1480121221
276204962
431712883
1073040840
923052510
693491707
324850981
1155506802
1553813861
1103754201
1514640985
1101074542
482769958
2100676928
2086661974
1371647193
632965962
1413912218
1944747720
1474232013
2100178603
325553315
1761629483
277719034
523951145
588898239
2068517382
94531029
807918459
219608685
1039476064
140556032
495813648
1471188947
1213596872
1418866158
17197007
1538447854
426889312
1571010868
494718407
1941530297
524601762
977488365
1894723577
463780089
201651910
380205891
1877692307
2146399631
1854437904
1830387262
324469298
1468583740
2108106297
848420443
2057481979
2029140031
942951472
717916790
101265069
1982427536
858472823
597078717
1306132836
2072069695
2015944875
1323329843
1463033901
295350539
746857063
1957752308
89397188
1271458825
787757026
1984120765
1735238914
989408936
216843009
1465447574
988324919
2071280913
1148351188
1312794217
1392381005
1108973837
13731012
1302379337
990630221
956682484
2020296127
1091895290
791626373
731285302
1688974007
2097759209
655871350
1557435234
1273605404
2118905251
1852785773
2020462467
1929173912
1942182961
1144437644
569447290
1778820078
732192911
1558856226
1995663087
50156837
399697498
1919460353
1198508025
1712491715
1164357710
159998215
1726222728
319253399
1150628436
535421564
192065879
95040078
1327047937
923351181
1784014085
1277323498
1579222531
1193965671
403445254
1550644135
899267796
276424073
1332334399
693967109
1420861718
1901781689
325303539
5570981
1313154267
173482979
55727818
1712851765
2092943332
1254235843
1277859833
1109817394
1414234058
856598913
1429070794
417378846
1392020477
1621136673
512418924
571584767
397004206
148949361
1848908265
1976226738
1342915032
104869872
1379387225
94699180
381293945
564237976
788666289
1802155663
318536017
1113969829
1807726644
1631690284
1287452808
1863454462
1197058402
1232912492
970206658
327434587
195246238
236957068
1184033500
1624317032
654335915
428570329
1097970057
1166754839
1000155096
1494974264
1315704201
701579714
1323717354
511135585
806449586
555620931
605834766
1187743531
1119858907
1394501055
842415547
1438394924
360987236
502658543
922601560
1648440044
218629358
2119659962
733868888
1188836016
299610901
929115127
1425793084
1483644401
405948511
2080128999
1912214731
1503918569
1099400191
764886179
851409185
267620744
1466465893
27642891
778756329
125431831
583263822
1384591095
1313175363
1703122729
631608503
8107262
994034005
992595739
510765805
1916635565
493552136
729395163
1888811880
1227421024
1918231179
40939133
9052503
1196540616
1524583535
415001015
1129185967
1289314618
1918919584
81102510
2054200797
622845121
348723254
1373183043
650488012
1127479584
1498614874
1233751834
364587031
664306589
789390915
996195534
672413851
1783424920
1988791274
1183179657
1552576837
334859762
1912574820
1293905069
1562280786
1683322352
1334844203
1571333290
732379320
711944090
1986334305
1861565287
2001258708
1757770241
1942667798
1907975857
233131714
143907404
1133675252
883619726
1271386988
484806479
2117371560
1635974020
1149113068
759278827
484685906
1821526920
395220099
325993532
857222929
1947796936
660853294
622314101
1094218358
75650433
158152805
281578913
1646983723
890532125
993523003
1485834380
604613765
847298063
1096120973
399797915
607790272
1329252687
543705319
1741465525
65388765
1815092308
78788356
35276677
1303582680
1227901424
794555504
1788268586
901944696
1189775603
2114262119
1759167625
990088891
627631765
233998079
2084307249
703282198
392150884
218402514
202782273
1282683010
1211925517
1688616653
1887296775
2059223580
637253978
139611042
519530205
1966506665
683316361
113512082
2031895430
350925021
192300438
2067172107
1654507701
1420201862
714243963
1295292640
174662911
1904019566
1262071111
1933830536
746624810
1889702876
20344967
683448411
445501427
412495852
901850926
648283700
1695178862
2113776443
189416706
1434991989
2025516376
826670684
1574603031
397562933
645693702
110435744
511075015
530105484
461360766
703375453
449793944
2115868467
2123577315
1164037907
1263677459
150756578
920573826
378264922
2084587115
1667198636
120484151
2104932082
203163399
565985578
369944286
1105014325
1214269278
2065123148
1071307121
1403685984
1352631489
949339849
82873021
779750872
1346902782
728566723
890186617
1857977797
1258672207
1351547383
413869602
1708466151
1319932202
389963269
725020411
436126014
540719848
1645594237
814390936
477823315
1165309225
934875087
435271749
1368472624
1500860665
805216036
326003302
567646296
722855536
1397310423
1971332280
2075487026
199166624
2054205301
707754250
1546069406
635288376
1597940867
1256563555
1893960584
802004602
1670433157
1454943087
2121936805
2060396426
32479850
410579171
453632626
1678074087
1224970107
931455941
695899664
12361547
1366727691
2064372289
1513222212
24460079
242891943
2080868508
747315615
1640202366
1904717141
675318993
1839368990
1811438794
1383073244
1237954748
299243523
833530463
347034655
45720459
1635535066
2017467812
1500663546
1609988223
1930380590
1533143397
2020567394
236529569
1063733836
1098053853
1167985510
1759633501
1110415400
387229553
1676522142
476153965
411689632
1919414085
409538825
1159005248
1412132803
166772318
1834324241
1104018145
1978211113
1069913837
194489245
129970988
1903444301
541523900
175691447
1391495719
411508064
1676354993
854000294
194405006
1062014742
727084040
430934575
2125748579
1825137893
1598920086
1737898432
788069646
1986149639
1266936926
1264223611
250355624
1038867363
1673762436
1409360872
303516518
1840534755
1096201465
1407534663
1671262220
18631655
1602023908
1801233208
1922075956
2143547808
1976924655
1166088027
407572224
1505796000
2020088321
601977230
420327095
599688713
1032911806
398592026
277342958
484348244
2136490458
1065412604
323014235
1255943736
182152567
573369859
147327451
1855915004
1982730731
450843969
1548966111
931448549
1858378632
1072744683
950080204
1312918892
726494243
724672512
1308983052
555935250
1890760539
1716555276
2061731250
1763365212
171048858
334574697
215570277
1203960664
733166723
492913235
1688308908
722173533
1558325840
2011323144
1978117269
1740478407
437209355
2125444720
1448909763
272456439
428805041
850392226
1203904988
139700025
1923136909
6501544
1452618917
502147504
731174056
614118321
1058082754
474450947
183189949
972330357
90332511
354238808
1306905054
305902788
1558199472
2040071778
798816023
1099024733
614761663
209658215
962864229
445395285
1950136623
1400073584
423356357
1251562738
1672530023
852161399
2101954965
728951363
991861424
1877608226
735452907
296996694
232272083
1466626963
911115015
1290354837
1941077910
1094304965
115201546
2031410421
1448543773
1422106601
189829561
859259597
1314694731
988645585
1958284330
1929456394
1198303800
773664911
227368031
1000956775
26254848
650724389
105035866
1698784871
1502885788
59507183
280252587
347263564
1937115409
1015705494
644260258
21903844
334848810
1555375274
1312258682
128443072
502196591
1427460228
12369846
1950740364
702083181
202199407
662516313
2016777912
1190844992
473316996
1798750659
241665145
1246981907
2026118690
1242621920
1273236755
529359431
1347657786
824537979
2032245219
1407164969
1104790566
232025136
1196796731
2120496060
876285394
1218700575
307861222
284177020
383475609
436304295
786373611
1810935838
448674141
589630327
365535371
650873548
1252146641
234829636
1841718541
1725463637
2033580295
2083383686
824961896
1912215337
1178521958
2098198652
294091121
378696097
775252983
178852692
1785861066
1880043549
410877828
835174149
1853055961
1287163223
2053874725
13433536
1571340243
289866686
449737831
210230207
2100802524
898411972
799860534
318854248
1549285520
2052007175
553683884
1243520413
1629987164
439780531
1179420451
307465413
204512220
210458762
258180417
498603341
589154859
1033433400
677456034
227532277
765993301
1088333862
1062706427
471565614
228013437
969097504
484999150
1799353681
1258964190
934736981
2009583888
1212283067
1833148953
661960774
1531137315
1234950826
566484302
2084821199
330987591
48987818
377118082
1510408043
356453231
581630302
1720866805
614633648
1080233644
162538016
1648067048
1757689678
390070293
266576701
698539892
1452776720
738142316
926553330
274390576
1223141466
578423363
1533354767
10394800
440523603
598154186
1843543753
1102484377
2129291501
931010931
1668968679
2066629052
1261998523
1717956498
296263486
624922918
2074409729
877893788
198306075
541559730
1958127432
360844091
42143130
1568333462
750914384
308719832
119389707
56207457
1046862148
1045943037
330598033
122519966
1624366400
1863952800
132914766
2064890003
314623338
1976458520
1019890732
296431191
759985803
541375764
215576595
2021984326
111848614
511840081
499423596
38774695
1389733870
697729671
580334425
1200377654
1058573762
622477556
621227469
1809488147
931197388
740617176
1865695604
1978059536
1786560213
48809989
2100579502
1263442965
1912762790
86010621
1180849320
79902480
2062469141
53256404
376333672
674971296
594632168
591910267
549471975
706480782
1103750349
1048895571
745255478
346000571
1746625243
1325589903
1546378225
657715357
1948067459
20122046
319719856
731781199
760739222
37931812
562357087
399815787
86741802
515452942
1663258752
1999504592
601463563
696624424
2079407072
516449056
749880829
308257096
1191420352
1344512997
900167364
1740892327
2050993780
2003917713
642304251
648765610
202434636
241445846
1974355513
1748812861
899161203
1774939325
1768934908
1218881060
359236876
382190482
1256812872
921593964
782006270
1343554674
1437046906
297781374
1195575618
2038510469
994405799
1127499043
407475877
1744286628
1435756139
1598896229
941315977
188439855
1192304909
844826109
44873920
1834609160
1493591719
247308556
2076055006
1320463585
1996121418
827732561
947919262
1617572678
2046613621
1307156138
1999763160
1155942846
81266454
634285782
352013872
1518313360
932067157
1547589491
1409340181
1926472956
527604886
1816816058
1523275936
1963361025
1268228640
317108265
4317233
313049901
1161934375
49191153
175413
508042446
296499710
2076230419
1828506031
145137480
756479332
628941645
1762710158
655609306
1936097784
1614989670
1811552152
2017364238
101791805
16082376
1388193951
1033858962
1563671867
650050484
812848270
2091276753
319382895
188640558
1907154131
1587611535
505748823
1911471364
1900661436
1667683198
1960662517
1900836849
28241997
109678579
1829583620
1856748028
254816059
438579304
338206026
2017526217
1094188610
126820162
1485032240
758257114
2144184400
1586824045
774339491
1384894703
473199359
190527710
2034945188
1286047629
134320816
206844435
1474688187
2041474947
1794455970
1980437010
1805462663
1547633758
1500636561
1618641532
1300986959
1528878558
1728320112
983086931
1238142938
1983136171
1421666235
1576348964
1853178741
368371198
1703169126
1190727333
1126628312
1699869879
630067730
1900967803
937280934
1103267089
2091495514
824742474
241831070
78332682
1031586909
1716519257
2119807629
678559231
1549472619
1777786644
78709341
902625532
1248944528
1379696300
284020442
829780992
215299583
1522163381
665433516
1636965819
951028697
371128609
2005337017
506714176
1561855942
984481681
59100407
44440024
737965837
996381341
1147707113
681977703
1821123816
1389538183
760310385
705227077
958573792
732634366
1383786309
360562763
362937362
1462495650
1263188296
1611881890
694708303
1547208738
294179235
910007886
921888471
959612751
399490057
1872917169
1330741360
257343426
232147697
745113654
1241825108
291248104
789553678
1979790945
1287629445
1937260791
514285000
961269613
1179315326
1274595385
1666496691
2137889118
2007229751
902799352
350968233
222683465
217811354
1614156529
1834565355
912519657
1013881620
2128744590
1822527544
1935770091
940873693
74533953
1661203612
124131405
331877380
1893351309
869245059
1573702488
37115765
1658798737
1406009785
1324745211
1448575880
1920294785
138531176
480407558
1047406522
1805027867
470813028
907152625
560343571
821781262
1129836090
778154926
288454143
816917797
1690674583
1302335763
798178740
1365718479
1090622207
1739052433
1440252433
604342171
1863183839
1772129813
350209833
584945250
1198348653
387325598
96260340
456874790
1712070809
1544836220
229685927
1850601986
2025243779
1277092449
1508146205
348573159
36761426
2068489777
1170354421
1166597516
699161055
1458808565
1983515313
242351990
613660680
634210405
1608070470
1704282887
225779191
900839255
161141411
2088963030
525485420
511351244
526424632
1723834073
898676842
622684972
33225215
463264004
20037545
262911142
166382342
2045281324
1540003591
1674528547
246370835
1576765017
1595534676
1416725257
595878885
147212083
728050174
431910550
389564074
1341710854
1066120956
1997634544
898510094
1291900147
750990151
1059651505
1233379529
1276475571
1571002749
1759804161
852825996
322195943
235005486
886051211
785459947
255043031
1148962353
951842289
152840707
541482296
478887189
399211542
2118247313
2074421865
1815936799
566642550
74150301
396503325
998553100
463714375
1738214180
2064674056
313865271
489240626
1209090555
1064855422
1548892131
294986436
193847345
972411232
2054790598
1046673341
1294607175
142312436
1932724552
2080067123
397355467
934203257
884425764
550196174
1475685553
1363312953
949407716
1446449218
1290251171
617860868
2013091768
1364401472
1014364193
864161220
1828115847
605094725
781351629
2141981118
1094335351
1990442184
1059352892
495743834
137944973
1253200237
1468155066
45251923
152389930
615278594
187564359
2085114482
547862069
584919826
871834091
1432287833
1135116000
200035996
648117139
2084523716
1646485214
1938368310
554900936
1512093334
1155286134
1569265130
228770906
835918333
26876207
1010122535
830415803
1121211559
853081072
1889768695
1616955393
991026045
995485284
937626812
1036277968
1147875214
1552905406
1223842327
1085506048
2100767475
1808762153
1957340139
1385571660
796394505
9892487
2033688799
733434573
1656377701
1824573461
1288335510
1020987387
832375947
710116992
1249758293
1668294280
736993199
112397181
351226435
1858204758
965478253
93511482
1327676504
1956504298
1088996766
117819668
845298618
89388332
1670725074
2069140945
1174894380
1624008901
1730419450
984750871
862096913
379330307
994643358
748302065
1112764880
503537411
425391878
253616742
1524524798
1257767826
963733734
626799444
778578458
1700726934
739196625
1129804894
1411448044
1704674878
1223316376
591640900
1513695528
164829495
709460568
211510498
254217827
232701994
133167795
1429112208
1856710895
1863587245
266379431
571324161
95433904
1261022790
1319626226
1208198784
1764560201
1745018104
1461815527
1141601352
855302282
278065613
1768400796
1633880741
1978792547
360113773
616201987
1242756944
2064788651
1839518363
1834397844
1431000531
2004347858
396374765
1642511029
111082038
629076759
1775678824
1540194246
338304007
1491782421
1806573677
909628168
1587216325
920112819
81770746
647931461
537189373
1826788850
2109746988
1678790725
534607485
240328954
1299707873
21004578
71637853
1659821646
637206565
1314394797
1577126649
329241280
1001308994
860643532
186105491
1397683759
355670913
297187529
2026760518
2131349737
1837381775
217580877
1475648510
1496471804
1127209045
915381187
269100976
1208979791
1563312648
806290349
888284994
1525575989
337597426
1422892479
1765904943
1637305299
1443897057
1837542796
1149643297
2081103622
1004453946
579286298
262861254
2005762940
1439929830
448966745
1255963051
1795600743
746154274
1135239921
1779466832
436052401
1352820799
1107631694
1932524206
332546196
2023012881
54141534
1541525988
1438841881
860431883
282327334
816934222
1198029309
1705219813
435355517
687850960
1001633222
125414666
1837494257
935253196
1129868612
269296907
1198114450
988147904
1709226737
1647081196
96627307
1357343832
245751822
1231867228
989327016
681804224
437204379
2096958710
466844782
769750576
1972487943
520986316
163792916
1263846176
1381418199
446120250
2080780399
431963860
3856415
368652268
1119814820
1005489637
494066934
809825429
1940742833
1623935546
1079122336
991373635
464599802
640865425
490971183
561227109
1998209257
736723006
1793094338
840052625
1418527230
82815069
789527687
1885372012
852565645
614531982
258874680
1016358561
1878378158
1640292879
1462478811
1811674909
2072256739
1466335226
32843530
1044587911
324341215
526910464
1854413340
117600400
3362363
786052028
1108974036
467962165
1426917453
1599945219
1029189275
1277643062
189184577
674799965
2117695687
1607711807
757615034
759739726
1345600171
1610180680
1374271708
1604474851
479055593
1105166218
1097284082
1941534405
769357480
1022057173
1260385983
802201010
2066645084
1584727199
1329111474
1773574776
1702327599
1332473837
412143156
663817987
1800436003
1839060609
116279559
682141630
969220023
305464136
1356941595
939432062
1913175944
2114556629
1699171788
1111292467
1577253661
925959848
568283671
2056309255
2031126067
1665567753
1850360012
652999899
540141279
963262347
1455200909
459302715
400505898
636828735
85393844
2102833498
1969302573
497537000
619167837
1622254928
189113962
735447396
156912910
1158333985
1040911533
1513854505
2097766048
806603829
1480927486
1649454188
1917896296
910697500
427930389
338696319
819523107
311572808
2004264073
522399471
964572707
396921704
1485661818
272289968
856224419
1886167717
909118703
941618263
1841517567
730937628
1439155264
313201756
205708908
1628269226
1048649153
362621818
639119563
2089560686
1876476323
589401963
748680867
1209920162
91372504
519093515
2120617662
519302893
857789835
792657121
830875701
714570260
1315056592
1795448408
1111491964
653234762
2067738376
1967716383
391918831
829373431
761850999
85952750
1560311060
53522615
399154507
1766019968
1681791841
1447803660
2128641787
173427756
1389880698
1857634462
762829720
2138561565
920070976
854202224
510171432
893204990
1373505117
1367961267
1685862111
56897170
2082531527
853435055
1852345578
1046539843
1506669818
1772600306
866772579
1898588649
454490089
1628623578
1984541400
2014801149
1682146193
236212259
1633337470
1216454386
1684015919
1614495609
1389882142
926412969
1324646423
5228214
917490886
97233752
859430438
1427662318
990438742
85451907
648139938
528817206
142349077
583187817
1382252261
1994694655
1629727661
741438431
1619811313
349016592
492543433
2074301403
1977640170
329601185
1941618904
1512302715
565813444
1427472726
581273453
102345715
894484687
1971155595
1028758684
71647463
1976383810
1946249570
168881215
688330600
1226428240
1159319957
773782508
1874568178
1688137163
916131585
310272348
922905777
763342593
1940000009
1664344208
235670258
141532953
9403993
162488013
2119173123
339005178
2104106918
1483992190
904818622
1384095996
2065265643
1007164337
131097036
1888937590
2035923021
202744499
1717837752
1834688943
371625714
258684705
913633536
1530945671
1032467213
640718066
1071599187
1948598798
950990414
1994504964
564457743
743506775
1511365524
800128002
885039728
1520769518
962616015
856729203
1859774696
919239285
193237745
617109671
155851634
111019740
1624274008
286948670
1999957331
1512713382
489693169
1570311435
1199918677
861318883
1828996140
2113552213
244780906
713979705
606786632
1316380093
515094856
1557777046
1163401409
1079552599
153800174
527283286
1879680601
1038839902
2048052804
694812969
1895569106
1760343852
1614052254
2088806851
229969875
1769903888
52342944
1854243884
2056852558
2052300275
1219473618
399062079
1475128062
271908647
1260380962
1156640555
237977213
1505161869
1870620260
844763845
674058314
238231468
255057243
1837459724
1317784068
408857417
217259362
1049981021
1447697320
117828518
1744793990
1195782778
1878172370
1211362597
1137105981
2108142246
833782837
1189448925
1814902482
743151748
1094265552
886892452
1142213827
421909967
1158801099
255111142
1578550522
1396778312
1760273011
1301687134
94058509
286847677
1539918603
349115753
2124307401
710219023
757973170
194083115
1760200044
58186842
311911633
1357510387
1253969620
42600356
421389336
243591954
3258954
1255172173
1433040879
1818161436
1998323921
379822784
557570240
993054101
801732751
1716371339
1248165243
232799625
965666004
860954606
1534486759
1059724513
1147802283
926921714
1408840266
1124626037
1637140737
19329789
1318709152
1249857134
77516631
1630620786
459883873
1331486252
1673221142
881273209
1575078206
1676480096
2136445382
860635437
1347157884
1987285656
1240458221
1904728124
832856109
2042190972
1473615815
2081021352
127506949
291798171
794492310
1661993709
1351522685
1942294593
441431775
612879303
919436982
2078572513
632209092
90662487
1180945999
709725724
1721283273
1640829872
2041211976
1247020767
374619433
1468806534
776017215
363581167
181958323
2123175099
203383175
1422416545
1880419575
1036239284
1317123869
1206551742
969776988
1444630819
1498349914
1764269298
959140880
702388951
1559080244
1400572655
1315268254
331033578
1331661520
1947477347
421696065
365123871
509719423
2142979338
2005953743
403447751
1242516457
233089528
1872254285
2018533672
596670696
2054212608
1994225123
800053871
1329145505
1727161050
1836293156
498785727
786229145
658586496
1943416546
137095411
275372147
755073778
839484362
1834452391
8162785
7268968
18002321
1339824306
1954746315
439698387
1704948177
316982090
435194077
1563418273
720429841
1677710535
1796507801
445200478
1548760559
245694849
351929439
1395502035
1045748721
1681074944
975179437
734558229
32377023
1761408582
1393144725
1975793569
1898503993
1668516872
583383699
590504707
1355485615
591546485
597773676
1373487937
1931370791
405036343
1813186324
1488835320
722018434
100896753
904769945
1442448275
1778607288
553794099
1887648754
1179884200
799488948
92094545
427902587
1845237669
1773169489
1403082024
432312250
1805546513
1017006959
1825456976
1633856434
768027304
1346490200
69756486
1358532012
554492168
661302971
1956305688
1927980105
445190114
213858383
1593682781
1934025434
935876817
1694579534
691311732
230841445
1325703175
1245105831
2118490199
358103727
2044594779
63101096
786006314
1742348801
1836270585
41604690
27177403
1494333450
1058611649
1852634379
980706237
1826638954
1051640932
1050462723
1037687318
1606133100
1711765694
846509358
1386629557
9472160
1060367741
832828690
1943497594
1996244559
379924576
487325678
79602356
1705627751
1732431509
50608907
2063731478
1629542641
113710003
702254144
1224407794
1949980588
743858835
1251585197
1296830391
1802470484
956735929
130052980
1481625790
2008376861
1180515703
371829460
1467026313
744797749
1218338818
706172222
754269909
131222912
1539000912
550283855
2127467471
1918925488
1037609534
59586179
1477069592
622557395
110195086
1393317422
104616388
223905089
2095571567
1329024182
26402029
691946754
433125732
1323232420
346933590
1389861661
1453285400
1828559381
1250754874
486317455
52905193
570297539
1231115204
1271244012
1276469761
1985385113
1402466924
667987025
388185321
1382450747
439428865
1425794855
1442036926
1916498457
2048352250
1552232012
1162332232
5484991
1776137101
1110420151
1334509173
1802539130
1802366905
1767634905
978287903
1816847
1010012918
284089655
1830376228
113284144
770407111
1883281422
683581683
2001522315
1007041786
1960051444
1839423781
262025062
480554821
80125454
1644475809
919983687
1505920309
939029087
688998496
1406788911
343777451
1851330728
1412273902
2119914552
814267231
599299428
1774970034
469150488
219450685
605774289
470967336
1229463604
889863945
153859916
1342747748
1660271056
2037141338
2026329432
1514309723
896699476
1838897228
1206249856
1158724538
171968402
1286375310
655716699
1091952089
644811971
1594745786
1780950585
2051600883
1938523237
1484797666
1316391137
1910954141
151581249
1915690565
1538440528
620731738
2135141251
2144214817
1091699074
1217121207
886595114
1245558990
412385307
399382522
1135216681
291231091
1913692246
2031916157
2130128320
972458454
1043157048
154613074
111350117
1698873747
1246565163
756162088
1146135886
880032100
660279323
937175475
217346118
1976670461
700645969
368927368
1744877378
91602849
989659106
1732534981
88334018
2081358180
802172540
974929133
1179433522
1214557848
1374311655
167166555
1505788939
1140520253
51599065
1488433611
2112978708
1094756113
1643046685
76845177
646146212
742128200
833007265
1792282098
1622160301
1493286589
581973926
1839506419
1322473402
1282619895
60950139
919867132
1374222744
1050609245
504918466
1462556762
984483777
1307091006
290002247
16433652
374165206
1664313903
183600207
1879954146
657350508
235199272
1220904109
622845568
1329955385
716467147
699690745
1976101598
1458595347
1532698011
1620900048
933272000
878500952
55390326
625294772
53490706
1338010221
686244911
973357838
564749317
1736854157
1478276304
2027306080
573854286
637883663
169824679
590287938
1012048869
1834138582
773888146
744519367
344005443
1009087418
1965423477
966851011
191559156
534406976
1666541757
20177106
1993002323
1051756120
1641077154
778790676
1930257072
1696467481
1404085448
1983747778
886994054
2090330359
809621968
1451743372
1679700868
140414625
1331565804
106071507
778298288
1501390483
696359445
1790347157
1188045418
1470247591
387382877
1532050861
331851362
205322706
351418224
523410518
739729682
2017959981
543587624
585248357
922232453
37181130
1364039033
705005877
1733648611
620640833
541270007
473159018
563487545
1350891976
1924902390
95704765
1491306601
1108984546
201776272
122121241
462891381
898135718
1912468398
1650936799
220899661
152367627
1035504012
552751023
357690333
1386922237
1076161541
1097420015
1257398570
1619749165
1682668373
32147376
1656930296
899223758
737153253
1243095259
1519864592
1278423261
1716254277
2083352137
481831589
1493673019
31573254
1973138190
455173917
233349527
2095259431
918065299
1131485245
1860244181
421518450
1352384906
2012611809
1457022463
1905135930
222818494
696461052
833813823
1320238510
1953859622
306079341
855423235
1986006998
1963009637
1754646993
575676604
1058621248
1127027937
1854099865
627391878
1062896426
188447806
2121064897
1094469681
14102348
428755167
1327819208
2109361779
1346820466
311820805
1822122312
1768338916
1664205711
1687250473
1077877731
1421857993
1910068968
1774338783
108188169
1082823830
1580714758
414267510
1938247065
1419238108
229793499
1545410410
1994914712
1288414747
524954700
1701530929
1915806625
1587851126
1889978735
1889387875
534837159
1904081083
170659394
1862656367
1865959214
1517479860
26993524
1540597879
1138335128
1691199236
1080364704
68729212
965573581
842950024
1843067995
1073761750
1925773854
1276299105
1488029260
1716537271
548053566
1717822759
1114464034
395484630
858753859
1639418734
2097015560
627076836
1079786212
1839510647
368981063
1614623372
1596108083
539640457
1329796091
1314583649
2057120317
1356789616
707697880
1047971798
900505204
1788062585
1116701010
1866078785
483528961
812285357
792356888
261819168
2088584463
132902500
1978356439
489154381
1850725260
945336825
884639011
561995471
437271911
834170923
1189072307
1517058124
526197923
1558053371
984197848
2122306006
2097693828
166510291
1289406007
2007330498
1523299907
1997103888
907818648
276321463
1637682825
2024519658
2142400249
2121211786
689321367
787273489
235547306
630422182
920175989
66420098
1119576563
623417601
1011756923
2004215575
1185413072
1449028835
690902850
227001732
818603311
1217100773
1785055103
1802801159
1191923131
1735265283
1969311450
333845491
1595112133
1345127710
183465731
355447133
1621449173
1821148556
232483143
1616365774
1794876694
921804511
256155615
2030424001
1552226693
1176331605
2096844099
524319609
1799749206
961117374
381051536
837678631
262662561
1071954386
1064680363
1081265872
141571512
702251818
736583383
1333494643
290033453
558411186
1667340134
1885145587
1903538896
1850805865
93109072
1377504421
1524470773
325592216
846386548
1171863820
1247396727
1102542163
1054804173
652139772
131390120
1004164624
1176459381
1931139327
1965281998
1557510917
621334310
80460912
481981656
1686014673
1161726784
623553168
240782843
1898310168
1957047811
530816296
309237706
1476904298
268478235
65292954
1180226515
361587308
1442797375
557213641
687179524
141700275
1729077461
1934576251
1244242439
636397986
439232375
1375632559
1640562610
1615691757
1159288238
1458360960
1025719026
1780622548
1538821872
1507700682
1319153573
553065009
2131253850
1559936416
303891529
1940818014
2090752713
613129235
1270238664
211747300
678422189
302981531
573334608
2121219564
860195172
1260514132
115436192
441788985
1047606735
1359678631
1078186971
1486839111
587827542
571265933
955047220
1747115781
2029626894
1980766246
1380254681
1420965118
1340983281
551924607
1974030127
1324753483
2111861023
130438008
1118087849
2055130088
743567243
240842865
119393741
1421989432
543824397
692728349
1395725349
1404019569
1953242482
1511161541
1845808555
853365569
723356524
776511878
192721032
1311184066
1347777812
1147768252
910816199
1229921058
981050851
143587233
503402528
174550484
695511840
329949008
1499303967
659889215
460387016
469908169
567535656
1203954260
710751034
686929397
478460044
1254575431
1379657746
1874185393
511111353
1185416580
1237863286
209436260
2038782150
1961219810
985948138
84019534
1124920229
186242302
1231787787
2035736428
1416163360
65354990
31840013
1919565889
239905474
727351853
102031249
1739209441
1387241069
562418265
61633962
1954776725
1766372525
772384997
494222474
97348922
2026960428
1873880220
1971534315
390588133
911813153
1061913954
600024393
803111655
875650116
1585972532
887131189
2000570345
1772214834
2118918976
1888823126
1040894547
36790318
1920663139
812976788
276695792
500531345
915008037
2015905234
1887772414
1477426302
2077539196
1695065491
1096315180
702440545
41804317
1193664102
581917326
1915684537
1017714769
972505459
680014042
2079628723
1572529853
1483125697
807795192
1011018737
222773239
660881889
635749923
194208567
402221367
1676644470
230998886
175400859
342137610
507694678
675932204
1257145647
376116264
416220970
587088302
306171813
2111286461
1683403482
1008612358
5607130
729583936
1590529684
1921291667
1747298705
415551496
453822062
1679443781
1988081349
1936947759
339755325
851616438
12237350
1000637214
1487366361
206445918
1402858582
1016527184
437444804
1578259441
1358664794
945139482
106707997
468326794
1321255747
522928967
1055415096
1627427560
486731780
591334930
488556270
492338910
1320918866
2079085955
266146929
920733923
347153803
719968991
452694056
187751504
509433103
792449381
1039367942
521670453
1793086596
379250655
728116371
1048461530
1395777839
1165561175
479237323
606958986
2110700658
585945320
1075285780
1284472757
1108874287
2130700876
764416669
1595606067
574552158
1252972939
2087944977
1895471024
1184575246
206608258
668721299
1531729049
926577250
1121415356
1719480553
1436010353
1913864737
611364847
1957680806
1559467685
990615503
538313530
460445567
238909694
1703874705
939682890
845868680
1667091715
1525628210
1921154460
804080824
487018849
1904371688
1568497493
2082624916
331440198
673986785
2023086245
79427574
1858562031
82210856
748148874
1242807433
1008788106
1869564230
814804338
297314811
1635945319
1426169186
107511969
1047929357
269301041
645825499
1508374924
508210735
202216557
300574167
1354079416
1869308272
1826202377
1127750228
525905449
165737579
884638269
2094402942
100878847
1216078467
620906079
2123965093
1295506042
331984463
58692301
2043654916
1574791896
1067480407
1765735498
242112586
1364795218
1254197169
1668281772
1472307187
154642878
1937582813
2118132687
1663017803
298309901
172865596
1963591970
1652389317
2042173868
1642310699
632655897
420595669
1808048278
1517294166
367514964
1908927126
585888986
988421043
1885408571
1881395028
1320405506
1944100872
1777566296
747713754
864097631
1395818146
989826341
81409201
502531667
510624465
1553716388
657174546
300723631
1524365427
172708701
599033532
1697231023
2136300671
103939201
1591921244
1631127722
736595098
2012516913
1291692353
106405617
232548229
1053135831
692294603
1220969273
791060754
426205983
393891131
587677978
56288631
1141604886
1451775609
1452106777
2131431227
1533184810
1954638444
494572044
939417550
464329342
795295675
316299330
637038043
1394329207
2013530353
625855066
1498268408
1457967949
109499141
87379859
1323001215
1401191494
