320593916
1206889220
819609719
1248974782
1504353231
1231037970
1386336091
1730885275
152093851
1035713028
114473950
748563169
426454373
1433684122
751231269
1694319496
626191883
2116895506
1509353854
201539139
1271139889
1701180469
1605033354
1136383504
1253020426
687610080
1609234874
81094106
356809716
876592389
1874071355
677403633
2083481610
546197426
1926378415
1440351193
1777235396
1165230859
1023752820
1929329247
53460239
1138226770
530408768
479914612
424427244
1281640038
26750460
1050619127
1251051896
1536104314
1252158267
374708138
1089801135
709707973
1511091642
195337913
1397318053
972842868
276432020
1754127769
1849435258
3019727
284047754
1785433220
549217154
62942522
1078300765
178968902
1228173381
2102053585
2108298150
1281633620
1092796708
491223270
1761548232
1517223952
1772863308
1788298693
420359432
876431557
1176919359
1672517699
1251139695
119236847
234742024
614747689
314574760
1632060077
1587590558
591006780
1238704198
1289542168
594026508
1522751953
927491740
1143243662
1585694475
2005792505
1322212564
666384208
1960362442
1283027066
1948017828
905675502
1774250337
1562082412
275415807
1399629997
1202897457
695775239
128577906
232333169
220809290
1379717601
351570016
455551314
1994465291
666144776
2087611391
1434572201
1257151557
1178831941
576630721
1851178065
554100246
1504122461
846938079
2139794721
1362431318
21666995
658695281
1175310112
1304694062
459229461
2080985615
931460751
2021311874
208917774
183607100
1076725683
904693013
312185007
1309058852
1125502303
1691902608
1660628868
1581053617
1538884251
179289997
1521181360
825972804
1436441554
552529653
1402603525
1140135971
1106629900
759242338
1987074050
1098940973
2121673656
2008741045
1757636255
1149500121
1165951459
69382068
1083002088
2097412210
2090693942
1291919862
133535663
1019935978
49129227
445720670
181511182
1174631530
2137623278
1842140051
608201499
1529023882
2021430048
2129382859
207513038
1310387954
534428864
1610116564
303040277
1641058764
221875254
142630679
592516090
196065263
3888076
202668697
1345565384
1169839536
272050765
281083824
1119768098
215261060
1573003686
1253303761
1235197038
1622132913
1699024431
1416708220
649280795
1689164062
1111364623
1257482294
1070704296
985311023
1239381505
1278217334
148215329
1773810369
740850250
451255606
1267385486
962725505
593886285
1859901576
1158790768
597774362
2062570273
356872504
1767613898
187137390
637956328
739898348
402398450
63476366
1993202110
1637595488
1685609279
1544742893
906820061
187406426
1086423307
2018184684
1444888720
9643955
856012060
536786577
1287861290
1004227389
163113298
2028711540
1455482996
1430498784
843953397
2049369281
1142916712
2002744165
499659995
1058003337
212133021
119790245
1245140728
850089349
859688594
1647539178
913565715
705407056
1137651019
451691346
102666301
2044471080
639097772
1189089609
1915172116
2083986492
1198733564
623700528
473289421
339111206
1627927918
636402720
220339099
935927266
2066901504
1064292496
837812899
1062334569
919553014
1337472895
2120337906
1131686035
1457263140
1217994986
1981775385
169468086
718050517
747857452
874875142
1855701536
1199548799
977541444
1752688968
1838646571
19147405
1520377436
1775149416
1217880969
2144077965
100955189
1556992176
1624522235
737357909
1777331275
412965853
656775766
694140123
1250778752
1719110335
1613693137
440767999
1691964593
597895525
1898031140
762475932
432187262
2067499226
1480526449
1180044714
794890721
1188744337
232109865
1772432165
793949657
2070756437
1791579570
166843445
1698422205
861976891
163437762
1799377394
271485419
1787959997
389251656
2048816694
53442202
1046027422
595473170
1304220955
617654109
61682659
1744988954
162135054
659578184
1495536446
924610986
1091765446
1415552025
257653787
124326513
62959098
1446398124
356436378
1835391263
92864133
279709167
1479487185
259707579
1978131372
193980428
423145341
1630025119
465465848
63621691
2019276775
366798894
117063893
917820549
962272064
1421284848
1535474658
1023954724
1018790155
1697609712
1683532908
366842953
474737051
627814707
1782394978
732390838
752141220
1845354076
31305315
1108577598
1533261691
124169448
1388286766
865265228
383877027
1218934490
1059245657
807022369
701475961
1524711505
870644060
573269088
1891510399
987707953
1491089637
706298816
261509154
879080647
1730253540
1280299309
429206712
1266302800
1647142262
903943763
1894117507
1282053593
1636334601
498775079
979924021
1667639916
1607352678
365702065
1791809365
848155796
1230967293
28202744
2067090286
142729302
835225113
621082600
1667440807
1705869173
1194351688
1411467559
546093479
537957678
2117766375
807602633
1417038325
1700536267
2087901942
1846245037
819355419
1587560556
602705152
565989279
722130501
91556106
1064764358
1702054523
1759196022
524633388
2067756588
1403521739
1372789184
1151240233
1431724484
1292395823
1293969536
119465949
1913478423
813926695
1825335123
960346463
77910606
223944954
1498304141
48193333
1031547587
767858819
1748729600
971965881
466620208
420601372
412042789
1069325361
986590651
1134173291
1160881467
2051355009
688744166
772593841
428504750
609017106
28631933
1801293934
1760257339
1460356417
946206109
906743227
1579822366
712200884
1720669923
1257673841
1672547348
1798580529
1481618795
1023367841
1846773863
365682734
1791226660
1448019815
1337648615
110363221
1868621187
1749691405
1179688582
707728190
736381048
193086401
611599552
1425125214
965680242
1040104302
2034142320
994312175
693914588
1646916011
307184944
1640120698
406175591
1887007311
204837934
2126845514
997197504
1877385282
1777942395
331332652
753269476
1477232610
697015386
397012488
777768778
2034664002
507375709
498906317
1636871759
1687064291
1206634508
225769159
1880150692
1818234060
1650894373
698347287
710854714
1537553045
1692659462
1404769302
1036985408
1999844407
897406352
1443160999
1739368070
1102244287
1422522865
589081926
832145921
1052981613
920414578
1585415397
382730575
1617429965
1982427886
1160499353
1504610319
342319947
1659405671
993998430
2029384239
718556531
1219767589
1762051283
389306943
723178314
312914922
1100161657
113247711
2005574385
357447311
1150233119
1857935144
1254853664
445910471
1449819566
209614303
1868433336
2038901492
1041760224
773931301
811832423
479691974
1156661877
281778740
314636212
169677582
1786389059
656956159
1829083253
632903841
538856750
400156136
1852671430
153424386
789463079
428366096
466339308
1889624736
541613807
324430045
99588400
1691846926
34881541
1354442064
2137757397
1484701107
1564056367
1858707086
1376118952
458332943
485154739
40467727
938024917
1641816616
322246467
1252661129
1811494199
2108635526
1909617289
1493093804
594055719
300990391
1893249941
299243501
454414777
535229372
727609597
920754086
277370461
1269223404
1245184131
376958861
813586682
1280065673
1731400925
803860432
617283132
1147973644
515083870
1993402084
1606306587
1000238609
2033869811
396847857
494571578
208632630
1649508986
158582129
169784508
1411642627
1651675933
763840227
1712633019
1397442226
1063083728
19564148
1932671599
1790693325
940318234
62558412
912433081
38018718
439517273
1726019764
1318084391
23434550
382396548
1935367523
1171408194
897480418
1781285960
630231133
1897719027
1667672123
1027078990
244806957
1876304754
529104329
403389086
2046089262
1940746956
2055065020
662445842
1505896327
1305023598
1725529570
1525460476
1090211549
1368739248
318295062
1152769961
133688681
356313780
1592287234
1859708445
1674398171
1615721784
94621345
1462282047
639646330
992101763
1096084359
1269877464
742337143
616272834
149472806
987144100
345093940
678577135
1390533187
243699555
471840444
1298114559
906145397
1977736771
455654509
484191319
1355713599
1545866059
1852930567
1674008662
551152372
1986619249
2030322442
2143439607
1698844046
1557236966
1611677743
1793465392
872035365
103840426
638083507
1968119724
1373717890
1380420650
436908910
1523190696
220081103
782002851
54284184
1610614290
1025702406
526124628
761245201
1931847803
356377751
1216899710
268555474
1712091351
615282121
2121486042
1238616365
1166434494
1960621643
1121455159
1162390453
1511982041
531208477
626584548
1157963785
1403243842
730424974
1796047293
1223879918
2104142864
1028984295
1660788829
1479849913
1249065398
295308032
1534134097
712196040
1321010438
2060258725
1473441241
1105374593
269152828
542857304
1373930067
1981244179
1158139425
1347932461
1072376896
177090271
1161070456
46348408
1339480724
525568850
577556885
1966065273
1683532635
1980800728
549006599
1332096280
1057196998
505665816
213596928
570502179
1985515729
1462662326
865810211
1372166178
27374719
39337001
1284941255
1500815960
1144711594
1554094083
2043673264
371158014
1387854615
1054329042
1719090475
312747863
1231419313
732677284
359096271
423416390
1258246134
936653157
241998015
794295121
769970237
791004614
2126391402
1827167235
1296670430
192504682
250185767
1134702511
1655167008
1115995978
359385041
1682541727
1155332980
1644326296
1035874040
152560926
1050936732
932063656
523718940
291307699
1986392698
95325768
604055562
1070328364
828003052
963151834
1493744754
2086249186
1899804991
1735742769
733060659
522291580
379263735
711968413
201975167
1675934166
904473095
452160934
663153029
412156456
1568156913
1022538071
2094698183
576006245
519380719
983088575
728567171
1570317451
1915152232
1252286112
1861625150
1754061282
1347611880
318197065
676905998
28131284
1281348899
23167104
2114380470
1033670242
1758909873
699957481
1555961822
2138173609
1411925895
1757936989
1666624127
168915342
62614276
182293508
581071798
1630771189
1204831579
528286334
59293786
1724212299
1511374909
787860957
1147046102
1279043493
2040147069
861187605
885621128
1240275301
1179384670
1562527126
1268406585
313249921
1585694231
1235303407
1346920163
1197120456
1935260889
755398337
1187810417
1199703136
365851678
706950896
1368618478
428465954
889244405
1949690277
2059237143
2094075984
330492963
2118530929
1670804635
1841867872
758908239
670367090
973427718
651571660
1531554695
1859048846
1891846962
563455717
1274092324
1012769899
876705638
712302907
100589659
76142153
1909423364
2035850548
831540490
949750133
1088070036
1197392168
1656701030
309204866
1625858123
398461787
111411495
1537611618
345054123
441904458
1508658900
2015858759
136288683
120083491
538742201
1109716401
771655151
2070296896
821281599
516018465
486268965
2095373923
1528788365
1362974603
660193183
1629378024
1439116756
422132899
1517744924
123173598
1371883032
458331312
1320565766
881100414
767536178
798940241
1279562201
878947674
189068212
1624616325
1320852132
1697727112
1492991436
1457140815
1817810603
2031733637
419373568
441982106
1954546885
1240655167
958000572
293332202
1188545443
339305289
1656306805
1848738626
1968683313
947939913
123387877
1338944589
1071113511
1495270909
1797275901
244195629
228887676
417328431
1043135871
1508449877
1296276105
1232204083
985582554
469644590
782447547
331090342
1926785405
452774502
215340331
198675326
894756608
22403568
1439330493
1852757180
315735770
480392288
44578821
1972042575
181647266
2013262134
772498840
305035143
1204723075
1843612351
1800306053
854515328
2087807981
2029193729
1271843760
983460204
1390159958
420636217
68180639
228258865
890280807
850628186
559349207
669582565
1303402688
774689539
868257891
50675648
797093107
160104736
1903432829
1112828878
640497025
1948011650
937387805
822144291
1813790137
1709886646
1127179435
871029564
1406015349
780001840
1725544893
1346339682
661711921
849905005
182316238
2051871879
1270541222
250496877
132647096
13338382
1101125063
691996304
682920947
257044103
1466685843
1551178838
307719752
116295302
1711283574
63668933
1229124180
204296951
2011680583
19028338
1026441243
1677987072
1728914984
6137030
401532989
987446685
786138870
2127077882
186302720
1447850791
829499239
368618958
1352239022
2100040461
619115836
1484886119
2113378843
1720240899
29398775
648816142
1977285003
1496084618
52511332
137521107
1612379920
1763794907
201190040
694020453
1968091858
65386975
713048791
847049453
1743374048
294480127
853186483
2144907037
1281926812
1639325353
2124501271
1468229532
939692496
806516862
1836848491
144447871
759073675
308480679
1629333990
724968871
2028721578
1658732765
1373785013
1858522933
1007333735
1426296346
1996044040
472230007
1042607605
49750432
1166250460
863215815
115137408
1879299251
1710265269
1858511456
26295730
415968104
1855934845
1308222543
2055293458
1832952468
628968427
847502306
491985682
318333270
991950177
1251059357
626813949
473800519
1976028228
508051880
2132533284
1202329594
219091165
992383371
481142292
67651558
1464613379
1523749897
117401990
483380191
239482064
232539398
215195795
1949747333
2091050854
241491525
218231790
1799502051
1549714068
126041600
1484970871
31198848
973543906
1976956553
349532118
1965494084
1080532263
976346068
291810955
909076843
1484397948
276860592
2111406437
1703489113
1269243963
445065081
1771140671
586373694
1968814978
1888542662
1069753886
60813395
2121082060
1284949681
2010560728
2064649267
1526441206
81308870
1716667670
928671627
207350470
1054154894
959870475
1180894377
883627799
1309402593
998904813
1964160062
138265013
1290715768
725753258
1622662961
1567576360
689676047
1178668427
689336676
1134741129
802325450
1275710370
956072459
543384464
197980608
1016885854
516982877
1482930289
879962935
434148496
861887848
961271805
3332518
1790559475
1168622276
1057487412
602946302
202033005
1941115212
1912348895
1200937818
1757791626
2050613909
344169938
336061236
1525793222
1911746299
1025737284
556978001
453599327
12994765
1359303452
1729309697
969067224
1902687916
1927290306
1985953079
272187145
1262736947
718432366
706335641
2124624795
1679704171
709668160
1767700622
700842799
1767155572
223163276
902875804
1560787136
2135512172
2103813622
1171095115
2038642433
300499913
1507156351
1416952007
64762564
385409987
1973930009
518361891
398404752
1185749813
100187940
1367471977
940954081
2027478246
1205941408
1213141227
1142731546
1924373774
1919476868
1119872693
1456594297
481661380
740089668
9953449
101333305
963252944
912829253
1662120441
951281468
869159228
685731908
842440253
1169659141
45404612
111908613
1234421705
430814599
2085838622
1752783596
829219352
1124104787
1852971536
49207681
2065058868
1732966135
1255149089
1130716447
728214033
1032039215
902709668
1848086726
341149864
1384371048
440692746
351103313
1485704353
1403945691
1263932567
1000341147
207743511
2133091795
1686073055
1050183765
1155267288
1731477667
1162092378
242205345
14808619
1100447352
1994988941
844027971
77068491
1700476829
893235652
2142127359
1285959316
901093
1125360159
2014173349
1032940308
2028069827
1714776428
1374090172
1264957227
7985526
1725193486
603177933
1411931217
841642405
1603519080
1619674729
827250552
1142108487
522374846
1982517840
726102507
1684467224
77239537
740911126
637430928
2072228478
1584939097
714499419
1625221659
330691101
709143130
763697328
331592194
1834503289
630387029
1364532502
1715089468
197679809
591139026
832563048
205665336
168848864
1435740981
1617596553
1010491269
891776413
1089787634
1837741821
2033884900
1612162480
1672776013
612503759
1149146056
1750015550
1353414885
1786576984
1674760380
790870334
353592755
1152498392
1121561435
1062735886
1916195720
1453153629
749755527
399099101
670202483
317361348
596778911
1261341510
1149924396
802444247
1430190374
438181729
272557152
293197996
1329958142
1362344787
2130939817
1216359394
827023619
1656232183
1828863154
1976169676
1258764085
1034794391
1615263012
786040818
1825664726
1968855768
1938539210
799742513
884108006
1707251282
105412495
1633863533
2106350383
775614978
1951224881
555645646
2036956488
953665629
1358089893
1319663215
1391847358
1630647046
1612861211
574321852
845508185
1596317380
1790681247
1672531804
1105065915
1472060753
1501217832
216346353
359371496
968997197
1002387171
37552574
790369317
793442733
837295088
1674477323
353210367
942707583
1160857208
312077102
1718322561
964598442
867722749
1607795402
1918264071
78328994
779974969
1162627782
1708976040
245352532
1736949634
407000577
1841669912
1380147233
2079532382
799252180
704724338
1433266566
1015598533
1064095835
254780115
2017985704
1101648409
1045149432
663944789
1938943497
572143107
1017155156
734167432
1733000316
1329232258
305006346
550115110
49471359
1912801748
320895533
127800354
545293069
1483523315
1836776394
790645601
1072989302
96293324
484831865
305652887
28342058
1284084045
1010377226
1461608624
152198930
2074473061
1716388740
22700986
1028637822
614054524
686645775
820097672
1186197632
1703800931
1554265104
771714300
885549542
1859271450
1321829410
935020901
1624589550
1642724943
1062821255
22398971
978764611
752114002
813044572
2051753913
848407326
1297876438
209923152
876749384
434476835
1220300378
190874360
586675766
1147289791
1907263100
609376752
28443966
373833977
1296022528
848541638
1560031609
852339811
255323094
184262261
1737889353
2114594545
1506091671
525426607
1591700447
1001332966
1588247862
1614099419
1980097577
192878216
279660343
1884367842
1041285542
1577536781
2094290995
1918034926
2012013617
1167107725
2108909287
451205735
166913869
1868688739
1060582487
195357835
95039068
209121367
1043899473
1655070677
1061461179
1299222567
1839332938
651866884
1266333464
1197940961
1177293491
710550264
51790280
618057706
177166035
2031887857
810935922
456826378
1768772052
1852221465
2034363160
1715579399
1622772743
1898893129
735203476
1584198382
202615216
902117345
1305403474
1263197703
1097475180
1400442542
1472319071
2141374653
908029572
386296602
1293113573
599878862
1038163486
411963389
1797819824
67973330
1122513653
1849610104
686031036
1299679688
1734014313
1496966958
1756506067
1355302717
1201704775
1643385579
923398468
676993871
1394795060
1658601945
113708605
1597410276
413235642
1419112079
713124331
1510710823
672070974
37959754
1504601828
1580100546
424256356
650231753
32495760
1462419843
1062195143
1830315584
1530393173
37225148
1532442040
68940561
1336904837
1118972706
1565907519
945927256
326791775
620128647
441829187
1250190244
1297122518
1836624247
761308541
1410831123
1286550875
1174544183
682459555
1999675206
537771358
1354530529
2037634961
2042373187
787147427
314407669
545121292
819643187
1776827512
1607316435
502475124
1159737037
1644541584
2034917164
1228677598
833962773
1006406222
647101470
1779890029
1333197998
1267230117
74235568
435904594
416868987
1910859815
1197213135
1827700110
1049927042
224273670
362676017
902118600
762045029
1717206546
792269913
656934568
356870325
1106677583
1202055860
1176513513
736021447
661888648
1678988637
1895758485
158946584
1566422153
976952435
992909357
425344728
1624053905
625315738
1758542726
743800374
699551306
46963672
1160669361
462927473
1244176807
840885824
1512854515
1468450477
1203561841
267489467
83011858
773284740
1059759381
739946426
1130155065
18953316
1942002287
159184930
754974763
456407287
1838173567
503249600
615353871
1257112073
1480202036
1608263228
1682456801
956772293
86095318
1293515879
1700572668
785646624
1340479551
713758381
1248574097
437172710
1554644205
613944964
1905623187
610722399
881434431
1988635046
1384007139
1941193812
581097824
366678556
1960147128
375616463
525863487
567638244
832023750
216553406
1070887844
1447377621
1473665479
403606232
908157201
1008638632
1360378526
994252519
154670863
913467546
1779899143
1495150414
1627225927
880989592
1932323124
1034386485
1494934556
1690462664
1645108884
228885340
1531614062
881632375
22595504
2112711886
1248310931
1982742633
340844702
1774174418
402897229
1172868452
1990727825
1473785073
472762426
1316909656
1877391306
1380919627
178064641
1090286184
227688499
332735504
2003753730
2007587642
1827885919
1483496009
741093587
1612725395
370398846
88544495
1155704411
2015507730
317429835
539834825
749656457
340025340
505063064
1997967389
175284325
845907766
1624658159
578181554
2018776218
1467902336
2051966627
344054996
637328345
1781874285
1724974624
815392986
724676821
1952663123
1148128490
580946903
1812767117
828530761
2064442913
406377056
293772509
287358111
494921552
1449476920
155382194
812351387
1989311746
905038651
1152376727
346891162
755522392
1327661052
1192798928
232696904
1905842606
1064091498
1700599240
1810325586
1408146495
190443937
1444716223
985637471
1005836923
21909397
790816946
6481766
602856300
456100415
835012527
519815565
862477472
1128785036
807173677
1357399024
430778309
962555871
22266763
272606407
1867594522
1174643491
619497569
475633267
354820895
1812296497
708330171
113179854
728904347
261445763
1923505440
2137050842
451889701
1220738015
975204665
1457726624
1242647412
1766021611
1464208390
1845503713
74638379
151737270
217835630
937115851
1280522306
1025009307
147031227
1711300615
1987565178
169297990
1983907022
1707676053
1343941481
455920943
35825672
1698762377
120733792
744155843
1811942231
849638140
1005601606
1587964023
839205334
1457491307
661218390
1814410000
767734284
1903865803
1432947963
84459026
1601885868
1507586342
236196296
1819721498
297218545
1516718603
697247158
444249772
1080535570
537328688
613547763
916958945
97521093
1957489244
1372879888
133346765
1508767973
1493613681
877502608
1173226556
195768173
1883104215
613706931
1034973507
1193111874
1274925322
701899859
1960846158
1031307477
2134847823
2045305185
485709697
1494950517
134017833
157947547
1792169063
1650736436
855194705
88935187
583788359
1392523394
702482950
1500747304
1490044487
512488547
726143544
1623391253
2021256520
72273577
353410213
1046999429
268041750
89030780
1660706360
1303015258
1282142655
788148034
2004915117
1095505165
1819455511
1992279292
993326702
157681560
1339746162
1127344536
315629108
984431577
630597324
1170823813
1073366764
1214385683
415863559
1775849715
567649339
1905908047
140854614
1293792884
1381815652
14627486
1366066461
1735225865
1061626915
1634108212
1824256646
574849628
789639822
958915653
1362997662
647071291
2054420818
1034969526
491866936
900263873
1192651086
1831613098
2027608409
1508280194
668561027
510722085
531620360
1741927791
1725107769
947483919
1370293858
145273460
705908318
1511148472
1439066344
2087723970
1525775959
657649158
1675466188
439919226
144273722
1352239186
1014768854
933913544
163671191
230282869
1580984835
70608361
1265252395
2072851771
970872234
310419833
1756981221
850996995
1818700028
278058600
1361719081
202836740
2019986392
939343202
1150320659
1242796602
1084616662
1856228978
606461427
376199359
1796469300
2132237386
1033848517
1324451840
424672964
1178122239
529207378
1439441819
2112035783
692878569
1669724688
1545536970
763486931
787493435
1470905094
1734359165
1097913268
1080402667
437872513
769129648
1358461268
1799591594
971966388
1230964012
591451148
2122287048
326276966
1676067810
1831032378
932738393
2052267169
1480018030
917492131
938632038
656986223
1342165096
2116754277
1186193601
634123267
2081306412
1879072171
156364307
1479359735
495075454
943857742
802781181
81950971
2041771010
1883183848
519823484
663417011
1094161468
171931430
1635383399
177641832
763382578
1610186799
503918799
291966741
1293735529
1436657192
196750262
626269912
206665676
1135382301
1283256135
1548830772
1104652930
321966088
35470391
1038475695
53554611
191834698
370351782
548630065
1135692440
1173132963
630581037
1029979802
908833163
1150404521
1693396813
2002994632
1322335952
1181296565
33152816
2085718530
643999716
537071615
230201623
1937735246
1973728808
426951886
416521510
32910836
1562334187
1699777645
1581741608
519503469
2021743733
1617211999
1557979164
2075298345
1809046697
1928330946
476444762
797255489
953980261
1107025799
1827235291
1862813425
109946673
1373148457
1718324409
1432282625
406961374
1751477225
1370517507
1050961090
141065193
1600719131
841212688
2114794001
2027671017
1257734198
221189
1442521556
810028195
1581962797
1962025025
684288281
1051691148
1372520542
612102978
713254197
1153367840
1088547740
1510509686
2107348102
48089892
1190261329
1822677879
158036565
415926138
1393518640
1590319190
822887512
997512217
813353049
1873848603
1138577410
266588532
567577643
1105887763
146775901
1825311842
1106108952
1589297457
487856389
540588101
1403838835
1172144670
1592279249
628875729
1784247648
158049798
1782243569
725311741
1668559484
1742108023
773401633
711337166
1417302254
931438198
1127263304
663337246
374273740
1950150817
1660849464
1187626789
1676515772
651943226
1454215322
96609767
1757830990
1600991223
1921921609
716456294
1042805033
262294351
1257044396
299160220
1434439021
701839997
928035949
1071203022
859889796
562795870
1796514763
380965632
157420246
422432748
1092302798
1574722500
1353870946
72082455
90576099
1728144686
2022233272
1751425563
768287827
1551265396
255885141
75019501
1647875163
2013716131
1676010725
1422313125
582688778
571332110
1684607476
1839733174
870492330
971562849
394089523
1798528279
2042765871
1253979319
213840501
1691796986
1634944952
371260747
2114229734
579764102
1945983248
1320617032
651846557
2036559347
901278070
526596181
1640501262
1669565898
2077861577
1896386403
1744585399
1578253093
1762618887
1273112476
853082570
197824017
1844444586
390206398
2037557191
567453268
1361769247
284163066
218497899
1257051471
1538142386
432338401
801364809
1025603690
803599148
768110896
1605367792
602098748
2088727928
109730702
491174447
842522351
636326883
2131675709
364604601
566704813
1880578465
2109190000
2144957906
1495713704
1234818829
850556828
1693537721
931779767
1240763226
1583611264
1499233036
455048825
1867774330
1717730935
1712100296
1258433068
2585688
365981458
136553110
806184837
1134092354
1741920903
1408283585
1075336634
1851651605
1899458033
1917858985
340494840
1883650094
134979938
907199653
1616744911
96686291
904673911
964974967
1331505120
1755230739
511029040
115801239
848510317
2094640304
1615034275
1303559143
1814930987
1185281563
868175791
925880407
1187867251
1234157249
1062433518
1994052088
220765955
656870773
1254852026
1296102590
361038730
1006826411
1066477927
701533570
742992857
1201457866
1608733224
212254121
1298144157
365923487
1177229088
482165629
2121154227
1688258129
597966868
822180896
1635414785
65517496
2125740039
1302862124
1250799059
846432183
81258884
291182662
2080589432
1143692402
137751103
153871740
1800563175
1392603129
1449974330
14118257
251945892
368968609
715651827
994938749
1570426475
176901403
1207192870
721086984
542824891
236938311
1203252613
516495470
1925196440
1801219482
1338676366
1413127577
1866736978
1316932758
568506054
970052389
15881293
649764938
1261235051
2096470725
1793457340
1398986154
102858817
1446536867
644105635
1552833147
1460655124
896051527
1921801757
28823303
1890990277
1344744584
205724707
950699499
2065831569
748549598
1187637810
1121600534
1265045068
965350602
775336368
456237786
230994532
494589698
1773170544
799500586
1464642087
1789051837
1449265524
578393491
1738038915
1095239216
1977379645
1840897732
394292435
474001633
1246247232
1854947559
1370053160
1020565341
1883770862
1113559789
217826277
2089495569
2064259289
136174198
690561519
1104413451
1257774733
1955606587
2069764054
2033111101
264360726
153274938
380217152
2037531270
952775524
1844859239
1679099460
254557400
275769082
1269654727
1349796616
105665080
963068811
1744089051
579666713
61832395
1451552962
1949719873
1082397736
1187840176
915796015
1300224014
1129852098
832571656
1436398212
1820413617
1936985107
546689297
1628536557
1859265513
432316751
1892897283
2012540451
812533903
1782944905
817832327
509909494
1314560717
1072389727
785678577
436731796
274702695
891343657
1399800608
2018791746
1471010370
1461633003
1322861060
1273246595
396547092
363217589
41558962
1696771106
1493069687
874130618
985685670
1165999656
663632078
1532374968
647052565
375413943
1964691719
392466200
240470747
629741974
27927458
1058303074
1139651468
1342488175
2130692802
1925330045
1779219972
257911849
669190054
1031536932
129219948
2140200424
345686287
1452081008
1265963372
742233379
1815298597
1307522334
291520837
1160884636
34169305
1277206508
179400645
697801383
662097828
826453210
1073215326
479305899
1218919411
1313686073
1109047873
1246846869
224505500
101215693
441851396
207714654
2026545739
73587720
465626503
548252145
1105124652
594846451
540968922
1450810940
2046927460
1806932294
45560671
1714742409
966970980
337081509
728143398
1001140285
1614288017
907544043
1698941668
128902197
1733997253
624673347
608208096
805433016
1938359420
1717255969
2052279885
15381272
1818471662
346647634
223095926
1697533753
420235354
688722430
98302251
1525360007
1283568881
639271173
828687299
1183012693
298719819
874247970
750271455
1265690799
1211329479
1478414853
119347437
678133848
238475248
1818289105
807036045
1972472501
295478804
1415244141
630421870
86354577
985016462
535218107
101735849
656004477
881865741
324831776
206054582
1302101096
1013554206
304356833
679977455
149639439
943628006
1508664754
1332652133
1242347825
235429076
2082923588
360554977
1446758556
1413854793
479902414
2124892404
1652330041
150707871
784444802
1477318894
446186676
52205295
2107740764
532541253
1037221758
495475224
634277102
1693226235
1377340965
959108878
1899280817
531958413
1972663084
56154003
1211935868
2122302524
999782009
573116974
1307471009
94646187
808546051
1242910949
455201164
107820959
509282094
935103578
85229715
14128487
1085811449
869674517
1491447381
1531998125
921879813
1451704498
2064539378
1959101571
1947179722
551332833
1504844158
1177037039
1510441711
1256641327
1708995453
1335621148
1312795330
773447673
1310440024
165093692
1346564648
470427385
259739879
7627051
1713338334
714941043
115448010
75136780
1650044621
200677725
89265267
588372422
1070352243
1580712648
2120370548
1992232056
884933498
2037426278
1803849979
684629572
441275463
1161210489
1861666612
1951717175
270368168
1423178417
1139854675
1583163499
49142442
302811051
1748257191
1395707090
773238436
2007997070
1403334141
339093122
575454465
1518782151
414229902
78015438
1719459877
503495169
666387860
642328472
2084207817
639274760
487076880
821657668
529217391
143443211
1506287240
970492854
1304653700
1220470204
774726381
1575021868
496164973
1914581056
1010701719
545307416
69908459
611475262
1941014506
843146895
471988684
1196865000
1182240017
1047443149
568163503
1596469919
1125458587
140139732
2099965088
1791846448
782468204
2036689258
283637560
1269545084
710863278
812854951
1412988295
69666870
1783347806
570158347
1290137075
410590539
2145180216
1786302048
177687948
1008398287
184125816
247596407
1619873550
2125140323
1090743303
2091862234
1174521675
125499672
991821736
1742685178
1721969592
2117280323
1882824911
1674451032
1761643123
517809467
1563656642
2045280684
1787354552
127036272
710651987
1052859199
196703143
346516145
1623017547
1486840218
757106685
1620714115
1125658618
934794633
481628754
1309784435
1182391040
2101502304
1287441110
125650695
2045880891
314479137
251150368
890218979
2057164315
1973119960
860015654
1792505578
1500087344
474175130
162831398
916260339
371972166
1950185950
1043296611
1082624153
855561501
1239999754
1429140299
331095400
579356324
38763336
1951809515
1705014943
973557969
285954622
867315730
8465361
239973278
7273192
134116057
138370521
321752329
385266425
1028589500
231432996
210902737
1888605155
2023938575
1710990081
215296637
39286325
479766772
587268803
1989472275
1523063384
1669892956
697550128
615579490
951549607
1028645529
1194935815
990312943
832971396
752467110
1963870912
1118926018
1619782840
1972336274
1358899297
1627056032
2106452331
1497269818
1948808361
344235108
378375671
32757709
555137845
119497178
2056696284
118644278
334793815
2095982609
598411051
922062618
1937971236
2121474435
444471926
488037717
589570277
1396021534
1516683246
1784506092
238850829
202170994
389489554
55238094
1321097013
2009272394
2027574368
532512662
1488844778
1986543051
2029782480
1290169491
183294511
260674503
1322927201
738432356
380171681
1232139837
857076634
714965496
1180638799
1455487685
1637028114
971126387
1429478472
2081500041
1459164104
2019048750
1330037927
828363702
1656071194
1568888756
1030534697
2045560749
1624126850
204148062
1907349495
1504217570
736660724
1248710626
1343276973
618959556
391396469
1526571484
879634060
1714323670
117520192
1259805741
798979860
974596827
1974771238
1979618659
282600864
1464315704
803261398
1712079337
1398332097
114941855
1583644439
580886376
943305557
1092231985
2291485
1973840254
990309086
1626418335
30504668
750174934
983152258
767165392
1998885560
178945583
1386124949
242798381
1705517068
118275361
1957122052
1823037260
1378081102
608618264
650150439
1205368692
440753275
932751304
522200749
1244014673
497346993
1920532846
1358956528
2080991432
353935575
154778438
1025739769
356227060
2128618692
2016048856
1982645395
11639713
618740142
818314005
778805105
470142054
997259589
17446406
712940435
555293009
135721767
522578839
230846621
1513802870
1131197103
880997061
571687914
1571950378
1813748365
1093888663
668481404
163611710
866937862
2027437932
97119494
1220873437
34732722
1122859263
1577100497
15867767
991424471
1412262244
27507480
1610164613
83092602
806312585
2080306667
1080352191
823758992
645763455
1635645200
959480759
1168342294
1866491821
325799981
152055750
600005234
897487896
1724006128
266269951
1991376559
245003884
429881661
710830773
124958169
527001155
1931704210
159690891
1649860419
1361321059
175558658
493801242
626099656
203066138
2103965856
709192258
1009378724
2036788875
1789544449
1833137716
535068682
1277706001
645134827
1703410977
996714174
970934809
1855466727
1596719409
1868422705
1431989207
1862989360
1712315616
1676993092
145387374
275662742
1801951261
672388529
59883304
1961642152
174765300
1421204364
2137200811
668566543
2047304020
192783301
625048751
609012630
1202162025
514353978
251073431
887816093
1049422661
1528779432
1532950921
605349990
378009958
356402082
313333069
1974729367
77341139
1745322276
1690235080
1789656755
1274831720
1835622454
2065319497
929299333
360527335
2125202802
743457838
535292636
1398923518
733175001
1203859179
1298743890
925958302
1828907930
1907756520
2128120328
195778260
11346303
868452773
1245200921
1540125735
253920046
1850550911
1918135693
610322128
16400332
1745381413
687663267
1761722609
1288132845
329836375
889070681
976271651
247672224
1818370015
1336798986
225391378
414344205
1872091622
1624314896
1147519206
928467153
775575138
2073477508
609891435
535848010
2054114188
805669696
547194313
775083314
2050870617
2087320048
1029003360
1753937881
1857972094
1639325489
1770338213
1455869859
179505108
1384577174
596519056
509341483
126164208
1572790707
757013708
1944534223
762106045
982405086
211394780
486714020
459236335
1358913986
1415181173
1234811473
1284907846
2025072609
1770659484
1191538387
683258657
170370149
1966621701
586645626
110206550
848141413
193099859
1968178644
339983254
1963438073
1276564855
519488363
1200531599
1873083911
1028829846
1326695807
1298390970
1785843554
1123746382
2060497015
620764993
1335141162
399727387
1080001328
546571500
1814908561
167329153
1831479347
1692497522
1937988637
875534086
228272531
2108358787
694672139
814918157
71081689
1542813552
1008018017
2039260333
1882796807
823972442
1168341540
254801522
2024504041
893941803
1283631368
1203716201
44849125
921991275
179978935
2105346140
1542756268
1515120098
357589880
475273948
2061691598
25014793
642603101
1745687297
1717512315
433108091
473737735
1945784846
393983230
1168409874
613219355
465064919
563739779
1621237372
356841604
299052938
297726166
1525183144
553854460
174746560
271641299
1837485828
1378462761
316490424
611993455
1558441696
274352916
7266075
926078146
631942796
482540023
840286097
656957589
1125143125
438489746
226986256
1558251216
912227482
25287454
1952234446
2080637356
638506810
269815717
496893487
112260534
626657321
795946425
409986701
4356817
1349800885
584733261
275998116
1039803066
1963196022
592488540
1651796521
1374154070
866841456
1659062597
152748569
1498784253
2141602620
993034666
8258194
1119262097
1431524412
235244451
530029665
196268246
260531905
334780463
129421955
899038715
604596180
626315442
1011299250
1231253501
1422261868
1421285951
1235610318
624579105
2006019212
1511608434
1664382171
1821731586
2104096974
1168695045
1048402008
823454783
680273994
1201150577
174755388
674392966
46701595
183013582
1793655064
1478226008
418258033
176201081
1674494254
678789939
510981545
1803916209
1577828654
1115577725
282748004
441644256
199347579
1705009872
1862930207
1434957897
182105329
1721465771
799082684
1846487501
1395713709
755696010
867698898
296632070
1579150793
1547972892
1497782647
1753906181
74882210
1544484243
1936919764
1868537274
875226603
207694149
2044738356
402237209
886484088
408236253
58669771
316829095
1523813978
341417775
758473351
1723161557
2046427647
473919911
1010635807
81049328
47902034
1809718491
1927536829
1443615744
417930853
647752079
1740247814
1997081647
48241323
1090546813
1603504180
123123534
487547408
1392940296
1991660808
1362774011
1600634446
1888915516
1765011221
339634886
149668121
1823680992
656463981
1673482100
17615119
1414937333
1249160009
2064042766
1888857244
112312168
2145092094
1936759278
1922030659
1925145276
1232891374
192477865
425413707
825655540
42075864
473655031
1916202354
1645580044
596778565
256266114
891036693
440955725
1619040126
344187491
182387594
1236567699
683822377
332055715
912765043
1340286359
2005537815
930380162
607740044
1107214177
846939280
349113640
1219526345
844547726
138389270
994073357
622209354
1371280645
1186551222
1047623062
49452537
1228627086
1521278093
1965654891
726723482
2118056658
74437358
1617760175
411528735
1693477484
1961947666
593916329
782561535
498286396
925972045
1695326578
1838572755
784026212
478223092
298829151
1891240389
1325162372
647942791
963283087
22226450
786332061
1957356444
644435805
10129058
996424018
1692058867
59581596
77567456
1065853312
2025236487
804290938
1036426322
2099673845
274567466
1447955057
1645667681
89031484
2041871387
280745568
587317880
820359784
1976072146
278406987
1604385996
306811590
577236138
1348142738
1631973962
1225178929
163942177
1654200413
2011510991
2121298621
151152570
2021640049
970238991
1843211437
2081221645
1047806447
761581101
1958974485
1852097385
1798007423
1911164682
2126664851
1098478832
1409348716
68212688
992866571
1690094284
655530568
1813226355
1518682783
933937556
1270128704
1825494373
1511173694
470787794
1309984688
588868976
634729971
816701453
452896319
608544944
967854023
327052720
1578783935
663581812
260790718
479106734
1425162913
72281555
183720471
1075686688
1983446237
162901675
26681872
1245311305
231114363
1019548444
787921942
886644931
685291151
159121077
1820582487
1955419855
1984615450
1184272534
278724001
1147116490
1773141510
913453972
1963817943
78554181
1521998916
784188318
405606901
953299203
1447770130
666397619
1432405937
725449395
738679174
1616126409
1801136083
574641764
1779028084
1827817956
1819953069
2010142447
699882752
460391363
749303730
1385173903
619512440
422402570
1193110111
456644243
1606675104
1471834112
1603760733
1232332966
237804437
1420095029
1310887147
1759803353
56799699
1716494048
565618909
1504569830
235408020
1998024846
82535577
974087194
1466667607
1883671661
1548728958
1098212043
1564005969
1221198380
960870842
116405073
1681589743
1710174573
1501578976
153618536
2132577143
547205439
610262779
1591768599
2019039552
66539864
676617917
109360341
1486634893
1987505064
1869163694
1543434593
1556515464
287298955
900520775
1791923484
137840154
983056352
618527031
1604507761
719244365
19772341
555236157
135766686
1240970721
1516106999
252171759
775076817
1078797924
1753750736
928695353
1063891419
153472527
1538958132
508176370
25028431
1605497996
1184794287
134388772
944649242
1024815703
2003552467
340600187
433847520
143367774
1241120962
78287356
281207928
76693666
696814387
1885715690
795938032
716586729
293468199
931704718
1957557450
1809575198
1183876478
585150619
740889475
790143566
1513845972
1804780894
943616093
905320456
165473617
968644525
363334805
1350267904
1103033297
1307984047
227599960
959102116
1648584234
661447480
1102469891
742221548
739734836
1383677819
818915214
1436549224
1121909861
1614853246
5652305
1415378060
399074317
1963209755
1077469611
1582950795
400876727
1818359086
225610713
1914722699
1475656332
1169226806
672559508
1641129949
2137871331
1035894313
843914206
1093420981
196394712
1071514166
2052523097
1844978946
1732961646
1007509340
439716846
325212834
243703512
1258632060
1761762058
1365613373
726001659
1767414363
633507786
1125075976
1583140471
1710977397
560543123
1984017198
1381852835
786153836
1751256249
710025519
1955380642
276332109
203671821
1945768326
1312226422
1047586027
891705659
1508621134
2119100193
796745108
1206116432
1704578191
1804254449
1645833278
2029791025
2047957961
756981691
1644069436
1266087686
1482983350
1264000151
1899595472
460575678
699656974
1463089221
1021118801
536190524
697458408
1807272637
139963126
1407483928
1615169631
416295235
1611155749
1413454309
1728521658
511258128
157676320
1089659144
482874673
954421429
148291929
39969216
611192230
1794125207
2069760241
511666543
403623250
1566346029
1777754229
1886606600
682862533
1529866054
199698630
1382519507
845471627
1220817431
1918710032
1542930036
880606420
2058673158
802930316
348292404
327484745
266602417
1761746713
2056006403
777860545
1919423034
998181900
1260735218
726360815
1146473829
1300704434
1337553045
793115388
1222981027
1849219588
1196738639
641843409
1479490169
935861591
1324705942
861872575
1135560222
559741801
1707344203
208894005
330968185
1102790591
1089500426
242157695
1905720907
1437792830
569642441
24839676
1052055895
478165196
802700221
823995281
1476347096
2063435439
1550356096
475337277
1216656225
740425493
1268452666
292153604
442161433
317707657
933997013
1921651603
1253569248
111219307
636040530
241645822
670961109
195901085
450539828
1001929294
1298691676
1540040254
1244086990
1056928935
830349436
1813729431
1081768611
1882405331
144410979
1884468832
558916965
1620758076
1800420623
2109273061
2096095353
869593200
702214907
1217064371
1161746805
1144376340
1534772028
2095743818
918544295
640857629
59479478
1554584826
882503451
730440587
1750485911
1333043279
1732369881
901693940
725599885
828973223
1958622875
1555949321
495219006
892907839
1290871005
639629986
629893023
1849787970
112904414
282829999
1811577383
61516119
1152423199
366308642
1278580491
166686356
1510684983
665868871
114946527
281745630
1306726500
174426005
1836330456
41746304
904866592
1439332720
1374789583
489752825
193543012
2100389469
1318726049
4682239
1508855142
1813945055
897590078
652242499
306091393
1527483102
354546821
418995807
1810313101
18640557
480511927
815252652
384949199
1759092418
981939009
1895634182
277477641
1096885536
29896165
1584204142
1271311541
1866226621
1625950446
28694485
1158075693
853256381
518447310
1351618705
806162202
1837173359
1356300945
167533697
1503634767
106407375
819776196
1809726160
1633890477
1174323018
81238320
1296719930
1192963575
561750247
2111972583
1577912774
173359017
946427944
1326063309
450836658
2043313480
1355959474
2035040800
1167141373
1074702447
1513507598
1195835858
85294493
219280332
1714283168
1436913198
1025442534
1403972880
645730495
1192976231
760123999
752137871
2012752428
422366511
238544700
1039591798
503604831
1535264631
85071725
1065355078
1499753566
1662984499
1238714095
298697862
841564160
1689550754
194527694
50039986
1577107906
1361669067
1124742434
943131857
410021277
1210036927
1162412189
2124304445
499466477
40371075
1380793677
1145196973
1233347307
2140917676
1897334844
1098616087
415800540
2135879544
2138207885
919405371
1523660527
75795962
1984760450
875930445
1738780461
1075990897
1174628307
432860974
618058003
1369156001
482900960
47682262
583341420
1607643394
990814119
993362697
670196673
5742660
970183495
1169663151
46113735
203493524
167376476
1279461042
196927553
2064711320
230593481
612728093
2053107216
221317718
1532133464
1429284096
297113680
1369410266
157730893
2035894142
297917516
1332359201
321271468
915975519
554031554
804172428
963657781
1137372975
264332175
1954471900
2130735672
934528848
1960214560
953435519
2104191999
2006328296
1156929044
124084827
1138305690
1353856597
41312499
1368899172
1966584690
2094419716
1590216890
1351234506
1376220164
1887330571
573161125
1533951057
1775741065
871078641
718826610
2097012533
1787054160
1272858165
753701313
603228294
262747492
1018033488
410216546
245999516
1952562337
222947459
1199435036
1909270688
81792107
208880432
2033355516
1220097797
1562737029
2074668015
441513321
1381838071
2021604083
2031730212
585588929
1250340599
1771577135
1158750054
636808009
1399834552
2029828695
1355634619
1349363437
1669399208
481009136
2103064750
125143854
743756628
973614591
535360400
989756145
778693280
758307859
41707533
540480320
840099966
250587965
426352188
2060197764
1813324994
353536556
354227437
1047679417
227656991
238474001
1633268346
1477997591
2010051136
644534753
2114805600
1262402040
526879800
1322956571
464281829
48795360
1803965708
419862932
173939214
400238688
1393477523
709299615
1389994833
24687155
1467607474
1431702366
565167475
160223793
1682290331
991519664
72937909
1348131677
1345056220
427165346
248327446
1572713211
665639348
1881595793
903227154
528206836
378646898
870549106
1790608877
905526698
46022030
107407058
954322059
1849987738
527269990
1128261273
102742778
1920747513
1837560888
1492737612
1945434668
1157684715
776956330
363118496
1317908508
311763014
1354638160
1390846417
1659894691
552210732
1818011763
1908222138
2124923943
336167463
1642334283
880667450
864374300
2020981181
1751216556
507499529
779024231
1797238586
614906587
1733346290
1499742676
1142176578
714123916
1602485455
915440443
404201156
947739419
713391464
1561885871
1724695749
1076509960
732310731
2036458763
283664472
2123157148
1548869807
835875204
1793685264
1309608297
813315499
2129852727
804458932
1693982949
846743379
677956465
1297715858
1354242908
1456980696
947470796
1969149496
1042843339
299729825
963842426
1756967255
1902215280
1879282869
13684763
702471051
445190685
1575570635
279683152
1521700645
160397718
168658268
1805365117
136071219
1717528075
493756673
1929756483
879652724
1307072173
1912125562
1684111656
853571474
611385294
214584473
3803684
1965628202
1671565169
951274481
1787294050
566924860
1251004306
603652828
176408467
1005735938
335452050
190093231
1708206989
780642735
1765663866
1987890141
154859733
1926061584
9064761
1960224850
2062132803
1726592836
306497876
1844405638
458761912
1613570049
1609047553
2142873568
319657875
72949199
209974393
323461560
2038577401
1881539563
1274736041
1678387804
300980775
378256699
134556984
477389243
1383992637
470009034
667482474
944715978
1250651770
285662692
785122471
1405511503
64240628
794187233
1218252705
2126373432
373296421
1524750581
1823295422
832058334
990836982
1284859327
827448254
1310494858
1357808526
1037422648
1633956418
1248902280
771478563
761208811
779806436
1072459338
1139465510
914363420
1549848581
375974499
1384372455
69847407
1320690477
487540577
355510099
2105812948
1893052080
419750728
752516533
963821137
398640512
1125812955
341088071
74452286
1957871289
1331925053
1359311614
637835895
494936263
569636492
1675258543
2128892681
1818538772
299253458
742617844
450861560
1371712797
1882083354
1365224981
774077730
110574205
602113788
843925138
1431264682
1089654365
1199435237
1389593983
835222797
1619185965
2142110516
1799043934
2017826477
1120439823
2140132005
2092278764
930827464
1324573411
1304106730
1568663360
1819509674
1873743222
1096438255
1800918708
1544798347
1395691714
396052904
1995659907
619920863
130652611
1213401240
1393998593
241226816
1815515028
90440083
1672491499
757685745
1289875321
914601834
1592908542
761577638
909228702
1244468829
631920468
2029668526
1237117186
576715584
813012342
414206949
1880822314
234192054
86232976
1607081888
1330630310
1887151684
1004396587
578838376
135720940
852572847
1198759239
266373551
2065974087
445274184
507600368
1734005468
535714268
32608219
344207565
1825589589
947210053
1937116108
439683579
1856438755
1034101289
1071604047
1738623633
123734827
1648319631
404152328
537941777
1381658297
638344382
624174753
841256538
1968974692
363842789
1845653125
400329420
499563729
550742324
1599088659
765937281
469232764
2044362844
1273537649
55754584
432593464
1306145868
399962149
110699405
105872273
189594609
550382984
1962311028
1223695898
1621987032
1553451014
1347430726
1122823015
1957603342
1885372503
356997665
448464076
362063608
1198254203
269955121
725906397
896423680
670284541
1225470126
1447166005
121889553
1991407407
1916398769
18768749
1117461408
1972153353
451362213
276123628
224631854
562061618
381995901
414226464
1112444602
196823282
1637922362
586947986
1750274296
837869440
1709771002
1560393990
575758295
2066768667
2008858066
937821903
1117539222
131329539
1663728300
2013962902
801614081
741714779
1313645259
923503634
585638538
1082560380
942272383
1703099947
907230085
1393634596
1979223575
1131861940
1955696214
213735829
1546088404
920657168
410559111
1036527118
1507605155
13349759
1874396559
1069892509
1573743749
302671206
989177528
1435118167
1240493110
2106716750
1566447707
756737762
1973196004
220578140
1498452541
1139357616
1144081774
2084091080
74434348
2086354157
1639707379
981664434
1332505105
1471447306
2113526374
1140717671
1685183135
1512131130
2061374839
2095742246
401174600
1421496346
2109092005
128087511
343905207
1535352106
430758718
1333082735
822986626
1671251828
1292315837
241950685
280505942
1118028194
462528825
1778958484
109902162
1606610599
1715565916
184336510
1545481108
1207789647
1166000944
730502565
531753305
1132043670
1871220236
69452793
496691152
1785111427
17711391
897865753
1059124126
2126803397
1025953264
1403029333
1514671855
1456711982
588628421
190174833
980480162
1880944258
432125518
1260986105
851488804
894654343
892460941
961390966
353781294
460543209
1145727477
1899262402
1668332856
164244773
482281319
52602513
1296288444
206017907
122055306
1792979596
1991129335
139766698
543361701
902769813
119086447
1569314966
158315498
1633758302
878543300
746943919
1823933136
1859023463
480404530
108575006
972525920
1331893334
1003229350
1864986861
145800653
1357010644
178046422
1291528130
1108789399
1846379278
1455772903
1591070718
1898981791
604577699
1797088626
2021037098
250073648
1640734313
13320148
793435349
396020478
132406595
215266667
554335976
1766164897
1093809968
1301279896
1442614385
805349783
1781684426
1551189392
1777875703
966094112
406935094
1495378916
1111894765
1763945738
1673425338
255939247
725251489
1372320968
1711712151
168838560
1123819111
168806202
1965927186
997372561
418879850
1459177851
1010692709
1212315200
1855198329
1143099304
1427581867
262050657
761780554
373908187
1563330553
56911291
1179257970
1197531331
1608100683
809650025
16141796
2015035777
157545293
1128036561
1631497868
1830970631
1383975809
209265709
1055807951
948204312
378104269
32143415
1117010514
196547807
1029515976
1535890365
1655725658
2040208686
600721917
1363440339
1035824342
2028303784
1625490997
1797604896
254728324
1041337902
1854516188
1433986294
91385586
1315133223
96152672
107527382
1182685353
253697965
1235563943
666699573
2084668597
472056104
875965282
992992900
1420260416
1254069552
1025136315
389787283
1450617359
2054652292
1925677648
958859370
1947377330
378915917
174816061
835718024
259736053
1800307058
485839273
514464377
694161313
192871813
1948450672
785546899
1508005036
2044603344
893074281
543206741
150817661
2128638224
1209906314
88002610
453210681
2085871597
1080995511
1873471097
1192457501
2106131826
115774732
495591212
2013300470
2041452380
1454450582
1813194152
272884649
1629266644
501428529
532620703
1282090054
987267802
1047085080
1976251367
1180139615
848052104
614314618
540661003
745171800
1507388899
1083867745
895989462
1488543476
146290411
983992072
1941754157
84678360
2064987583
1667741606
1277135861
2023635762
1783516339
1772727074
1889452584
1677485071
1079694008
1555163089
1950369721
561477004
2056591618
335506776
1843567059
896375772
1382591856
1672334778
2076515387
83160313
139165749
469692742
828332113
1646554648
1553560487
1724321575
987614476
1699850899
560830000
781884985
1784529259
478333935
302142944
914181473
354486049
2085659283
539424899
96454986
1615660706
1619118907
1651618075
1418546779
33112264
1560726045
1754053555
1876679323
309618169
989161764
1401530453
238649908
1072322077
1540696202
708342650
1900654190
1039767203
114419490
1477492118
2027381679
1814270389
2038322118
661783017
1451316000
369172405
963925961
218013825
723658455
902101596
757438724
820113441
370278654
229073984
324247868
1788825434
262186248
1884973913
1395395341
2138865571
