211200962
890510067
785943549
2099071847
1540688511
1075330612
857793148
1958303534
988844467
1148920640
460873488
689770795
1595842217
399069301
237284406
52016673
761108941
1036739379
404093839
74321711
1513466300
1471201857
1947344080
527465950
189038166
1180081239
223885965
271910540
205552831
643915073
1179910249
416753794
1534425140
1965853798
368341993
927630003
893700763
1226135141
738449890
1882545230
227572133
1199323378
424832377
1823414350
1598392680
662116784
1875431023
212017973
1698856163
132041215
286339684
1064838815
1603243072
86200116
1592304765
1792281239
1266281355
1816190730
2064191779
1471834186
312622155
1096618380
1888587980
1847047296
914988531
109446326
627193651
1808689294
1335581467
1365643541
1543750876
1563153601
417483272
1968583254
1239084303
2015875952
483216390
967031679
80410277
34588905
1099072894
366749961
1099427720
554832318
452950077
544248837
199629909
1719231432
212955919
116338040
1043581970
525578075
1212956421
784686303
225141723
2127944952
894132629
852335374
1789150598
82230448
70495268
1185417826
1645384049
487978540
1006517432
736984705
356370844
1489733822
1704016384
436781121
1524322727
655605630
803531082
476266799
1210437948
1256481159
1020515636
1410067858
828228943
1233471556
1526405898
1871810913
1759049631
591878671
509013568
1984191354
572339975
1403146197
689043080
214006925
1485376646
759538348
1399424752
983277047
1247516888
258458536
1720261752
1603887732
1748192359
1276794488
2040668853
1125031438
1932400118
696716287
1601298238
995354419
1953197446
474330226
257938629
633942741
1707801782
1784344527
358270007
1319367765
228739551
867283575
1156075471
801079526
122946125
1845118552
1015086452
1608322771
457173252
267027556
444116170
1704690141
525486092
16894275
1161094225
126194803
1293688763
1054279431
1251226242
1078605234
1750995718
705040832
2073959653
1556709517
1179371058
184414634
43168610
739689193
1968759161
401438617
2059056958
50015064
1268722193
1067648782
851094591
1391668318
765283686
1866181043
852507441
1222456938
2133208599
1296623611
779663431
511211043
1313517886
1940757657
637405847
459723002
847553440
1888632089
1538328236
451065510
446189273
1464804241
2007775027
1625560331
1649218875
2050943638
217765876
1470494388
304898607
129339187
1520509453
1573620800
1196987969
224120396
817805470
1962271655
2090301439
1670312911
1037244945
2076026390
819452875
1816908377
439753785
2132970761
1610182386
1077159632
445210115
310252178
818308073
1983538351
761317688
1264497346
1300858944
621609068
742574030
802594171
525069058
960339906
125604912
829967665
1089679093
1646114365
256104818
139183414
1870234761
1073910288
2101455069
1813052552
596739552
991216367
1741595294
1416192427
660641096
33865431
1401679540
123339834
1111025064
1846889656
433592012
1929333137
1682944359
1194909700
1046346836
836319656
1816518768
1788920866
1638913827
194104178
601777124
1764518739
1024071844
1691456218
1263149456
1280176662
1830639632
985900569
206603302
1784611054
651469473
803342854
628343773
245581119
72051633
1288984869
279446551
1473731174
1412324703
1390471615
1173137182
1845916715
1172321104
708597893
893342767
71184292
1544917549
562377888
1860105158
1036347729
756482066
314398635
653382820
1780553910
2005854853
1916532277
913246924
1689010837
754949198
1119850227
1326138243
1406418672
1923193081
1954482016
1651999791
1995244715
1095983237
1931446342
1321492241
360824292
1174434309
347145775
59257359
199271766
1055743668
952600127
270456058
453177570
1514978015
2130561217
1489525299
123976433
297476204
2142908119
1904530344
155847409
1911956748
670293620
1844858246
519422299
1790143847
1023512842
1925840971
1565853281
830511210
1430357114
1413614348
1926494448
1214319809
587622941
139835092
241270470
934768716
199092452
440542236
1990512384
1151692579
710998295
296206306
519186946
694075864
1785731605
643163379
991552068
1781156077
400210075
1147399477
1545629177
1070503696
844774075
2065051476
713163895
1868286917
1843408799
131533528
551314480
1126282266
1545147876
330325280
193118427
2132770817
470160372
434388897
920055885
669252824
874931134
763084622
1820945403
1585929429
1059290928
192648701
132521645
697538886
835812081
1124073713
331211315
1236022156
123989542
1876840492
159042204
968763617
1794408321
872206100
689566887
1490333472
1003739628
1240881367
469132090
401403857
1571206647
662250517
386691026
2041367019
1096639415
1306746912
563136196
1971570549
2069831534
236597951
1410016330
981638814
429246653
1542537975
1679177700
1265058734
519128040
2010389015
353597242
643117582
1739745860
512639447
1611881199
1386670533
1384845547
153964438
729520357
241101527
1394845805
1198652448
642505384
818568804
1860902965
1029196411
712452176
810058732
188459675
1275588372
634145633
110807561
1512186323
2044161963
1092446375
1941432976
1439216290
624140428
1059008062
1958344330
487045795
1412605305
453978264
79308007
1925244752
2065859464
1465978540
1162606651
72340254
48015250
1403708178
1467186060
1246667698
2046213563
138271216
960087015
927926326
850723392
1770145748
1116386001
2126311764
256807733
1227193562
1491014440
153486049
172156289
1284963768
1592702339
796296717
196488183
1403563022
1283342513
1609093488
1857541286
1362650520
1386854592
1775917102
681145413
401977595
1848257357
729160663
1805685773
