320593916
1206889220
819609719
1248974782
1504353231
1231037970
1386336091
1730885275
152093851
1035713028
114473950
748563169
426454373
1433684122
751231269
1694319496
626191883
2116895506
1509353854
201539139
1271139889
1701180469
1605033354
1136383504
1253020426
687610080
1609234874
81094106
356809716
876592389
1874071355
677403633
2083481610
546197426
1926378415
1440351193
1777235396
1165230859
1023752820
1929329247
53460239
1138226770
530408768
479914612
424427244
1281640038
26750460
1050619127
1251051896
1536104314
1252158267
374708138
1089801135
709707973
1511091642
195337913
1397318053
972842868
276432020
1754127769
1849435258
3019727
284047754
1785433220
549217154
62942522
1078300765
178968902
1228173381
2102053585
2108298150
1281633620
1092796708
491223270
1761548232
1517223952
1772863308
1788298693
420359432
876431557
1176919359
1672517699
1251139695
119236847
234742024
614747689
314574760
1632060077
1587590558
591006780
1238704198
1289542168
594026508
1522751953
927491740
1143243662
1585694475
2005792505
1322212564
666384208
1960362442
1283027066
1948017828
905675502
1774250337
1562082412
275415807
1399629997
1202897457
695775239
128577906
232333169
220809290
1379717601
351570016
455551314
1994465291
666144776
2087611391
1434572201
1257151557
1178831941
576630721
1851178065
554100246
1504122461
846938079
2139794721
1362431318
21666995
658695281
1175310112
1304694062
459229461
2080985615
931460751
2021311874
208917774
183607100
1076725683
904693013
312185007
1309058852
1125502303
1691902608
1660628868
1581053617
1538884251
179289997
1521181360
825972804
1436441554
552529653
1402603525
1140135971
1106629900
759242338
1987074050
1098940973
2121673656
2008741045
1757636255
1149500121
1165951459
69382068
1083002088
2097412210
2090693942
1291919862
133535663
1019935978
49129227
445720670
181511182
1174631530
2137623278
1842140051
608201499
1529023882
2021430048
2129382859
207513038
1310387954
534428864
1610116564
303040277
1641058764
221875254
142630679
592516090
196065263
3888076
202668697
1345565384
1169839536
272050765
281083824
1119768098
215261060
1573003686
1253303761
1235197038
1622132913
1699024431
1416708220
649280795
1689164062
1111364623
1257482294
1070704296
985311023
1239381505
1278217334
148215329
1773810369
740850250
451255606
1267385486
962725505
593886285
1859901576
1158790768
597774362
2062570273
356872504
1767613898
187137390
637956328
739898348
402398450
63476366
1993202110
1637595488
1685609279
1544742893
906820061
187406426
1086423307
2018184684
1444888720
9643955
856012060
536786577
1287861290
1004227389
163113298
2028711540
1455482996
1430498784
843953397
2049369281
1142916712
2002744165
499659995
1058003337
212133021
119790245
1245140728
850089349
859688594
1647539178
913565715
705407056
1137651019
451691346
102666301
2044471080
639097772
1189089609
1915172116
2083986492
1198733564
623700528
473289421
339111206
1627927918
636402720
220339099
935927266
2066901504
1064292496
837812899
1062334569
919553014
1337472895
2120337906
1131686035
1457263140
1217994986
1981775385
169468086
718050517
747857452
874875142
1855701536
1199548799
977541444
1752688968
1838646571
19147405
1520377436
1775149416
1217880969
2144077965
100955189
1556992176
1624522235
737357909
1777331275
412965853
656775766
694140123
1250778752
1719110335
1613693137
440767999
1691964593
597895525
1898031140
762475932
432187262
2067499226
1480526449
1180044714
794890721
1188744337
232109865
1772432165
793949657
2070756437
1791579570
166843445
1698422205
861976891
163437762
1799377394
271485419
1787959997
389251656
2048816694
53442202
1046027422
595473170
1304220955
617654109
61682659
1744988954
162135054
659578184
1495536446
924610986
1091765446
1415552025
257653787
124326513
62959098
1446398124
356436378
1835391263
92864133
279709167
1479487185
259707579
1978131372
193980428
423145341
1630025119
465465848
63621691
2019276775
366798894
117063893
917820549
962272064
1421284848
1535474658
1023954724
1018790155
1697609712
1683532908
366842953
474737051
627814707
1782394978
732390838
752141220
1845354076
31305315
1108577598
1533261691
124169448
1388286766
865265228
383877027
1218934490
1059245657
807022369
701475961
1524711505
870644060
573269088
1891510399
987707953
1491089637
706298816
261509154
879080647
1730253540
1280299309
429206712
1266302800
1647142262
903943763
1894117507
1282053593
1636334601
498775079
979924021
1667639916
1607352678
365702065
1791809365
848155796
1230967293
28202744
2067090286
142729302
835225113
621082600
1667440807
1705869173
1194351688
1411467559
546093479
537957678
2117766375
807602633
1417038325
1700536267
2087901942
1846245037
819355419
1587560556
602705152
565989279
722130501
91556106
1064764358
1702054523
1759196022
524633388
2067756588
1403521739
1372789184
1151240233
1431724484
1292395823
1293969536
119465949
1913478423
813926695
1825335123
960346463
77910606
223944954
1498304141
48193333
1031547587
767858819
1748729600
971965881
466620208
420601372
412042789
1069325361
986590651
1134173291
1160881467
2051355009
688744166
772593841
428504750
609017106
28631933
1801293934
1760257339
1460356417
946206109
906743227
1579822366
712200884
1720669923
1257673841
1672547348
1798580529
1481618795
1023367841
1846773863
365682734
1791226660
1448019815
1337648615
110363221
1868621187
1749691405
1179688582
707728190
736381048
193086401
611599552
1425125214
965680242
1040104302
2034142320
994312175
693914588
1646916011
307184944
1640120698
406175591
1887007311
204837934
2126845514
997197504
1877385282
1777942395
331332652
753269476
1477232610
697015386
397012488
777768778
2034664002
507375709
498906317
1636871759
1687064291
1206634508
225769159
1880150692
1818234060
1650894373
698347287
710854714
1537553045
1692659462
1404769302
1036985408
1999844407
897406352
1443160999
1739368070
1102244287
1422522865
589081926
832145921
1052981613
920414578
1585415397
382730575
1617429965
1982427886
1160499353
1504610319
342319947
1659405671
993998430
2029384239
718556531
1219767589
1762051283
389306943
723178314
312914922
1100161657
113247711
2005574385
357447311
1150233119
1857935144
1254853664
445910471
1449819566
209614303
1868433336
2038901492
1041760224
773931301
811832423
479691974
1156661877
281778740
314636212
169677582
1786389059
656956159
1829083253
632903841
538856750
400156136
1852671430
153424386
789463079
428366096
466339308
1889624736
541613807
324430045
99588400
1691846926
34881541
1354442064
2137757397
1484701107
1564056367
1858707086
1376118952
458332943
485154739
40467727
938024917
1641816616
322246467
1252661129
1811494199
2108635526
1909617289
1493093804
594055719
300990391
1893249941
299243501
454414777
535229372
727609597
920754086
277370461
1269223404
1245184131
376958861
813586682
1280065673
1731400925
803860432
617283132
1147973644
515083870
1993402084
1606306587
1000238609
2033869811
396847857
494571578
208632630
1649508986
158582129
169784508
1411642627
1651675933
763840227
1712633019
1397442226
1063083728
19564148
1932671599
1790693325
940318234
62558412
912433081
38018718
439517273
1726019764
1318084391
23434550
382396548
1935367523
1171408194
897480418
1781285960
630231133
1897719027
1667672123
1027078990
244806957
1876304754
529104329
403389086
2046089262
1940746956
2055065020
662445842
1505896327
1305023598
1725529570
1525460476
1090211549
1368739248
318295062
1152769961
133688681
356313780
1592287234
1859708445
1674398171
1615721784
94621345
1462282047
639646330
992101763
1096084359
1269877464
742337143
616272834
149472806
987144100
345093940
678577135
1390533187
243699555
471840444
1298114559
906145397
1977736771
455654509
484191319
1355713599
1545866059
1852930567
1674008662
551152372
1986619249
2030322442
2143439607
1698844046
1557236966
1611677743
1793465392
872035365
103840426
638083507
1968119724
1373717890
1380420650
436908910
1523190696
220081103
782002851
54284184
1610614290
1025702406
526124628
761245201
1931847803
356377751
1216899710
268555474
1712091351
615282121
2121486042
1238616365
1166434494
1960621643
1121455159
1162390453
1511982041
531208477
626584548
1157963785
1403243842
730424974
1796047293
1223879918
2104142864
1028984295
1660788829
1479849913
1249065398
295308032
1534134097
712196040
1321010438
2060258725
1473441241
1105374593
269152828
542857304
1373930067
1981244179
1158139425
1347932461
1072376896
177090271
1161070456
46348408
1339480724
525568850
577556885
1966065273
1683532635
1980800728
549006599
1332096280
1057196998
505665816
213596928
570502179
1985515729
1462662326
865810211
1372166178
27374719
39337001
1284941255
1500815960
1144711594
1554094083
2043673264
371158014
1387854615
1054329042
1719090475
312747863
1231419313
732677284
359096271
423416390
1258246134
936653157
241998015
794295121
769970237
791004614
2126391402
1827167235
1296670430
192504682
250185767
1134702511
1655167008
1115995978
359385041
1682541727
1155332980
1644326296
1035874040
152560926
1050936732
932063656
523718940
291307699
1986392698
95325768
604055562
1070328364
828003052
963151834
1493744754
2086249186
1899804991
1735742769
733060659
522291580
379263735
711968413
201975167
1675934166
904473095
452160934
663153029
412156456
1568156913
1022538071
2094698183
576006245
519380719
983088575
728567171
1570317451
1915152232
1252286112
1861625150
1754061282
1347611880
318197065
676905998
28131284
1281348899
23167104
2114380470
1033670242
1758909873
699957481
1555961822
2138173609
1411925895
1757936989
1666624127
168915342
62614276
182293508
581071798
1630771189
1204831579
528286334
59293786
1724212299
1511374909
787860957
1147046102
1279043493
2040147069
861187605
885621128
1240275301
1179384670
1562527126
1268406585
313249921
1585694231
1235303407
1346920163
1197120456
1935260889
755398337
1187810417
1199703136
365851678
706950896
1368618478
428465954
889244405
1949690277
2059237143
2094075984
330492963
2118530929
1670804635
1841867872
758908239
670367090
973427718
651571660
1531554695
1859048846
1891846962
563455717
1274092324
1012769899
876705638
712302907
100589659
76142153
1909423364
2035850548
831540490
949750133
1088070036
1197392168
1656701030
309204866
1625858123
398461787
111411495
1537611618
345054123
441904458
1508658900
2015858759
136288683
120083491
538742201
1109716401
771655151
2070296896
821281599
516018465
486268965
2095373923
1528788365
1362974603
660193183
1629378024
1439116756
422132899
1517744924
123173598
1371883032
458331312
1320565766
881100414
767536178
798940241
1279562201
878947674
189068212
1624616325
1320852132
1697727112
1492991436
1457140815
