302696691
1396303183
478363321
643691828
505407260
1686089352
905944355
1680704006
655865371
1056711842
68875730
1656018731
367039417
1757642536
1172497339
2059731100
930761347
237043945
358899655
1482205901
2083670494
1680750031
1761877428
1679669469
930214350
1085718682
1774135873
1835745870
1487540903
712245983
1357340049
1790237595
2108549166
1835703370
286445775
466472778
1374309074
1192390130
2147176785
2030174446
101618324
68568867
1538709529
468657742
1826211404
563723221
380905194
609489103
800767166
739804849
2091695004
736954013
273071233
1706088784
269139834
1203285583
644323818
2043275708
891547805
2131864722
608038043
101404206
1774618669
569103561
1937107576
2061064444
1035576340
1163933002
1105970927
1035269477
1046623800
1207589251
1103838344
437849682
1676246993
782566100
1001572903
2057152188
1392055204
1802340069
649473389
1336266560
391810434
922544622
894871697
660950269
2125830205
1539195515
556742329
869894362
1523576589
1164780372
971298568
1150711610
1733883933
760922496
1064292407
621976625
1924855499
22779686
1657246102
823995651
1230368937
613600799
1261845333
759132283
1396166899
115934588
668800823
640738455
1918274658
1318274212
1977005016
162601444
93335187
724393065
823551713
71681744
116104932
1380294042
941576107
1639681522
397590766
1912874675
642909484
2131474700
526313524
1707201891
605967677
303685375
1729981577
115730132
1127681026
812866867
729330931
242042712
1571999150
2125497830
357977300
93316325
618752638
128768310
1411590537
448274006
291369755
1504925724
1172667071
1114921468
1576607469
1288772003
347731863
370699928
780969877
745322629
136090955
1423879362
729313681
662404479
983597605
1335281359
966089854
566095535
1451011491
2093770881
1378962402
32858774
188329945
803477904
10872956
546307245
896794229
629625594
675075556
160901118
1077899600
966445311
1665826843
103083023
2081366779
1094950664
1391855027
281614994
1465650592
25341256
1026937624
1601741547
1449220618
1756251305
116662379
285334576
944049016
1082752233
851430111
247576859
1029039466
82908865
280435633
1217369411
886386769
291308590
1763676657
1783180998
920934184
291268565
1944082116
1998833785
1257713876
1462425311
2101916808
1191597007
409892327
1346288187
1473212002
1875542919
1371629444
352665978
1329800819
673366414
2108917283
1446463198
958700990
905482652
381731783
1810131101
1153059511
1410771250
1893039966
1433495145
480657013
631943087
1724803735
96850022
267640437
498254271
388118587
64238906
349604408
1645832463
1526664217
304037569
689945823
1936556545
1650325756
15674177
1664615816
874471552
368340155
846932987
1547837967
329773790
145912537
359055309
1235256442
527644321
21702763
240832306
1938415571
1914742729
1674327451
271588936
399202169
1251647538
368438959
666842606
1749901809
756557546
731081512
2099506218
254906362
110262082
256060139
944852185
2046818627
1906385895
960526362
1563950795
633373800
1328866517
263400135
33728119
1658640307
409312672
392783428
746413102
936956993
414486191
987245408
727888916
181745273
514089211
999477853
580947442
1765736749
1367916812
1247790048
1368154910
2124474358
1978871561
1320177480
231897072
2089133643
1576237619
1176749257
1988468622
1335139867
2137275619
1404935769
1968513667
1318658488
1668335904
2002241786
829815148
2077648577
247541566
1576228250
867121922
662027758
415990010
1595010839
843773031
930079221
447005044
1424720473
548332322
1814921856
525026873
1916487232
1791912566
356414786
1089181065
2023809639
298064781
517935036
1053075248
139049755
1853074903
1042867220
1543985525
1674104922
214042060
1064837781
1528863060
1043857208
995002710
1776404627
472601810
1862124633
290948737
888591820
1309651824
1134721768
1818671041
1756656868
411958593
219519715
1424095076
936985466
2136006948
1068523994
1293400253
1077704365
944849985
1591465034
1595639401
1997925234
1730514790
1301230657
893308806
1127016667
827851931
1107350866
44370800
209231344
3724427
1039373511
1985635971
476326237
754014496
129101060
1364918058
2063666320
1263822828
1036105451
1672839540
1675781421
1255625167
949450968
465283239
1244148467
2017974962
1758683492
174369184
815341300
1202664879
1770008585
665782886
785696021
923755594
1559091692
1912712688
1751607526
518958910
1957083488
1960838870
522683337
848973351
1798991193
999009575
1602987847
1928092253
216443985
1519170519
1044431433
1252549436
1044526411
572729206
360690955
1993977379
1038012445
1604839422
1864468694
649212290
1779208606
532326346
1851877169
1401733544
1198109232
490089542
178005490
609717276
255318582
1929613016
1128676186
64918422
1742968238
1651359524
913891774
1394475783
502885451
369395973
1175084388
719329436
1888566493
72032173
1971878872
785609256
644761379
185086180
632102988
1682773825
1789925602
349088034
184502467
1421650561
881414380
2036379636
675900457
2079523612
378985530
853905947
541757240
634304112
636035316
1670433426
699222534
231519906
1174309302
1613114308
1625995690
1677194753
1982510282
653596430
249040541
1723593127
725628604
73435766
361718735
1370389983
258521946
993821723
905680160
2048447548
1342909757
1090182627
1322614461
76840489
979078615
1998514918
8880453
1358064145
704937218
550637693
1992368257
1340972534
73587472
544107144
1572492440
1247896774
9737804
1051004482
777607880
1992248086
1704600913
1026648421
1568357565
282745869
1100084187
1930076301
1653135852
1358606133
776414376
411332365
1259570034
2119324134
1501514992
434700847
48680975
333109960
285732118
57561429
1691174105
990669336
608199122
1536058715
184158222
681786594
2080165859
1756650662
1929683369
2089903663
660171497
559807601
1934668102
217288762
1586456022
1355542019
500034631
539056562
1138134672
5686835
1897662695
1914549049
417019200
1009749081
1886389535
1918534193
1444449929
1935070510
104160505
1730182047
1992631939
1795334610
573367735
453347414
1183909677
757525957
1135134008
1116591888
366692971
917333729
1059011904
1026864468
1477141330
846196358
1244153230
916113705
54254729
1744187861
1455170267
1192389402
1749874697
1205349314
959454803
19410249
67614748
698360690
1937944442
1512064677
485947552
2042104947
1094763076
331095844
1689955910
1668130811
784443258
726381939
278173120
1919577266
1842973828
644866091
689427348
754502084
1671730560
19085030
1600698442
768400142
935198735
1654953171
365104356
242885354
699858925
2114979053
1448234669
1659313728
2134389302
1515849417
210190770
1924850097
880430446
696138323
1819471396
1975193522
1027234167
1361943658
1495840685
1811677425
2088325598
1774013805
1583771043
1783815778
271396248
125714743
390834214
1943126808
144799774
1991532656
564043303
1079998509
1499002179
929147659
1322883864
51377457
896643064
623634885
1710691185
883548718
2139484302
1920881956
660915167
872431100
469536631
332902916
700140974
1496770798
1694846574
48498011
1160964575
1635688524
1822511816
597251970
1272020654
2093908064
722966714
1662854868
1889551225
867766488
1506903876
306110880
1947764997
858422408
1235258539
1123165213
909799865
2131901603
1746800098
473007402
867966673
1738800752
246405710
1528881841
463748204
715942341
1861784757
1163889178
65229491
1409147683
1212387189
1226194066
897352560
887415357
1823446037
21889566
833839774
398929103
1684744435
575907351
1266695591
1044164663
882018231
1066976940
1902587071
2117276770
42658506
664903288
2101694725
1789458604
1137910691
822177750
1380775709
1384316401
203575943
1844523913
2100258743
2065360700
860929444
18004586
1327024736
2073316633
1244198653
76893648
813248343
920161042
98783214
1647088117
1319090145
1783527649
75511820
438302088
680208665
957530051
1505279028
435312088
927323173
1547937534
1100215377
881534250
1189912491
90642420
1703712000
423204552
1474958821
1907287944
120244817
1427733916
1825164996
981174261
1445738503
1004706084
907007247
542453508
1081599732
1720255590
1462614550
1180382947
1219860059
634221047
816426948
1295371879
1072523135
1496635613
105418282
430318515
1931947702
1032741455
1978256050
884679431
1914275705
1020684893
975321851
1470504057
1443889445
302797024
1230308353
1564134262
1730530941
907989702
397824876
1028785796
1912695786
1304832123
1571239304
846811871
877604065
886370206
2027194818
2097464124
1520591253
696138118
1245352355
445630740
45290084
1350770637
875949255
1977237786
236028444
706721657
714433569
2820501
1727406550
1689755420
1473324558
1023812347
1992552444
556149264
440462962
1575599737
1464138966
838287838
456901885
1229351104
2143119961
2028141189
2076162975
873240378
767027747
1955874145
823220854
140135352
504528616
2068573209
585766092
549818700
1271860198
1461715348
379572838
1507888642
20953357
1094006407
1510709143
1748359908
636278179
836550053
624688607
481346975
1392699317
1065151569
2056946713
709354635
1903439407
366364950
1938705740
1899075720
247022492
1867385067
624832450
1014050239
1675775565
1448053304
1154185592
32820533
1369142865
1739951684
582639233
493519415
1054183384
962212071
2001408057
1075136742
2056218478
1364633552
676013002
545013009
53699958
1300701609
1026359984
1446399275
218369531
935823049
8270263
2121808938
1302188000
1946976003
1873401011
1549210492
1666877422
350749813
415777083
1195169339
1798803118
1569962675
1227989872
1020462335
1162430712
1810629105
1513981751
69130448
625357528
1367906160
1144267190
534092358
585056065
1820280192
1079105367
638756023
973498154
2105465352
2085155298
1191867685
893804753
2093425561
1166192975
48509105
1892917916
892110338
1597719597
1412311691
1242860152
2013496681
459997382
894179622
1435975708
1687987255
1914641957
450922772
1351132712
1281140060
520053221
1976490241
501562573
1664320411
363098951
1086618638
1337116956
1442204319
1725374661
163131462
1400186023
1663046311
1354999147
146507128
1608988225
373708474
195016234
1354422493
1265818813
1792735831
619250536
361195317
1658748864
1079247919
1255374939
947240925
619751526
1022533248
1398163697
1970884238
156189661
1918216918
1799890831
657752234
1435053682
15506135
1744370872
624686990
1457710454
1322261885
787818452
710412829
837824548
2142817599
856919957
299329125
369042425
1051936191
1653751619
1634861238
697188375
125518507
1996056555
208453591
1204766426
1103947846
1155694516
1824517952
2126481095
406374566
1647918543
135187108
177107836
1300325726
792939342
1612161518
1315831861
389826566
89364860
626058667
1712088451
877183312
1336471496
402429351
872517263
45907806
701758477
1241559689
1097843997
208026448
728937279
1795032372
333544955
577510187
2003485964
1538311382
1681458033
1011696832
1215345686
1660455480
1418071398
715780581
1795642588
1595179235
2016106308
441098282
1059857105
1184454521
830924848
1149221966
1810513189
395529651
2026405278
999501037
797959003
751438894
1045408843
1499717480
1992998583
2143252841
1707743928
574452214
1790801565
2041288883
1151962401
1646803881
1432116617
685936787
511017066
499978656
198908619
1929088464
1215759237
1994551208
1376784051
1084381897
288165842
289157509
121352771
1119090691
1438379475
1931865960
1514620342
1317301105
783883349
165095697
2068739999
1829292193
1664813177
1914254934
1825061386
1225073457
341223501
1468379303
1118878693
1493185902
967699537
403511662
31639041
1478716603
903490318
230547661
1260321419
2119249556
77615221
489621823
1056147805
365781063
778779332
1177500576
1484871754
69675159
961882888
852008449
1386976264
1745766238
1017104146
1308232616
1427574783
534433676
1075003902
1105152521
1759507133
1416227403
426048176
730902178
761929658
1393747713
1134413841
793568699
724980668
2037904159
1024116360
1985302088
2009670067
1101731581
327440263
918334225
1467512645
1106219595
2095834801
804900751
1175894754
910234042
1656909200
415387370
508516632
526529699
1723619986
1936091415
1060963375
651140241
893760288
672986860
2067367644
1319808464
1403889039
681813654
566072530
390819232
1475382354
1291053198
281239743
352015066
1128871638
143426163
1453746648
1456311901
1061760388
773775645
415047848
1010111541
1578676396
1590942602
1920345583
1088101949
2006329973
281378567
1614631648
1582466311
69986334
528111375
86122904
963746622
1201098235
6006901
136071439
457503626
687820555
702143969
848322858
15719261
1993197167
1129562602
367734328
974585158
1272988765
1821480976
283413411
187265505
447772973
698461260
1197377046
2026449369
141920214
970238982
967067670
766539
1251617549
434215670
1583232851
1321603884
962327045
1669355755
137866858
15941633
1675362656
273938297
473445259
215699564
976082266
1321768118
231418825
821795786
303847072
599153153
1796380944
1576835837
273150481
2079794355
1764101342
720923454
630771967
813994740
599889176
772692182
1784233722
1566956846
773458721
888367624
2001172517
209207924
62487860
816015914
1878563680
200354718
831957547
1406442688
474293016
1305402807
1622142252
1450375282
479687277
1853561078
124687420
783534349
305230583
1921068364
212886538
578381065
1853379072
1976987880
1299304519
336667391
643498972
1899193695
1109359573
280249047
1318666894
1882818295
1168616671
1172355763
2092026219
1231104531
1988371677
1823106251
1431459249
672845577
1082065292
1905752265
1978248384
556723896
1208643900
310452013
262801326
1333331320
1093986362
568031910
1106916037
1306872900
1146412975
812811461
1136377132
298233846
1149478852
1779876104
49943894
111354778
2060125151
1368610788
1994173073
1081258174
393482903
1938715644
164879057
234370932
1614338248
1596338307
907216509
548919892
1354606924
737981245
1105643788
415767176
1048433258
1368445115
1749098497
2142419620
1936477025
708530886
1301808872
935406352
1521342347
290702356
1233640198
523337551
2070578461
1283584092
634692329
1983219964
504711232
481381754
916994491
898194135
272613751
1081873548
1132565068
1886951999
530728207
2039781577
288388243
1885335132
630279175
1394032031
153618660
1678712433
614993498
1902717157
1673648406
403986875
463764395
827973630
1339393227
1985106742
1118675987
425549778
360960646
1041770800
1709133870
995652975
877507116
66361455
1477034730
1794501607
964555590
1749648481
728891508
2097120658
1489116832
1259619715
1989418588
1777505075
997471199
472214115
1024053458
1151089860
3442900
1639046957
906323369
1677091306
2043033832
1370087765
357581289
1234943412
1207710859
1476257276
1660493190
1568671505
370544428
1222143412
416840833
1248051544
1288504867
1893875563
895069504
105576810
1496040396
1623961012
55213820
837673580
736097079
2044632408
467695007
1733568279
369362875
1491748465
737174491
372805776
983311774
1643497860
2049897082
878861959
866101977
259994723
2113805371
2073812837
1736251999
1626814913
1495000694
2106796427
701474677
1911841527
1207364324
1989979545
1658233442
2102433828
2095556355
1006790190
1578911192
3286527
1844463770
167524623
2047918936
164675129
1901092902
269798163
1656423595
490783745
642603939
492251721
2134281606
545017374
1371113680
852899935
805012097
1337435403
779229124
393780449
816766668
126746171
353093228
1518241346
2038587698
1560457552
1360737243
1549337493
1515407732
1308809950
408644035
946835276
1312096477
105624158
1114359900
1212531765
270299287
867969154
1482329929
1926722882
1358752900
2124933868
271490956
1345550858
522467594
1642604636
50967145
1327479692
832556392
830196270
1721260141
1649323060
956942441
2074353369
1020080758
848046491
1487327274
233334353
249900336
855251358
1542144303
658544372
1802086635
706757133
764168530
768962887
1919288898
1034467817
1636932041
1254135179
813707052
848201293
1231585400
1085198008
46268503
1754052994
580318996
97235649
934049038
1412875388
927431919
507825531
914714801
1884374360
434695253
1934795559
584937203
1922022527
20646265
834837540
629790237
1562790568
1493381912
284393224
122064053
110066794
1053356111
2041352952
1144534611
542804505
1148004483
1958241663
1391005798
232106235
895956023
1437274302
1986159230
1476275020
1534509951
772724620
741666760
314458222
1280550152
1656381561
51348934
1715245405
1443693473
636286137
1489784284
1464339738
1471123677
2119574521
879646658
817021941
256484098
1001710712
927088735
1309840209
895580016
2071623347
1852644714
2043584499
1882381362
1096166865
128207087
630853738
385957519
2114366317
2107128758
1920467470
739607289
701311870
87442044
2020157441
210209784
138790978
1587919198
1653903257
775077115
930219834
970759347
98717145
902310708
1850406005
915739086
1158794806
704633069
1842827822
321151367
1600213085
1766967521
26312434
1496313937
1501865235
1122479299
1624521024
2132718973
1508436818
1591403693
2092364083
1281420640
183527334
646192306
1368862684
56201128
856402090
1507653662
1644120326
362821699
135247129
426856513
1333581046
233964274
1329167221
1036503403
1149703361
340478379
1741136473
845047535
661629746
1193865910
464531408
687942180
542696199
1966396643
1810421479
19733575
1951631969
1171374649
1611137268
1896512404
305311641
1794664603
395221062
1674174325
1850865731
1251623152
1034344339
1347502409
1614444851
1169591469
1774358922
800542249
1403555743
956042495
1837045653
405775456
1296520874
1430698478
1250822991
1958150621
477080740
1715354399
498609153
1019776940
1534267395
161546985
1039510515
1338415716
1332921634
503164136
1087444472
1638233276
150345091
1482665535
1164923953
2001210822
586805039
51784645
1201229583
53766243
1221376114
828104858
854308492
477448209
1784147353
543870497
883223666
933184580
1974568975
2134046657
743851553
304166068
1701917409
1242460706
1323943008
1088701156
1404007691
215969875
279633224
589445678
719134011
1367077696
80195306
869479102
702259583
1245119259
723206276
1289064623
1296903904
1924435860
1342830866
370796370
605057070
49655710
848244580
241720775
593526208
1731468246
1174905355
420611535
1718031255
1918756908
724777603
1272465016
1013733967
2048720611
213682524
270258010
117206839
493315748
859703688
836340850
1860393445
939898994
1705819953
415169380
37534606
281542581
1704234003
1334438510
58494793
899581221
1705234881
663551863
949236932
405995813
905272639
1542763140
2137464059
2080177994
1963374675
1708011666
1851451255
540668631
832993035
717701574
441905594
1046675559
987959584
559112433
1539991308
1847663273
1395453284
1252901105
640078619
953789589
1668070485
677613225
1235332170
1224820841
2012051736
1293826964
2124402062
1569802969
1957378827
926155346
1975798782
715167818
321434838
1965779193
647862165
137325866
1526307211
351829772
677994497
211816598
1069531346
1119900091
1258492158
2057490930
1679012525
650999818
1757670555
926982161
1903900923
250265527
1880771750
1424487760
927878752
968620272
501824953
792446840
114963588
478743368
214766161
2072342416
1404898714
43081295
640026586
1726333553
2008860488
1287888751
1863659419
1387684052
1639718523
394170268
1599500650
561766221
1514070359
710509160
471773504
1045599236
1361508978
81960411
1972581397
1117926253
332225938
1705869499
394930366
1260104691
527006124
896755319
2052551531
641969712
1375498687
119834045
566828480
632913754
162915340
1206855067
211763659
24292181
347260170
2075423078
1411976233
1986978694
322109698
863993235
401261267
1836180057
1574502396
873034771
734295646
788527726
954995183
559393395
1906453980
1287221121
117779247
153900698
399842164
644785371
1050656017
304910048
1286755083
278671057
424744093
1853583564
911584811
587659433
912954983
1123348470
611951614
1260215153
1051287900
2023927847
1099710199
1373397598
740437435
1500971467
1062094007
167456183
226522590
1796389653
955983909
1181517773
208299401
714954241
321255247
326078648
868854939
721097411
970864019
1919510957
1026007459
110135454
50698366
1450751552
1963719018
962283177
2038410986
729190353
2085631647
502878952
1989405507
989435899
379323152
941632058
215349849
1119760587
295119877
1277443856
1287216770
521642468
926349862
95717031
1703160241
1134649263
810671273
2024415488
1460727911
1679526212
598029252
284108282
1451553521
1624036711
394243736
1502251887
927304616
210479107
317051416
818231954
939669460
255199415
1321110906
781591319
1244635314
1700434058
1723223378
1459985163
672710997
2018343255
589945372
1959927767
392502075
1516295234
2055644799
2095662317
503460849
718832424
1972594157
1964188760
250874988
423139761
100813394
1702428510
2047176473
495057130
1057196749
826997441
705536237
1374248166
1645229395
1645205698
1629447581
818856653
279313369
726599248
371807064
2002536747
39100763
1044518061
1873396355
629046135
856962181
118414782
2145341369
765123332
66593451
501318570
1483955756
2039187609
318023682
1734830744
314843722
418837076
1289775606
214536547
913894207
199488708
1041533988
1619430444
1573736874
539279735
1117152494
1055700807
1358136389
1396465864
1782300055
1729943453
1251518963
1821400819
626977866
977431670
302963306
1483940047
1095846453
300821028
101579731
1162439904
802139598
1585535487
1054143865
1120163281
1172882584
1368987588
1539000357
315174542
1583524135
305410916
514663250
477574476
1924841361
2088400124
1016854211
894510207
996617284
227506952
143492423
631433691
1957450405
1395011387
305350862
436944624
224959409
608314169
1920884671
1320805862
909135197
2022464403
335762119
1711274795
1460516242
1389905984
683954428
485915178
611409924
75471138
801089721
47450412
380882054
1315752971
525024888
158239767
1256669448
1541879099
1052749975
105803084
1769386052
1196242398
737236775
1579352809
443770137
1042587638
2016297433
668729547
1650901807
1789698457
1989535409
412553356
1664679212
177813880
2123828151
977711806
1567719865
660298932
1463626985
31646141
735770070
117233058
79096553
1116652124
1432986029
604121441
1274891892
542171829
2146000541
180158219
647974913
1767902945
1376400617
1385211689
1199772106
1820170755
280315679
1068585892
341416654
1931217486
710800701
183468415
196287194
227996265
361282296
172631697
1205708071
1929002161
832930629
521851408
1960648302
1568700699
639084466
2039744856
537869176
2072070496
496382649
1812761068
466758677
494899542
1992919287
1114733591
115318839
1221836256
352461632
1315090946
894523363
632777311
236193190
1235940017
416511149
946993891
1419408433
612798343
1174990156
1780690729
785430040
233214579
1562209242
1618360670
755065988
1375373896
1039577721
1394150454
1267635104
1577446897
1318737302
1764017754
1242724317
1785495980
111433648
1088159956
752745923
226752488
162512565
1105207555
1541843434
1057035928
1737984866
1778036624
145492298
7012367
577546867
1564900731
619810710
1752537023
1198107812
1405240750
1985751602
612833406
876117772
593333942
1988207302
1915695494
1987484397
1108358759
1345658743
1158738051
724892865
440899413
796750383
836326513
1529059369
1549496306
1063079001
1691571934
507220213
457438787
601124215
97721431
87991763
746616513
104733798
665538630
164033596
724544508
270592005
1362141408
2129785259
108859960
1974974814
858419383
702193902
1815698468
626631229
542194651
776573579
1972289973
1700932703
1501466444
265705738
350199438
190309310
1794765107
1899695745
1253388311
1338853394
259432310
1710827099
1939977609
357153742
1798818862
539110474
461887540
316873845
703144070
1186432049
587465850
2065285478
1168733660
696325810
1892776644
2027153043
1398519713
1560991464
506300625
1940714364
190081396
331106950
1494163419
1691547840
596812688
1844362858
1881857150
244094147
1596574955
987761814
1582947541
1856007265
551105265
1375441502
65677359
202440479
1914551976
527564900
519314324
470212398
1713996949
1106780175
388014228
735246961
1803105985
133307224
614916356
1054142050
1694298689
1121216981
847372767
1884380085
1452323931
194052538
1428444277
2049136619
2038415396
1162817780
145747119
1487506703
3095946
1728694660
1196030321
554201211
956652515
1261707680
756641690
723720843
1789272580
1275956015
1193933242
1355785881
235252542
1581947470
2091032842
2038358527
1715254695
558465551
945016930
1262069736
1679682532
1792389697
998966173
984522816
1986442235
279926802
886175787
1877373984
1442744582
1031922906
1217397039
1445840528
613133919
265943712
2000041739
1569786434
1527651393
609199782
146023629
1169440325
1885155797
1339956871
377742559
2120408339
774420694
321291753
2011283218
342191741
879757304
808816500
1604261477
411956189
453722549
455744002
1396479005
292681137
735670804
135171144
22571473
30931739
1167094051
1239968512
1476772267
1780227970
1505912225
1329330359
1202530756
886079970
1938530141
1348554385
2055520295
1676202290
541027609
285779206
1649126981
1315448303
607070960
1512926551
1657640044
1486828264
174259404
1114417873
1898784453
627981953
1570161875
1147779810
920663090
158349031
1282950955
943234563
189280770
302561358
35719428
1666053038
2082789328
1541631653
847899749
1137836436
280227975
638946242
338907173
188264622
167664884
879934782
474043829
1816791865
47899437
1081114789
1182234768
1705539481
420459405
1356494172
672473706
171760211
1984476126
95151933
1319540021
757655568
253500965
455007328
1700890132
442781735
757568686
1736609560
2108834773
692874366
1130757565
809250874
1830710802
1410985540
1448197116
22134328
1599250162
1615862000
902069110
2073293991
1285170217
949968548
1006925132
319921338
508024381
1427384538
1676415510
1180498088
1599144749
1513407988
1275650021
771201122
123579909
1529150986
1226208451
1824470041
1971932722
1983777137
1413595953
1933283847
529167856
396869870
595051074
212395010
1807855410
2043248190
234529338
1259621924
1511626543
1136598449
1185432268
649313112
2086566997
44873752
969234450
447107730
1472258290
498166313
1627605818
923919391
2011574301
755772192
1695120514
2135154210
137439530
773845317
1812140603
2109372252
610138806
1078252908
1895172452
1139306662
1475122778
342739878
1351701673
1135494540
238504420
1586231011
247632817
1750130963
575345812
1433065085
251960428
514429161
1477938837
1221194878
961536892
802713480
1719361191
441659062
1726632871
1583451845
1197431254
1274269737
1571122407
1334870785
2048115054
1235779363
1296759389
510770213
166548623
1044448193
1650076875
1641671402
1387188071
854294900
629682294
1625692492
293042264
877315111
1228339807
868388076
162896548
1480300235
1382817238
1640835386
554011466
196870482
296065218
125889009
638529544
2022698089
1709340854
1835960799
1149484179
1132979614
1023347936
1050115585
221275329
172623677
1560885798
387823952
1217071871
1063479026
2029495354
456776294
1917773926
511694001
2082468786
63332542
1389009112
1163324946
931720619
1551905661
496141533
167054209
1045257399
1050152999
363924691
1341322617
1176042009
1002454235
1216537058
737899215
690931386
218537589
1870878829
1714279322
1268653175
2092154158
1886903000
682055325
332494463
956491223
1745534351
214506169
1413267517
1515824630
726200170
1348252656
1579157172
2115209283
364093954
363394143
1519631296
860235487
530448352
417405047
1910388487
894373043
1758727664
938946848
1896827279
827781074
1676846063
440275017
1046318664
1400241245
7070692
167488191
1344911755
1893973692
849543516
1677406218
702981267
447594220
1891912388
2116248784
1963418850
470628910
1317017792
1395092374
438354545
1681111746
1758486518
1957985841
393863586
141451222
227907240
156768425
1035824266
1986634904
1095715273
785167897
666932331
625077688
1225442914
1713250995
2025318933
1232513606
1880739186
1222747041
979003650
582799054
752669611
1681984917
1030393274
497098351
1650750054
846328476
967727262
820284198
93937203
1406081807
353912297
1852423721
1216584001
747775883
1993874943
1444491241
904544308
882215561
1283642498
2000259581
1667383458
1950574829
477853621
745342725
1516342176
355688907
1977856331
1249597714
1578435948
809376334
1832396768
183621911
343877603
715306395
680720263
1994627657
1561634871
1648447525
667428208
1655572074
907045684
1021340505
1360512147
2123629685
1769116388
1206903443
1420637279
526177048
2089119004
556796129
378952981
1609018815
359887310
856806602
206877892
1876229486
1212495509
37250575
978343552
643447809
846626909
663256672
827069721
1190504513
1378563067
1507789984
1037648522
792714291
1008753861
1705076730
300802717
1915799545
578933587
1661314865
1891945583
200566327
720734660
1165099214
726743375
662370016
1721895343
1105696356
123905183
2081782653
1962502959
330783075
1810528491
1027514820
368033651
641388395
1670962630
1214660560
1304645067
350548703
257681425
535724487
1858338687
1295329948
1328438778
719608900
852923030
1629241495
487924797
1431856618
1143072712
232386732
1632422945
1863807372
1397485946
211682673
378693741
971897641
1317379029
502598924
906196646
1132398340
833382000
569241489
12429513
1201415651
1210629884
1683392143
268592563
367791304
2033940846
526273989
903515791
1744795885
1821603937
84470921
316921137
527043319
1713712416
804845934
1958899937
709301481
1037232667
1443839235
425625205
287234965
1655521908
804318946
1259132607
825417289
1306917871
17845605
1957815630
2140299871
587087095
1970245143
1194231874
1797716979
1506153638
1462824437
18024635
1392610836
1989098426
921540426
989923073
1663218715
1006011347
1306844210
42778387
572240116
2111690144
2001678324
1281541597
1001439163
1298033911
1707166802
1288674129
806072171
364002101
400323088
1631489461
1670919972
418168693
1441821443
1663736195
1005255788
1264582938
710484421
655489120
623252928
25825210
673513755
2015863764
2014923637
1595054182
858303189
1530658704
453581881
17663751
1573437091
1025821997
2129353895
1427631768
159879946
983309411
578182031
1867046749
124499892
1384254203
83565202
524822980
868260016
1754485174
942991673
162597811
1270737721
1948247462
1427180749
1981222142
456252934
2050433677
2007047352
1129766689
1918813793
1874487341
577337223
629633334
1257662398
1030919105
647297085
683615841
2056741102
629167332
2111247609
69137401
1612476743
541945993
1936184150
1736976635
1926200196
2019749352
114315967
646976564
1626750878
1057307641
809574375
750004951
858071455
89271476
583743445
1314324389
2139705153
443307149
296607430
1911035298
170310843
873944654
393184984
1427973241
1904863759
1040482069
2111589082
1814121213
1669649401
2075353044
1883258614
1134642497
469815389
1671959116
724135484
248531937
1544224820
838451452
895508501
1023492050
1895759093
1705082876
1773497001
606346900
1794354352
209756798
1920671289
1786575857
653063948
69795071
1550127507
823374791
943739725
1943312491
103864384
701119836
836310912
67969818
367757402
358476665
2143322862
103532368
1493119162
465654603
1775491485
69770999
714186540
1172232657
908222451
1609695041
48241060
656497896
1167294269
1821738061
1262844796
814164973
2031494860
1036032437
453257182
537075160
1105827508
2003384689
1360449951
2049567234
1799213532
1464314335
603203422
488040796
1532284153
970960824
846517462
1528123368
1074493193
192152976
1993777971
702501030
261923975
560480864
1874733687
1170146426
22692257
1922974747
1826644322
1189986527
1597229161
942005470
2004151500
1481240373
1978037907
309925035
2018315533
936381768
165826076
1231281836
838465354
1965039609
548112523
1441668776
305596757
2080396676
265145953
1152114219
1461036396
1339639146
1344267196
1307330720
2042140176
1606191171
1867811584
1769390215
628853950
1890503841
1544881315
308014624
933006720
994626828
1250020095
789674573
328383553
1080574354
1099599608
199215438
2016956122
1265425684
1430497274
707937828
1082981645
1978609797
2122957
1388578403
1911522825
267268910
393208974
1225075574
1606908056
1737476170
384922646
1501564584
1196183694
105250582
1123471151
1825037644
1995754423
520868818
2133052268
781277496
1515495646
1235588715
1570952069
1843879199
168679422
523068029
2043094637
38151896
1788493713
1326108263
746089725
723991711
1157234412
748212682
2112570114
921273590
1015481592
358295440
2146349164
474906000
2095771611
383788162
1976470584
1144471657
489038744
952458087
822025653
337309519
1473326906
807594273
1118587015
841338904
2043182989
542055436
537734456
64378763
1065123465
433345445
102530659
706133531
1759453709
848620384
1430125242
769204473
1596833066
1395211708
1690478063
464831010
1753507148
1689343579
939737010
1701795111
2073131741
768723946
698783120
414686837
1721182034
1520808773
751996357
1047025292
180919399
1870583372
1888364196
76618740
265155161
278615004
140997503
1330278626
711960450
243528162
2036412157
323930511
1092148547
1319053751
1093134984
541497965
566781811
636129400
1006328976
172805312
177989331
1946065986
1874600423
103637425
567306285
425899896
518324262
141004671
1946708669
1270320619
1188029963
2127628068
993420344
928910511
56763160
1258575505
1207525516
197760663
441370483
1919485966
441288826
330298993
95932829
1533437373
1649352744
1189067813
2074935338
68650908
1825197213
933780666
241456220
2003186545
732363005
2116056643
2106823970
1299669290
394472891
477664584
1440673961
193697913
1747985204
481220276
173842333
593921900
1410130787
230605494
1852497405
470172655
428366157
146384240
242174973
869654983
476683233
338107802
255608708
2126035978
1527175616
183060399
47203238
1204889181
1116841065
288659458
1060592078
1849204070
257232453
1019932400
1001389712
651705345
1497596985
294580025
845403258
1098098541
775800301
1019245591
1692020441
38447441
1249851085
1397034198
508620096
1678217243
1543418438
750795070
400388578
2020101672
1088902872
655997287
1998654002
468594840
839057686
2045857240
1673484022
1955898751
187033050
586592452
1657619174
444265503
1606524853
511525238
1095970848
956638190
806105264
1941374106
2054736731
1581905565
813136050
1599273524
1620353006
2062987135
848824074
2128973103
1593720730
244758864
732284525
1994109309
117376888
1821187397
502622948
2116030890
142298590
1341680634
2014404482
1815782612
1150095737
53953884
254891416
660231263
498219388
1861416269
1171756502
1594190236
670570811
1977861766
1388080695
577823894
1412283683
53733097
29613770
885153042
2116720232
878437844
866642497
1562957315
1123196709
1598927022
1409582976
1240573597
1272630771
1912205924
1209120840
1414929361
1106402910
1076041674
1083228325
109014999
1129995559
1338119742
769246263
1628214947
1052052363
1941002765
1074921535
1722623175
1771380883
315518582
152963421
1036180918
369251679
182577192
1921333960
338488264
1061015036
640492809
1901445579
36728097
91936183
1163544907
1277301695
1364566955
928267183
338938887
632012668
2034670093
1414980561
1715240994
2143685092
397492472
905877088
765447707
2025707419
1957929451
558966824
953145307
1533068978
182864059
1268663889
1686032400
1219044978
1637915569
1868609592
992895290
1976403833
782140980
1633388100
1730365764
818869078
1725324283
746427023
2096170773
942407590
1674694206
287626012
1574420259
1561880651
1702606573
1142177605
1558082095
2100099046
2048054693
176046155
1978322817
1858500496
735012979
783984476
1244085827
917877039
2052648366
782634579
2136922017
1543080287
503760523
982333659
1372000472
1285901503
468238111
954882588
2104770581
46078747
1701309611
2053457706
988486337
1228520169
193600070
415422948
642917172
1896206644
1557600553
53515619
1848822042
1458171598
229561774
1679661211
1169188447
964574754
316162040
265790626
1882451793
221326758
1048425205
1871890162
1764407045
1552185728
706740173
988923869
690603583
1174978285
1943806457
647890517
1221057032
1497632420
553864575
62059721
578668941
747464646
477482670
1221586113
496187642
2035083223
1275101732
197526036
1345771174
1504663507
1877187247
367475973
321754613
45865639
633266599
56722758
267192397
1681691804
1928612920
2031599442
1086393884
487869445
873039663
1776997467
1662847730
669362472
277404336
736421114
19511244
831268912
798480836
598180185
1578733558
1275963506
1819766298
2074921200
1163563081
947384383
124963588
361850607
304564242
2002150835
729326580
626318855
2048016475
1362593179
683041613
167725224
896801335
464170885
51841019
1983195219
952040330
924880682
1612709039
467404413
1594243155
1890113375
1203825527
1613754399
573898639
2002306363
64450937
5148549
1130786221
1884217235
2080069749
146865655
684117970
57549689
508716262
988682212
2059700525
1238042843
1615001067
1960233352
453152374
150559032
2127958576
1349953710
614729917
32315947
1185665281
1566770248
957196630
650890672
2034174661
403956137
393520400
1090516540
2017710536
967419039
945339256
2082161473
972567589
2076125477
1818895061
905153690
75507484
355529383
962703380
584223747
1344211596
874920257
1822266590
811729015
687669961
127935316
962288048
668144889
1477889026
1577017965
700460837
516070660
996304565
1657657467
1166961332
882995578
2061613604
1560481732
1973512119
1931840492
380417124
771367727
1866518318
1352984713
700009556
1537929731
110654755
775517041
1893459114
1073358135
1359740788
1090187062
1948278392
1034523730
1901916078
488464705
1162459046
716720478
1156609595
492864425
146254795
1857070432
1008935085
1142559361
1367244251
28412769
2025554939
1281374207
1588894502
1851583410
1065731051
1969311626
475467489
784765721
1174812691
1175477046
175211804
1285467446
1950994087
2068670919
211341934
1163251227
1011374333
12136678
50291309
765806763
500601384
1212750355
1482527241
1657210979
1705614780
1628782037
1366797763
567066217
623857750
586558366
595478987
501929041
1867932573
36889841
206028804
786179976
2006201467
681496293
1570945698
1033530510
1856973339
1746157502
171514308
1660483778
1667344773
382856242
676251357
531235459
394992921
726542666
1297042222
895594305
1939293022
632085816
405321636
1497424154
113384205
1772119399
2064490372
737241955
211194117
512485711
1239170996
2079126690
549375552
1445199800
717823018
408093371
2126696094
141285068
1441623881
1836185785
1887442571
1613138189
1349185916
1407303696
1995994432
2025437273
1938539155
243503705
604496292
1088097730
1139098010
396305666
1720183546
1544419646
1893729820
1833567751
1169055397
1810736544
423326058
1380249514
175738607
1662497054
1311892556
725114159
960213207
2029715574
1133207530
939425653
23516995
427347763
628127790
1910959566
2040485953
1977313706
1170779614
1888996737
1855267332
961835122
2132500442
312279976
2049932852
1124114804
708585642
1622632750
521050802
454831814
1308716853
1690106199
118084711
1732042911
922872065
293823318
1247056317
87280973
1018937478
59785876
2116996547
4661360
999211529
2140513542
432009124
1627339320
1903989460
325011429
1457169378
927285427
66524518
1164953062
1889120549
51541312
1477233038
1791569753
1175656116
38335032
1266718855
1696706918
493166847
427952060
1239329469
611251558
12511323
14717886
905074876
1259567640
101998859
1924012354
1319353517
71511758
1928673715
171081398
64541653
213199191
1798420718
1968531113
538210620
1108106449
748332892
604735138
125575863
489969793
656276450
1602808902
134055898
1831932566
1641143934
1400774753
1381155836
2134310781
1828726813
473001657
598078691
1841238136
487719543
1503153568
953322129
589718402
1279682274
125191998
661230160
1060872341
296273396
725771813
1274071532
2094694115
546819279
1812282152
1055316916
1295152171
269533642
1180892779
1785121965
925810092
636218033
1919177863
610259010
129878320
1172468969
1991414846
116705453
853712134
316932855
714784145
547466623
804652398
70454065
1500788752
1394370800
1350136339
1625980750
2055600961
263525033
1922254146
633889126
1537596565
1869464613
1180708405
1202395070
777297881
328376929
1471928712
1958190661
2113498894
250255157
446925046
1885193109
860514167
576803366
910178430
704445366
693508820
1763890565
1021378221
1408292965
163873540
1826030620
1478747030
1664662292
1072917772
681399721
1143159394
981035085
944924754
917929892
1614924212
335037672
639910858
648148969
1537432742
1417208739
976525898
861877806
1227915752
942541144
1112132963
1674840799
680250606
1972647131
104160517
1590429036
529608849
797669337
1206835953
1550987070
58478654
1370709493
1229534042
1537225684
887888137
154968167
71141758
2031047531
1136003252
1016066512
801493776
603443816
1351104184
1441404634
1251592786
741053278
711129725
80635036
1602931085
1939045478
1023176181
567580400
1466402629
1703426787
392743883
1570563146
1146372175
922352732
220748836
205724481
325856155
279227490
1576433974
1555390197
1816453175
316838464
1710358364
1887594933
200402347
698877969
756177797
1001896123
1302321785
2107281982
295817109
406430923
700851612
1006946835
487065960
156299049
798508665
1510242141
723879450
117427646
1066185280
1116623333
1687990792
65073807
2038976066
1908739628
270798288
217348573
40483471
1847232263
1772738770
1856936646
16587079
1335613487
1597047931
216989426
2034491456
205742080
1218885550
1189329593
165540414
1514702659
1595760517
866392027
374165846
2082826477
1022691076
1172674511
1445584970
1746570526
1290102157
364286602
715710212
830609302
429360409
607202630
591865282
700158698
824551203
632348753
399907313
449806325
341801751
416494392
1785419812
1938849682
633483818
1672427620
2144591763
1852369368
714273566
162648529
1219588380
162550435
1029040556
1593754226
97893264
2051731633
618945090
1543478234
1650818511
1909047247
1907764836
219045075
592172901
189641597
826247705
1184038184
889800295
1650798908
1816386937
1289707608
2100605234
10705041
1706202000
1738541398
1949554723
192202171
1263485371
1946662838
2044571539
1977758937
2109311368
1116676271
2140309372
990868276
562946850
90718988
895116261
1181891940
1634197222
398451125
943455539
1394478410
617496200
1535628441
1584120007
1443743906
572182977
326436655
947059166
241086266
1616144263
900180752
251791307
1174862616
491238503
53862383
1367064787
1754723874
2000525221
1264152678
1584999163
1962352941
233345302
1577824887
805737570
796292152
1668543875
1700853831
1978184092
1155257449
2099304956
774155983
402252211
569317509
162300776
1986372218
2013061415
734483753
165325225
812636933
975570020
1781469489
1712817686
1227361327
808848457
56572541
1281223710
28429596
1811296415
1134265284
1292582274
1248811930
949134577
1525927576
679153169
1754872147
174736080
200213396
1308242331
5436524
1355470845
1260063639
779592508
1757723056
1829381148
941893284
1596611626
1694958915
1676377038
1761936852
360112201
504463410
1395922693
2072929887
1731824737
57287502
2129502428
865564800
85717098
1793315195
1999830084
1378299372
894643477
801481013
756743301
1573796646
408869513
931479381
1774010042
1717111844
936915906
981997239
829691835
1716508414
592236647
511589336
510918050
41364625
59064603
39811440
1803301477
419176804
544274850
1051740522
344623043
128615940
1109028024
326641823
994180740
1194745122
2119957018
846527176
425560847
867116847
1648008189
1182304148
293429845
2056877702
2113783529
2067439887
1626505898
903215787
901953478
308714086
472240553
1494190125
820303422
983158604
1535554751
879368025
1022970044
1191372580
1298544830
1567244895
95629455
1643167873
1695860835
1204657479
1969809697
542557927
251918954
1942283067
1389085103
677479801
661916267
889609644
1859783949
955346112
799003699
1826083830
875302352
278025949
581815970
1777255830
586740035
1054056523
1123962308
1407043457
2037215127
512033411
138927835
912701524
1703405991
1437472665
332462771
1799035446
933156890
2028323606
856209278
755482939
423397885
1108128232
550282359
1812482988
1785608033
1212198626
554608984
1497908334
20061090
1353612683
1176508516
895363442
1631638633
1758324486
525135625
70895020
664897362
1649097933
1477938478
554628841
13647696
1616866313
1467330365
1717053687
906855330
1799793136
1368605486
1840012220
1680633094
77331116
448011512
2104030979
1185459348
998293871
1769030319
823583733
63008849
176155656
174008419
83069939
1529768339
1350516935
978433382
1013923324
961357774
1503569007
1084818345
1626255136
1005183292
415273175
33400329
1018830988
2032139488
1500730695
588401027
791511170
1153040183
1957006513
484039742
686189630
2034337629
932051254
642736961
1072313329
1930345125
264283633
1895897062
1993353974
440439289
2069905481
2076423914
1970207628
1272938769
907373648
836647305
86812895
263459007
1921465650
1713068031
1268642299
189255177
1746468360
139989639
73911017
1099715407
728390666
865422187
105271943
537913532
1349461929
791461573
424767513
134029536
1434198534
1497080843
2064374661
1698482167
1245494257
1910244988
2138921456
1167916091
1839185254
1961645437
293371212
599075254
650809094
380184107
862534261
424791096
2093252138
2131176560
614046273
1692236850
123682551
687957290
644468610
852073217
1553379477
749740553
1389986749
755357758
1541202126
1814754263
889387294
827917012
1164351458
806278308
378915532
262362067
569039648
370353340
1430278158
260741254
184515129
1723649370
859816508
835324223
2103833477
1722350769
1260115319
2049601967
1706043681
1874161592
1594355170
1829726232
414635234
91340132
534315801
1968014711
841080685
1924302551
575888822
234799163
1591573166
1465276116
1062716175
608440976
124070776
1441631707
870803043
693110424
1811985048
153597554
953851678
1996500177
1877246924
1813668186
684340753
1833596754
1388535307
1944456072
1735715073
947095340
1671134017
1182586595
629337924
2085769251
1273926727
1163653726
1906300315
2115007412
940472629
334705489
202322927
384562147
1799981605
1265039103
993003123
1924052382
559187162
1863806166
469679158
223688562
2017403720
1423530837
72705092
1747166997
1089715375
757045845
1433280103
330767035
554018269
1021511528
1277862375
77668638
56614476
1907200300
15954242
1330541203
923370378
1922254557
1298064968
1863843007
109476398
1500387895
100921506
1909458003
617943350
1093924629
1686026737
1177130513
810247147
8222248
1400819075
680167220
1431753085
1473524167
279850569
373984812
83086364
1713130672
704751847
637104634
587158552
1982614223
714773272
643773028
1742330875
730727514
1974314232
518217605
505498423
1124895552
234576964
614974821
477799799
335498470
376949177
1095743150
1429423099
2062975914
125390015
92186598
2071198162
1526209090
772353818
1355467599
852249610
1052204387
1729452412
935335974
617851411
286720611
1572440608
1205009964
121851186
139730233
1848782992
1864182061
870457747
1675613576
234916018
1375956171
653025480
469492982
1990930992
1130825280
804991452
220396521
79084782
86930903
135888788
204474797
179117502
59603302
1730683887
951471320
1415070902
435449849
2003675708
997039666
1370785824
474043471
1283760277
795742784
1679053435
1405611464
935473017
1380352780
1122309877
1805930765
908482708
1357225896
1034403288
1561508189
1826718878
877850632
544849821
484226683
1098247154
623934603
571157586
1234135942
828409400
750275088
1293739244
411609639
1701746409
561326498
847059489
1557938469
1558366164
70361665
2031981940
694642794
866104449
1563551728
2100254258
1801577467
796420860
1075080487
1460024584
1704903568
284822735
346944224
1118928109
2111541614
1224794856
1663777930
448284649
175558362
140228885
1019442235
1409694304
968638285
1769717324
555949901
1380247925
1323980085
1117276399
79823766
734434906
528158916
150185431
618933198
1222801710
1016289880
35001278
1175572320
670383699
831422138
103169159
2130408283
388842059
387991895
329868859
1507770168
352049861
1554663716
1024064451
800334510
1730222078
1164293336
1819776745
992432735
2132931622
1442010421
1548382636
1365695899
618506858
518175387
1445519665
1352941764
1046334303
1595705096
1971874963
121652365
464511328
2006876241
1297224685
1134895028
690814732
1400393845
1117819663
1079656791
1788385740
1447688523
439943311
2140435601
854868591
1464007762
793286463
437607021
480817451
465579560
1430039756
466265425
1907589982
830938744
1831961324
378613192
1349114132
1129997341
1731554957
247964787
578218789
1555946272
369617153
1042730117
1415338865
1666841838
30141497
2106153597
919752035
1147961161
1038326740
560654127
448166036
1478270052
553606080
1303034627
794794166
1346892543
1740641648
1275611617
1812472104
1023197757
1741877042
1572578438
1854136501
1426354718
1951191630
1055766985
408868411
1535262939
1303731773
987087200
943725563
1673348926
2029817318
211580781
1192707116
2059958815
170250730
2112459152
1060436328
1208577471
525629631
1508602364
539363875
1079235712
664153343
1334158041
278644607
257311344
462286011
2091116711
1280509101
56679405
1516211501
987161954
1483034124
1319919484
2042928940
1891902535
707698775
1199177065
731506088
1651424339
725042343
613839758
1863005120
1917749459
526314925
2033255850
1882724963
1586751254
1094349673
260870947
947869970
1633713548
1340106659
1612023314
820387942
1618751266
1869334658
1282673953
1562384330
1002360111
1339353358
931112183
1989522065
674903834
103548019
1884967357
419322722
811246795
936660774
1150828810
315187486
1661703117
1764668568
30708958
1431968929
143499845
2063964808
1167210244
1730251099
1010830834
1428081191
530637422
497060734
620704202
2142660736
1317448676
91971821
1864511746
452638981
1654356151
719388209
1791992340
437984686
561426626
319412526
541532706
298910336
738735248
1352779501
1235571110
1889564058
1667966987
749790580
1506748978
1698675945
34275861
1650248824
1615157105
1201486105
1233016275
478504291
482083649
1763653697
975565026
1102787851
1758830785
145530054
1194759672
1475858883
598169036
701632175
47763444
242677728
1139616862
609190071
562090254
1681149568
908100407
1300825503
886445421
2143671517
1042905913
406928760
745978449
402171244
2105604705
780254310
2052420068
1573278162
1981740416
1137952695
2051782454
316340417
754122745
879863832
1419128268
365469882
1025393886
466404293
1841328766
1623562922
1168036468
1889092210
1866240650
160169682
350798633
280847257
1841319250
1258899040
1581672760
580281023
1255086910
477095025
987209783
2001065359
879266269
945330840
633836022
784202689
371125355
468092790
1922155385
275424161
784433207
528794482
1155287993
56077827
894264364
33198231
522482120
588109482
1656761154
1690518589
329718045
1375518156
1850688271
680516678
1656365413
1544523874
1939415719
1090554525
2124804897
1047018981
1567649551
964531033
900600692
299432172
1909861873
1534436714
1083634862
133503580
2002529504
858306599
408927741
639479063
1387101081
1564215734
695556891
133881797
1597413966
1218039011
721991280
1106691472
761073952
1051709325
334725980
464278576
1732226003
1991091394
2008802450
1524158074
934162271
1986123699
423693407
354328174
803171084
1324294100
653760347
565549310
711247166
1737395209
699052890
566293023
448218160
1107980632
1205772086
1835319241
524712718
1901328977
1969201038
2122126684
971884341
543708670
1081334508
1732958293
1595417995
1416060489
49753221
1180160351
1259668235
2058555671
556834777
46346858
1897195723
980528185
400675033
552883159
157338637
1054435380
1118432469
868585803
644346941
1817485360
1434878826
1092565101
777982344
493167265
780400694
1302695062
247012594
602118084
1277338099
1218896935
1145826755
211188959
804371581
593761102
1627249448
854124802
1773921453
739434035
765196826
183272583
785780894
514908901
1163800768
1186455927
1067792060
1321139405
93407659
38740882
42241560
737754600
1856226242
1477120387
1830319701
486724938
1970287652
463236747
1789420000
69816598
1065354831
919274451
1288713534
63697938
1130463411
2093085115
657459041
610229211
799726269
283896846
1349663247
1564923095
467169429
2135444141
2079831996
1630970197
1174416420
1000140409
804625954
1267824079
1038881291
846867515
2005578679
747623885
176504254
1688414732
1234348823
2146791906
4167831
876285175
69124856
1069522662
1795559627
1357838390
1133220601
778539390
1303439857
1790679642
1388768601
2103166127
2074576488
590948200
1520605574
394262270
578908693
1452953923
2025232467
1753325113
305610684
682374774
873665544
1344491975
1529242289
731760575
2092115860
1705746543
272691659
1178981035
1705054801
276859490
2055266210
1774179657
1346382153
1703342189
984534400
332119106
334397931
140490609
2122798748
1723166533
96173088
2049891588
166631085
1616778663
296670210
745539779
922248938
174419030
351381244
1227859622
856793804
1225046789
424867949
238552445
1956807364
369500161
1944298988
82015376
1548481196
1501870141
358874866
1456263758
1128566150
1705257019
1012122300
2113100550
2037376125
1346520231
106107512
2012691225
922203116
202280600
1915099166
1088834202
1819059263
64285728
1834373981
593824553
238704758
38271577
1821684175
1095498562
1263318366
99068476
1334051007
1072642083
468568637
1130866347
1154657459
2017049833
485252840
1513532325
1325829944
1613818991
1071305697
190468596
1579435893
961198174
1536988827
1685543405
826405752
311708296
1887824006
594021270
1400542498
1559399621
658306998
1087432831
5740527
897011757
1125704408
1827424702
1992510319
241539127
1926493179
1179077679
1314181210
247578168
162460378
321355021
117144354
647713219
1834887346
1442974298
114048562
758709395
1633442894
1693484455
1719907570
1022948073
1231544213
398829674
1334656369
971884571
992850944
587715219
383800544
1651157942
1675148050
389541071
400686051
653368811
69482126
245712723
894907938
1995975305
1424790402
61605500
96069825
1587250780
382960521
213214179
87480351
70364219
1656188477
201528913
829073615
1142147723
1895013369
401497537
17612149
979073934
800327211
1352268518
1950958505
1793178155
1939983738
187275401
1296852449
1467648140
576816473
1697538501
2121016951
646298599
1943251224
868441241
494790256
1220557978
930046741
590860081
660325110
1313007262
804074261
747805462
1383371482
312779090
949334375
64961449
1454926814
696864096
466458986
1472538963
1675938030
1266786197
677323833
1479412887
912480704
469823923
1666688289
61849505
1937472064
96021114
1759388006
1911005367
742319713
1555155582
631962961
1237109969
628229912
1562009702
1827970050
1288555023
727533317
484560663
2036360485
2110904799
797339754
838211212
28382600
104782920
1535075309
494841586
1577321883
1063529691
1761627783
107162068
395458931
526624839
576985992
2062147220
588474344
366974408
10684686
200378703
130496127
753004399
1755534285
762459088
1990114368
236280550
176985143
1670600770
1524835573
904518460
7677786
1413712410
867939611
805017540
104439974
896322211
909800460
1639515283
1391163797
339638695
555561327
1005307932
446800763
951020258
1531932771
1023786755
865683830
2120407115
1390761163
876368516
173302170
1521257291
1629372915
1928836456
136232731
1472003635
17633358
313217874
995120757
1542468931
1217736334
1002798543
808697693
2085675945
1807816083
913137667
834514508
570132895
405169303
78194657
909771590
960730630
1083502589
1356572354
1911750888
467951712
232875461
629951070
440875180
1623636625
1506319586
614177350
997410268
988208853
395530158
1133642999
312728840
413163516
1446860874
1307849597
1955632447
517113560
163164493
616846492
455305858
1970980576
1529984160
1289820366
393629824
1935153463
1368015024
1303401414
748400445
304033965
512490120
512667685
771985678
745365582
1142618755
1212860858
221518559
501454693
1827038208
1218928827
1489663546
75084719
205088178
1802392386
488248235
1651949052
962758335
296397035
21578965
1125922828
913243527
476884823
949419757
295744039
1766705189
1343049581
83413854
987236565
498967347
831814299
1291270531
1011457468
1344481984
2063256209
1756823050
339617091
1128633419
1978341609
841071784
808187979
1049786788
183251682
883272698
1254874966
1985644068
1371520934
759340371
800918756
1667917969
780919336
1926841584
433677848
1257804159
728777693
729421888
877025700
2071827274
812835742
1864262266
423310974
1644650042
1008049149
1434768442
841648378
923821710
1044107844
1181265470
2052455129
874965805
2022337254
713159460
1924752593
58105289
1596432159
1032143911
2043749357
820469445
1791484282
697184465
340903766
424919970
476542402
774581614
1682724129
1205320095
1504003502
412266182
1129663722
169355597
129044800
1552974696
1814005639
1137093949
840259490
508170369
2060915659
1884367334
1689435839
1965887140
611849491
1564289446
531562952
389118436
1622394735
2127995111
1421262347
1518660444
800980908
1065262982
68361262
1141884674
1490182952
544903664
1916466289
1025423434
1750223759
1272986143
1437689616
732403833
1442341740
1566734416
137894881
1108863731
556344717
978154371
1617034101
469776728
715038057
1158986292
288180220
1326887548
575792090
819743172
1716005984
50703177
800254636
989784684
1569363622
1601235544
2055047666
1637724884
595636571
1397746970
35144900
364619212
275686756
1785368659
1637605355
1713376372
370288845
932463448
1132627140
508183726
2041327179
1688971857
1486338098
1510877632
11264937
53892507
522380277
299445157
1380780056
1098172367
1119188330
949302392
1148875545
1919442966
1939087076
570755519
1373194862
1846651094
60996755
1968831433
1096914417
96141655
185966997
1372601173
1881510314
1823572353
938493898
104315511
608552153
2071121038
612499238
502395684
1612609248
2098837336
2013273317
1623874185
5246195
388169946
1923319343
1386026251
1486342313
895024025
187844996
487734210
666983343
2126932072
1058489729
2040178205
1826099519
1119486484
1861525991
775530288
1215628139
2047492988
647813
949654806
1723581693
939141711
1053970317
184650198
862779102
1666469555
687045883
327904702
1617823243
552835552
1951778887
1623069439
941005498
1727614582
861612042
279864163
475154959
1049457038
767598374
1142138302
1028905463
1826088103
1034832860
707521334
798090940
748875203
1483051622
2013719079
648884543
1483699435
815890237
224982589
275357499
1869860555
409632787
1138136601
1388846462
1096678670
1466041303
859186058
1649514222
1270336542
334771849
443036072
850467477
1196383891
722900236
1325622436
98357282
1490498610
320277091
1127262745
1169103065
1355109951
1834784079
1967194005
2103985154
1170352053
1833429437
605386049
506567840
501836026
830368638
781925339
224212933
1240001426
1920061940
1613059396
189196448
1238619595
324761806
1838710671
361472490
659533655
134263095
1211939967
1855917546
857163331
390078755
1954274828
200178293
710355846
934053925
1369281359
2065465797
621354356
1188991716
2021967303
1791706409
874937505
479869705
150790602
1376773532
1310238343
932715941
1600986465
402756121
705294234
1066562213
591952570
1943913829
1391324019
283179593
157902671
2050857674
417442688
1369842638
1759291573
1274606020
1759921394
1566082753
1474784313
322793592
352653031
696582024
240775742
974007387
1885573741
115259397
618230149
613027598
595129102
769020751
1989801130
1905367446
1701736692
1443303948
160639919
259547278
362382513
752592489
55977460
1753706533
1035772082
213880131
1657080559
1453214771
1583722770
1268888484
580337143
1196160516
687487590
2055121456
1518954108
1040140621
604219833
1759729850
2014148008
342309926
1874989248
484894509
955337524
322634702
1253915260
797655007
80518500
808168305
93475307
241158420
1067715583
455857820
993750909
1123693043
62080705
2029522992
1337573175
1719161265
1335254115
773812297
840566101
1915591258
1969972813
1528053691
1823229066
1341443273
420710664
279965251
953689476
287375025
622275177
681195076
772269534
1577612702
1003829778
2026184795
227784061
1084348279
686869452
321259368
1325506699
1754585035
777117188
171773960
730794431
839197894
53813304
2068367606
410875511
1389067419
694696255
1251441612
1157175029
517185420
632011656
832920448
1858628693
1052722320
1112885699
664834521
1340097345
1735160877
1346029597
2112366880
1165289931
202375728
1991068027
1393073992
1286724007
530453831
1714333360
464747058
137555218
343966900
636521018
868349649
1183164794
690334323
789233607
1594040305
2079401742
1483929862
697998270
1089093124
2001115282
1330009926
1922013572
1712260328
235248598
887415623
229611201
1575345944
475092852
1575640799
1540229176
1640382783
1778016527
1383813555
885973127
917256886
1914267386
452822839
1382003944
2051822604
796789740
2018524962
772688606
1979954534
561375637
1561922213
1426511192
493293732
898368428
2124509462
1582386856
752000062
1307035740
1356916780
316776742
1542284338
96848755
546387944
970146634
571941608
2122028743
362892162
64840743
1752561622
1746705717
950813871
522334860
1513489455
1403636710
1904338804
1417828412
52942802
1775380118
43033370
2032897337
189272108
1604955583
1311924881
682565840
355840363
1288950695
117469048
1107840426
448502787
1474385828
1424617168
1990787125
1571234583
1971005112
813450112
2143176191
1945550207
1176342274
60533287
1550628181
775564344
1011347158
2072963041
141570151
267500220
1829818197
1559398563
320443023
1457714668
1602431933
205856712
1646986776
1059903869
1517781593
182068968
1415744232
659248640
299538016
376101010
1107751427
1773923844
1800718179
951054904
1197674779
1624239643
1764505016
1193367323
1422306203
793363643
1253900610
825450736
1568927987
117764120
750930130
1710498138
385264340
433264679
1122413054
705707363
1890979347
577361339
911564075
1390482475
1637265208
281862020
1572551443
905525793
941110660
1872089459
1281626803
2048862087
1498529655
934861334
852433344
548720787
411617330
469454712
1742088110
1833923533
1262818355
848505072
511890621
684262694
966269192
1262820751
247277185
1351533532
1696085431
1369690239
2057240896
1439581130
1947051578
821321323
682579958
1436833139
1103183344
107647753
194875284
2044294004
1979737213
1476502087
1945672444
1330783220
263879774
650622140
1879504007
675497104
1120076852
1474108469
361936989
235411560
175129893
873827610
919674254
1141399085
2136648362
1166951439
345448970
1685250145
389158030
255206218
977347627
188725961
1076527541
1659927585
1625559100
32227237
1767575339
1820434384
2076521242
1599828904
1149452823
1874710038
783128476
1413332597
377848530
515148836
2088829701
1497925382
1989257305
303283042
1733336942
16903551
1177110653
505527549
1158302636
1166275367
1672478988
1503751606
704041864
2061637019
1758957824
1681389491
102879332
688001718
1193833429
1728438432
720228955
813925120
1401389168
649266549
266270376
403358343
376492939
1049398852
1816690941
754341469
1564547688
1758036994
104783204
1406321346
2061320037
1838120146
1423224897
1090947042
196164047
434043885
109738761
1868643036
1937795492
813780625
1782796407
1549269668
347686468
1885675739
89787738
1541519897
1466630523
810016694
207961369
720536043
1459283243
474231745
1123894386
1835776183
1523630598
793101679
442634004
940694638
403655026
547417208
199532336
317491415
238053707
1622757233
1408438457
434217754
2056801119
1518177218
155377142
1847112963
184474195
1938173549
1248898983
532160663
1676365640
1338686722
2073680561
995512515
1219768
134158282
1716048558
1460503011
608390028
692459297
1148795546
2132020626
1485560976
1591429551
925231616
1889216002
2138846759
1124763953
59223769
229416818
600037538
1467662226
663634573
509355009
838355796
819011715
208984324
1022829991
609701617
1457883308
1554990655
138583609
649086382
1481187568
1134096125
650306150
1615345850
702661035
2110809161
76252230
1395120332
1112121060
60789208
733197661
556066963
986020825
474930015
547430074
2110784778
534153785
776846893
563338668
2001816011
1440481466
1072693678
692688160
112009533
1281678002
1715518151
721711150
592077662
1123025158
860294760
1241164044
456729078
1994390885
1891470194
2072074929
549568272
1854795708
843511
1944688605
819433120
61632720
530402618
1375500083
1047653545
1005332633
1922930157
1010954675
1539486418
552293402
1574293343
1393818782
1992774868
499503373
2086506942
2104784402
1781181376
1654541445
679011904
225775390
630082956
1539306664
1466939435
1086812034
1386213901
1210925981
1011403315
1935782174
918238041
1012246827
1732987131
1737671161
1073879547
115906101
965687596
2121533092
1121238734
741134106
985004119
513241505
1293427508
411813814
1907060287
1138718729
911317188
1846083581
1096019483
545014916
1353141378
1775031387
770790306
1983224334
1166854404
90246093
922552721
405584657
1301172075
1933956036
193883183
71926468
798719215
1926870314
1809597630
1872598762
2042776415
627801578
1846648206
1016531502
1368935684
684168677
1529773007
514879545
1095982492
1289349646
1653598274
2007299680
987949579
602134109
404830948
193607309
229681848
1175621254
29347996
1396536252
1265867348
951900717
1802120910
419555775
738373105
1996004093
491482243
1537092321
1775390760
153596225
1262207435
1670683527
781397804
961371994
539731381
2849840
1645540671
2069504388
517729385
594039515
1211370386
23844011
453855547
51836317
625978120
858686495
245443627
855659969
2034307750
274791623
104712573
1152691450
1226692340
1906833483
1572247225
1965065445
1755353929
2063729468
1354674118
1383261041
69842046
469397906
906460920
851239850
1430769900
1446192302
854089690
928826923
1368213042
1371819076
1522866439
432099781
1395663087
1976721986
483936098
2021641208
687924834
729379725
729817529
574748936
1004171348
834530102
1727440386
83380040
593879938
1152203963
2048445486
201750219
1068449783
1255635956
1585011260
1138291829
1725033862
343988532
1989531679
1008320114
1790180834
696137722
1937147038
1010910229
2067956798
1312529829
1443010010
1316136237
1141768167
1926946108
1190293797
1829693001
508842186
1920111326
256958289
1513013534
607157781
1984398675
1596393575
1201037719
989118990
1497355413
1402787938
2057568774
605507721
840315550
1048376955
183057936
1184304082
890424987
1191378050
827001269
1586562709
981041440
1837911498
1507035859
146087621
1133437860
675688448
1287855789
912900320
1865982246
970065142
1421742506
1638609924
1227023432
787272393
98284057
1063938459
236182320
1299321776
2053057450
1733537733
554626066
1963142576
191561806
1394941616
864035883
374619742
431762051
1754460870
1565997793
1258763320
1193539931
399555585
949191170
553092142
545643207
2082629030
1228780591
1833498996
848045702
947279189
656080490
122304561
438405465
1883103922
909576954
536689523
799558734
1145759274
1836011299
705132536
731813359
243153718
520791464
923375165
1638095334
1384827347
1297994908
2069857385
991804570
716509053
1181137057
37860853
1116064638
2130328227
590952996
1661707845
2065473609
1819733587
1347723193
766035664
619529128
2003803684
888340225
1057934593
1739423958
1797917179
1594624116
391499044
796192805
1283151768
1096631580
1528006164
1526305486
1617423044
303897681
1016917172
854766744
1601892589
939290910
1846571314
170917994
2120427967
1884432167
1286982633
2103272547
327901515
801206830
2021262508
151454
1446376
639814524
619680582
2005250060
1528154749
1677615176
1597190370
1178588280
1124755644
1988689415
1974781085
260423764
937837347
1355303601
1786729250
407776744
1659201283
656162775
1262543488
1113610224
1595453685
961631154
1284528219
1568398004
698579673
424027204
1524186903
1026481189
1225234034
1397965764
1026632643
1226680410
2037780288
1646313226
1084446822
1418451390
1176444754
534153545
449556022
153716750
375359312
276853460
414140515
1313196659
1632157061
53386117
1720973403
1143874696
709548892
836033243
110001273
157518929
1797664397
1394529492
1725916934
348760423
1818556696
1102620189
1375241612
896307082
353102305
254390607
2122987493
243398946
1900703833
1059950667
1661850336
929664939
1594104212
2111406358
1083381690
1969463524
240776170
1497522205
1135176536
1872933232
1550908322
708666291
869324280
112973567
1544699535
979325553
270492496
1194880284
226371397
1996409430
1543640707
2044928093
951545972
771398671
793751528
1304648277
1025789279
769255373
1548047223
779009464
1829206040
1062413911
1708674404
1275826605
1026336622
644572446
1097806481
1267112792
2142094651
85499369
992562376
1545519325
794165661
1861886657
1658492892
191381548
693728562
1928985389
1386261832
920099960
1777911171
782418892
817544405
581973495
1553817563
1611295933
1886621773
432123194
233067658
1287185348
1211132659
2062273699
202115612
772323415
1190616656
1228452234
1416895861
140939489
348081378
1411506864
226438859
1340643755
809542541
1020604520
1055046764
320551786
1211986068
1748775326
102053527
450764252
521391638
1879964698
1233183144
1338936044
314454546
639517060
802748329
53592671
1071640254
1035815988
1340778019
135289265
950606039
1542893631
907612680
2141222695
623862217
177024893
134678536
971943596
1588531757
361117395
165103703
250590651
1381721915
1220150467
571142437
446224335
821442145
673195964
896988588
1342833784
405677014
2130171732
534286180
720131560
622205144
1337034509
773724231
1693845399
225366849
2114502251
1829134664
1175972888
1509912234
589263697
1169711935
2133774452
766288590
1304390472
958234400
207336700
1665507867
1123338103
457927351
899746135
196004922
1029069788
1345970470
1017447067
1702265752
95475410
212797203
2107942766
78163495
747083383
680590679
700368639
2084117893
1454314910
246730390
162001094
1421333513
2075865055
1337973983
783762100
517645104
360202270
770052904
1283933694
1664592742
1728287304
1491270394
1182616962
704141759
1949197745
2082363097
900146681
830783885
1280849919
1917593748
385565989
1376325330
2130390952
346025108
1454488825
729990687
1026615787
7373816
666624932
333447049
254104207
828626027
1754780563
182485614
19116362
391059015
700130718
379318632
1161111919
1984064412
2043911375
741915575
1327851159
1079044689
1446057334
1129565256
1013924138
198720367
1960349142
147290409
2116314115
198431483
1523615739
2099221419
544456591
830620916
681728459
1571072378
837994733
1348353391
1904519428
1092098940
29495770
1511816343
1274584554
48612132
1902875358
1974715272
427930765
916503629
1811296036
324358492
1658419204
991663547
1403403181
956992890
2121228804
269843671
1155713257
1934094298
417134080
1124543724
2132525781
1940749820
1076281496
529498725
623887088
1758009955
2100571103
1461881821
958879698
1857606883
406497113
988375469
1221939578
1681081667
1036987601
977331288
1508313291
1464918366
1893834917
1172125680
1789276858
1404770473
16305579
1045196391
214279715
2137534383
1315040062
1369992972
1924145033
1732174143
347053049
1909187167
1525440315
1423334545
291202244
1843755
1033860852
244289699
1463725577
1992740550
2101896583
1870222690
833632371
1176352513
1403820710
1870619973
6200154
764650353
1188054691
1900035071
1936776033
829847902
1157321897
1953081613
1875044293
1371601612
1943132348
1042600708
594110937
1719793734
627291203
941163986
1481497253
5247870
217014883
1772699497
7091625
1250875735
2016989196
1470817202
1096132637
1971402131
1193556245
1929765009
1000270997
449893307
1652901334
1006471151
1214543660
693472377
759022574
1003836046
1523320279
1916344471
809434011
1250880925
1140462436
605082711
145997985
1734573373
177392797
773289188
528253711
1658890050
778537058
745268594
1284105899
785628683
1996144329
1153611448
108962238
944793318
977529931
1302518483
727074679
1977800928
1752411790
232492365
836788431
819471802
925964743
1595811006
1823307848
301801374
1364671829
485258211
1552682299
357650617
1090340923
1698680284
2092223990
1267733720
324485824
472994053
779140123
1103022882
1218262647
2063246022
1888651566
1066923328
1069373822
1997613804
2011716647
2046903754
1152648639
591307678
1877221034
757576781
823800044
566525818
1577048583
1749764787
14853176
1252872784
2051566161
1379525005
1738130995
1456764813
1737175623
680988270
1007961449
1681915965
1948721991
1332447274
7426371
580378466
287986508
1225689018
496140840
29154426
145128699
1565514663
2026768230
9361698
1464934769
1031933221
600669376
1194672155
1789510002
1424469420
1761197973
1219074938
1026750559
1776051149
324464074
930833073
1008092507
2062595069
240114238
597784482
596099692
1248075687
132216799
397338035
433039313
139643170
977716501
721025822
1365332189
1473857341
750180248
1510460888
891888356
629464831
1519822586
209339477
1661398052
2120491962
1404011633
1303424407
1397477735
1017725958
375015697
276744646
646293460
699479771
1207577719
1654385967
614591192
1447691957
104686801
1210690884
548283997
236903600
1608028919
981323310
376546771
438261772
1702349132
1741878960
1912119114
305045733
1104856200
656523822
934510564
477195138
865863300
448424968
450203452
122391285
1751849375
1847681187
1140117243
2126865072
2124425834
1786410703
678861195
1184519905
1293313022
1293452388
484728215
1397999823
356659624
1033012212
1634903424
1964688544
2014335522
2011450195
255466668
1569201007
1605845507
20102134
1874246740
563218059
676625957
661273656
1040413197
1542489257
1109698624
1490616649
1664880542
714064352
1190814189
657514137
693445776
1167756375
296441193
1372306972
204792632
1589754215
518275712
689520847
840270391
874935336
1722533059
327690167
692140232
1589384934
191656714
947606901
1011102293
1797502221
967709035
737865385
213236632
1644334992
1399139041
1253649829
1039340601
361354017
596782830
556737495
1075418369
1787597019
1214251633
1768864146
807869746
1510692826
993687470
1012662379
952963393
1511963182
1702183226
1793233784
239414870
1277232638
2120923951
931555103
719133924
165097017
1879162004
1730236217
1962599238
699387391
320617954
28352222
196238736
1719756995
1282002051
1235579337
2081111012
1878784882
1792316833
1009045734
1518898253
859084818
630426232
179284352
222293996
1624113702
1191946731
1175257389
988593236
746646309
821007526
1228008106
2023878947
794447829
12079561
595529223
959544847
1891241565
178281792
774660437
443145309
498899746
803012660
639384045
71173093
2085014711
1874963382
4800458
1816315945
1519796567
1013846192
1187730551
231397737
1644272424
1367014903
453691733
1120902478
411477986
1628949123
2109495714
1158124295
302473001
1190020172
1034519595
1096920830
1202099734
1630048818
2056465677
945857651
1808330611
683642467
1389002960
159746709
1486655127
2028387005
230919803
1424186190
1755866740
235720261
1093018488
1128179659
1249566453
133265391
1359577397
746355229
1500280294
1813269130
1867257707
1911758280
1294734605
1829269773
922398927
1597207606
871806297
1956918522
546644789
2073906031
1439483693
455626818
872280035
1100330656
1139269285
113799347
1260077365
478440764
2142186353
1490997168
1902626955
1750569445
1726717429
848161795
731265456
828800234
981427186
2090842853
1575155463
334223832
1756628336
1294929522
98498464
903879293
976715647
1020897391
353603252
1848521945
830332266
900248041
1774944328
122332311
1355874859
499740715
1222662967
347660497
613540063
335256684
826101261
608242768
1826253853
581244568
211328565
1405487634
1429406363
942594021
86804221
263349901
885953227
1661959684
597573733
495097915
809405559
696072197
1398977208
1786121206
1716969589
1752580460
1487159503
399818207
505344853
1114620184
522150518
1861219713
1614360899
1744813485
61396562
80417314
2080070169
887497823
688660082
1758840374
1468742392
899988647
1016844361
750665107
1842582669
1103648582
1014015009
581052248
618124618
1611588742
1076150163
1427530177
160177292
327643723
1066167736
1877146881
2080224184
405843591
129481440
438085389
1520463775
651631958
151821454
987341027
248961795
213218016
1067758341
181548316
1100715840
1756418424
1940388691
421974584
508923423
809749404
1172639691
204022444
1913397986
39171052
785074692
384038956
1650759795
1861224855
1811569134
1810937087
41384931
730253222
1540600320
2121609115
1136096813
1670081760
412210856
509076941
174230070
564032311
1496417968
423191865
777250327
416692661
604740181
1877966167
25627437
397645224
152457103
534550861
1207394628
1325096795
738573305
973308966
1364267847
1523647998
1357347923
867543994
1237389205
1021433409
530997433
1278774136
1751686631
2071597753
1252899603
740299796
1594195865
1665110460
1249376737
1768425935
81659123
598311057
44134152
858909450
1015003719
648874334
589391970
1040631156
1046519558
741849073
1575182017
106430539
2066945868
166271675
1079739505
1283730068
1689919673
289603780
3790414
779825230
1311037189
534787848
2058599367
915240172
458901953
1164015322
1655539969
2053097819
681642134
757433058
1674040106
763301257
1355744116
1718174259
1622210708
223264187
219564945
64119030
1263895343
1266084503
805968103
691593713
1372515042
725430324
857865388
304770900
2009160392
400301413
594374680
2012950806
1180126643
1905411870
400255006
1091242362
673168394
859156960
107774037
181224715
764771131
789416171
938657774
291327589
1552717429
146918242
2009501848
1027444489
370182429
81583145
1091563519
1634077772
1347667649
1897531622
178187837
572699043
475478298
1036053225
877469943
337155042
1436354638
1471844624
202622201
468997634
1229772846
602877207
1560239996
1902941240
1462034167
1668014033
2084165956
79321650
309946557
875340082
370649240
1862663986
1022258324
232667440
742624827
1392440753
314250586
1834188346
879034877
1661918235
1584236320
1057222715
87133630
2059714619
2093275940
964603574
249386013
1382146931
288964550
452008214
1851144565
1518737396
1054885422
1263900913
1274194988
369435941
784431299
1210877296
448757592
1094377856
2086217378
819406832
809558194
960992054
1052074272
1552183021
205949159
1366324858
1238887719
1084984037
880759445
675640391
2142206752
967893076
587871362
2087999044
1932496650
837257376
1322662327
73977552
1289265590
1026323244
1592714948
196667364
142740510
719426288
566103306
927171809
1930303585
1014860898
2021549665
1869037315
1834267730
683624211
682545722
738858354
88323584
888494881
2105183213
1327211303
1973478918
838459010
2002851694
1968202022
1806352086
443239409
1908717419
1591365088
1280496785
1083896098
1665342640
422278727
2110219343
1110573940
618946092
105476205
1830000229
1185049398
1032648014
1612820166
52426648
906714031
1334373833
1886694378
1590338242
2016919555
478069084
1678661826
757930789
435768649
858389481
583926059
1274227660
713757527
404644434
933096098
1156996936
165878205
376977539
290010073
1249774303
2042320179
712288801
1212509998
1005410472
1331234893
1317986203
687927053
368800643
203150569
153263571
421227291
1109864600
1487637404
160438021
552719194
1357073312
638507105
83897372
2115004101
1074275755
942286853
551446512
201019767
1656044381
956090946
1134115865
665557669
1121969151
1511093404
955567743
224259807
1405929936
1667856544
1436769805
263856760
851607789
607272361
951783813
1220408432
810422930
1105047384
1641635723
1920287531
445201140
1802073744
325523077
1802274452
293097201
409420450
1769794905
1367372956
1351707303
173757770
1568392723
860268036
1129848716
555024941
1525825706
104334220
2066118345
333909801
328594027
1324564633
2001766345
1765363832
1588421393
705890486
225152545
392721558
1926298918
1035575476
1497768942
1420450993
808379359
1942970083
1075041089
1133902436
1597760887
1368138290
1543322886
1220072145
588027599
747546542
1393829915
8936674
1607814578
376194983
563961615
986156636
480529203
482596313
1320066437
809123230
1807160946
1174349134
427003415
1248098692
1880239620
652155960
1640820250
1659054890
1687731436
991105545
932022235
348627147
786591980
2007063324
1482529584
236869219
1227717967
878368822
1456941364
1815745566
1625915364
703287631
1824682240
1086246295
1079482615
241160208
2072402931
1560011818
723756521
1244985721
221651401
383433819
271851207
648654816
1631532511
4607180
1300810776
1124869114
1663662070
841058565
2115974659
448200658
1189685712
755082991
307780334
524731648
991952210
1535498301
1403100471
301409927
1203760219
881532187
1004697558
880958812
1967778482
2084180173
1122119020
1892697766
1496708344
1845875541
990199839
1718359745
81825712
1262051046
219530913
1713358224
1266658226
1520341689
690743690
782836649
213916606
659234701
1231037307
1403602319
1414317692
1538817641
1928333967
258786254
926832295
1183950790
560196181
2130592514
2065482978
1564893740
864067678
1885777812
1501590265
1986186698
1630991930
850814961
1684578591
473708121
421691058
1766404304
1735759168
641221971
1332278880
854933746
14080013
2023022570
1637770395
227996619
534773623
721324054
1631598938
1949091315
112658048
1412449258
60393921
1039490343
448916400
620590103
1022599209
366915730
38000195
1886666888
105209895
1539590460
1725369938
1736201825
242921774
1262464882
62426299
664612832
881385538
1798185467
1305834804
66180770
505635565
1319914817
2089203340
2143405961
1547911436
476493315
717246367
1032026727
278100982
829904415
296992337
338494903
1869394758
745908737
959085006
744510320
1112824468
997085201
483693560
1218034363
389192014
61579850
806752540
632113788
1324044732
869178839
1296726620
57946622
519880658
455077776
124127392
1025516224
1774992593
65847084
1021438537
1175420382
542340399
1738684904
59963461
820441381
421105672
356955798
1158936285
143016782
1102864535
2118021291
887527102
68205355
967622845
1371220662
1286239718
1356814859
1432800513
2092992259
1988928647
609361597
814687450
1138171619
667308220
1334568109
1593249396
791435612
212600685
1220758341
857282697
1234039222
248695075
1399623096
825240478
308658536
72580830
1246346150
665614334
1231517115
1389362933
1768478870
1202054758
129406387
1836684225
22193955
1500627050
975440296
1379008814
785943915
920948907
1220453813
1395305512
1735636357
211141785
2062613732
922720818
1804391181
706565697
1135321503
877665874
1563848394
221877077
1126360950
815987842
1047117556
1435019486
888568672
145980058
2100633821
2120085787
1535342991
1721629043
1174656898
1664749379
1410829620
1196850853
1017892781
238786268
428376020
1803836696
1159735175
1648829833
1051658560
747887885
1859971618
966788645
1670608703
1516879151
1673354342
658446559
247061378
1089719088
880323636
1373422328
1905706930
1927441192
660958166
646791955
2073421251
614108339
619394094
1461280594
188253734
1794050992
978546325
1599083355
843418198
1996439106
1837869623
1271794218
1652792154
850121151
773140403
556967067
1598009036
485628374
1523755712
1121134091
2002507525
1049626406
1779580650
102085255
2139345494
512420639
1475507583
1897568776
292378183
2136465750
396877083
218315786
603090441
1016271178
1679596381
791344176
662838522
510659058
242943883
1506256720
359614517
2080813506
630567290
2012406671
783451009
1403707694
421890090
233976397
1889336068
1945645802
1355110489
1744359945
847788560
987207491
1846445201
839650406
1499628130
1174469136
589735535
1792006314
1163451238
986612618
2010322100
1766541680
2002883796
1542434833
410402208
518238671
2053093892
653346091
2024495391
265224761
586675949
507579034
130147784
1370126959
1911286728
552037875
1604103356
1653139148
350200029
811730197
1250015445
1197988590
1798937689
948976998
2037638996
1151082171
2123446135
479890883
795604837
1139413725
1466503502
658443290
758471757
1321903650
53394475
1168873965
1840142321
2106488367
1822220056
1717154065
224229480
261412358
77249451
354377265
1631539317
1988536179
906415140
1088159025
1494191679
1256615169
1899889223
596723476
307120111
1551343264
1545700475
197275460
554941787
1521662962
677166343
1350546625
513593039
2143669845
2008989915
1272064797
1318089848
2062384390
293455114
1010748521
2021389110
2115675171
580418938
98134942
229603881
657668389
452512207
1861143198
498720920
1358927347
801818575
1992912599
468058869
554224150
442152428
775178980
2105567414
1987852903
972454440
513025554
1362032217
1649620784
1863572179
1875625256
1645806981
1725078446
1000206405
816413181
1639979188
1293661520
1827161703
1513884650
1261853043
260096993
1612019593
1491456924
917765383
2064531800
1205116474
1416486303
1275975500
2006935049
1261915255
1744034369
413675552
1704067683
371729701
371759318
1544436938
1344184142
884784872
758985507
846321278
600873403
487127115
344644611
178468201
1487333521
1161057793
1818447390
633511393
840735848
1184848392
1895364436
1100832841
649384337
1239337712
2018598224
566432490
296970538
1287600880
1842407990
156421939
402032487
1438958711
570097491
2106100170
1810688412
941856810
1503053460
1007388906
1826641682
114555319
1853710184
280031438
601682434
50871148
458499639
2089015955
1211928941
129463381
575043700
2052664789
1314311774
322924488
1006013982
1963696111
1562262200
877128559
382644953
1859232738
17245791
77569295
2015654678
419278278
1516528006
438268521
377894800
1179732771
1380125331
1880948260
39638029
1059283366
1995503579
1893348214
1339314804
449702365
1944219362
1797814443
391234673
1008664655
1927277825
966278373
913845796
1094105951
1289202862
1919859778
910318414
703981414
649504689
1292963368
415730505
666750480
1370532663
283901535
1086028758
739577022
722170056
1463923558
1919309793
2102295388
1197388170
1958947822
1014095106
1045408101
1704812388
205926262
1495110467
1501548102
2003740705
1886345140
362729109
1783534882
705139865
1276574905
730157185
1994342727
1048951036
1640475600
550840494
1698455725
785955320
966570999
217722558
9004335
1250472534
1303751316
748581357
1972642590
620191227
520407502
1927454330
1817579397
331871677
794065788
715503851
2036684065
999992050
63130670
1390748520
856249108
1949475810
1753477629
492300342
507132027
882568887
1222457528
353991107
1931519923
715449480
904831601
1482492000
1501404800
1871402600
1700214558
1510409135
974391486
856482227
111506845
799550428
1476673454
631914347
579521111
1146769203
963786024
1373586899
1862273054
852986442
226095302
1925403724
96251314
1082344410
1727395886
1849728943
1574644752
87044266
584814182
649618632
441035373
368850457
1365068112
1345866974
1851342458
718989264
1069785926
1404073368
81914752
2044177412
113071947
193421597
696244192
1589745401
825335944
1275765303
589030957
1789121969
501868555
303820363
494624763
727963857
81740440
590876077
1810308267
1809136326
293121372
1237469371
1896180592
877935555
1887088004
189732317
1246786012
1104672468
1535599291
950644822
1823661733
457901569
207234543
1905576485
354595333
320306490
2098998082
1050839526
1910051892
776850378
179121181
351599201
418488699
680989736
655419564
913113462
1408953593
737160004
1503989539
1071778212
398812683
1797110912
161763936
147509627
527562819
2048851940
337241945
1774348831
1006040760
1872841236
577510006
682218845
183259158
784744549
440311682
537854491
1105051039
391826116
1588694017
867619283
1168676495
1767815199
1219218484
1587165194
301321287
1874638049
352795009
1710274881
464314405
1856784548
634569445
863127088
1506411812
796333381
1010636716
2033974631
697701673
1347878661
1660839815
1703742434
1073236249
90866173
238477631
1256495407
875610722
678789314
1794349899
1980661761
1070615430
1235560268
700797397
91808277
855891819
1920015881
1678973472
1157213107
1647170282
2031768481
720004340
2111484688
1741069381
1354573785
827128128
1099997546
3423519
1837764844
986488529
701125192
1038159857
499844696
257383978
2111396107
590710869
495861610
1220407866
1466321591
1174650924
867274117
1299499705
97782706
2102834386
2000297102
189590984
811242557
1772829335
1868564456
1968455664
1272515970
1752849289
540976356
1236517010
1346435022
1895550142
2063645138
298948920
1898973661
1753926335
1285437450
452615205
644602544
1785282146
709999184
608515003
228509368
1205860794
1828922870
1694830959
233028070
548713339
846847016
330810776
504064077
699660470
520401760
1315306635
325006158
241482568
1136278651
1597522128
1994331857
1677255008
686555490
1193283232
1425321502
602716980
1492232152
1176811515
209159667
630185954
1629426720
853762212
267984453
191942256
1462277215
496493821
1397803050
1143716437
43841132
1630831120
1692429777
890688149
1961641897
49010206
1590348619
334560009
1364316841
1915354777
576042578
353111845
1365393257
422890787
2030366853
2051948747
1616174019
1308204707
507182080
960922524
337532574
716341747
1591108478
1966959294
1570103959
1859092931
11417903
884897527
208103104
1409220953
2028613964
251944237
892568426
1573560093
1142632386
706726675
1622570300
