351065813
1636551346
331129799
1493248220
1032780714
249383594
2047193974
1570373567
1582804029
1489934385
377909141
1443141952
289544736
1025775288
305647755
390836481
1345357508
1983835460
1955784725
1900832269
1961179440
2067250345
1272764859
555950454
350203245
275878803
564211662
1797281278
1547475489
1163477917
164181320
1898541302
652545616
495311119
1244305875
1685326330
744694713
1144016201
1108216250
180015094
486466938
1486125391
1623157046
776011674
364417031
1928804802
1166848155
1709774539
1765156614
975149232
1463123161
1578852407
894915929
588404372
2134802861
1245119175
864283176
551530876
894916805
264275017
1715008793
1059098126
15332672
220070761
1554409245
1259638547
1905397092
151620311
256171100
866129694
331635405
742638038
204771437
1954792452
1518649713
569188469
1736113606
538014220
131479360
1353786572
1513163453
1594602521
785155331
260595734
35523246
772474545
1505714909
899806422
1324005421
253148067
1164081439
891530566
1312246193
1179414111
1111601328
719171790
291569010
869514772
870792101
547740110
1735644466
1202427507
1290378149
1940415903
1009736311
661544214
362120724
598366269
1199558434
493600085
1952152841
565238239
2088202606
589824525
825833974
2123725852
1362299070
184065235
876048626
538820843
437213302
2040130066
1430351409
1749459495
1072060529
394469089
321147638
1363629540
1263983861
1191939739
1911369650
852144679
246883598
1054264151
645076935
1256619909
1715808365
1007197659
1854986178
767883152
1500797744
1659655372
1333121391
1441516703
101996249
11471717
1417758907
1464295319
195536953
146323886
2003116162
632750255
38970304
1285983923
234726103
1111030833
1680453013
555873741
327176725
796953226
1747813480
91062728
1649097906
1994697079
1145326879
146691193
1103833340
713651597
1153888852
811335871
1481534749
507202949
323507595
667172492
1948719652
425503844
678644210
1218994911
1889799163
874181163
1365318797
1745431677
1506931418
1404289101
883931952
1741657521
367836287
416901317
150047614
695013012
1213854544
1897861095
786075740
715468802
1745074526
1931402620
862159995
701424218
497570569
2016048847
1512760089
1979105318
375768148
1836267684
498794162
177004152
114287880
1177438372
1395999064
2004087043
2051619535
613834213
1602035072
1411067306
2018123315
338483377
1005241179
238475954
755384694
1155288794
933488966
1969239238
905666241
1719564707
537224392
503257119
1503483679
1399384387
1204681337
2001054248
1267949587
569957779
1832675918
1643717735
258741815
183986432
1820721888
373029696
1361424805
1069237304
229633091
1265560692
1683071517
1831668164
529144350
1553711184
22667893
1534385530
1792187138
778052587
542190676
578192457
599808178
1447856917
150273516
1137032570
1951114036
1653757195
388933310
1008311725
1507327795
1656882897
1578269504
1192520065
1153116984
1837011320
1376506497
826355224
62557368
590447654
1895592528
292190459
1856008347
1431180398
2123858623
237669049
837407934
2146526516
1772054579
482111425
777095456
166761607
1060303882
1376903634
1614618524
1210577398
366452556
1418248912
716850945
755385866
279076990
76695092
264785115
1857346494
1269215157
1417902100
1546874166
498238006
96773676
1609431534
1088685661
1992366205
1901621994
797210360
1276062955
1877996969
1034879409
2113470889
1877039838
659450341
448098666
506651646
826211948
1508402548
1883555280
293346825
571496298
102524188
1711595737
1288347243
857910055
1990672727
1365042335
1122695170
1700535574
486773844
393113622
1099926092
985011851
489887299
561873979
2073697512
334769856
316012325
723424224
1610832811
46525646
1758303633
1576820052
1923565484
270270326
2024918719
282733482
1096482275
1385837619
18805114
1389829100
1957333918
121329303
953941189
1098197513
979239358
797130269
315756201
2101934528
350182195
802530045
347564503
1450108287
1787541896
837451802
2011982266
1713755760
1172221658
180510943
289696336
635570821
227036590
2047999970
64907225
3118426
170786648
2089825944
285851909
1267268923
1328179916
304657023
509614375
1138030186
425986326
1463555565
88744051
1405225684
113202186
404500252
1359676565
463384381
1207030298
