836682727
2107178062
1887746149
165637014
1908919053
1298906541
1510563821
834282584
2122053866
981272008
565945688
281856059
532421803
2032371367
149258646
1761643840
1641191772
656311003
1400271532
1816015599
147586165
1511519084
907711637
223658908
1575096074
2035201439
336977907
217774812
128221232
1876731694
272099614
964903959
1836426109
12362116
1130540973
1597861514
1311268657
493621146
284660450
1285838876
1474893155
850606138
1567694935
2007314958
735493857
1716953581
1621475151
229201981
225780937
874263035
2045217580
373367102
238298472
805445570
597026010
1813394546
693163361
934003917
2031169358
821384593
663251964
155785324
1786288552
352194425
168147440
769345878
1950055939
1479416098
1262967024
87232742
617771326
590376531
937838880
37982613
450207842
1673332738
1754936195
2071682993
1902534719
1980717132
798462380
1800268652
206600586
1036760852
458230574
803626596
702671750
1151393935
1737630513
586357460
1972778529
253398829
742142785
1611583433
605593254
910290225
233445663
408165546
242222675
1496412688
495398288
859994001
2086789219
1433237168
897976615
389513413
959086258
505429162
313712758
714137330
338662646
1112175139
366922334
545263232
1452343
825152908
1348889828
704124094
1976546843
939036693
1290481554
1801841724
1192435523
2032624339
1265941510
1798028777
795430917
1499387173
58710675
1037653592
848316213
554108963
1897647594
787621785
1987346132
648140561
1177135198
798948742
1153569723
1490847957
1513086072
1492232369
455539448
1880008406
2037495601
456991791
557677666
1238901781
1161115885
386740862
30454826
304113792
41098938
1222890349
189254483
1307040448
873435479
984685400
658943974
932146154
2022338993
1507260187
1486255118
1772502939
147398324
1326117602
273159852
1324533523
2125066344
1426729575
667897832
1490668769
771478296
1123437280
1223193527
661490249
1580429071
1780871194
1900392030
594061309
20128408
1930846856
898175101
61227346
1006253558
1087429584
1368267795
1879689037
2072114985
2027211769
664351543
1946970330
1386988308
3123013
1571989621
1534386633
1329240615
1845149473
711436508
1306823312
1124395400
1379334340
650008433
1895873696
355287972
1873201960
409880297
1935717043
1506589506
162788679
382294704
1526717914
2093635535
1280469805
1587945261
952405445
220415742
808729408
684610834
145047079
688457529
1348962378
2092017409
2075445837
1352085391
1516523382
1462348822
533842359
1214189207
26301682
1840665671
191100959
1405636022
343190456
2086974655
1760923994
68908768
349371304
1549157390
1575498275
512159983
1931452094
954732541
458311870
1064438252
395194154
1410717316
1284853994
1203923562
2095328150
1429901073
1892381091
1296806880
1374434834
1820343281
501408624
743474568
1135208455
1035250983
1957663775
1161510138
728433006
1281086
419662512
1071623462
2088255741
33102859
1140532230
290143397
1582260249
568546857
802303380
1366228695
1523279399
1260615250
283183299
1918473553
523848918
1568037293
974913468
471693421
850454718
719810911
1768500301
77405904
392670544
122425277
820880472
1527879000
1157676260
631060599
541905490
1886109266
632341685
961568002
810249080
573113778
994670861
1950781311
863257175
429447462
371844520
1665560555
1795676158
1895123919
778692158
2078859457
1666113825
1302541076
1499413103
493543645
1774234497
202384173
1213354556
1395251151
279790078
1606025101
1517676428
1100670550
986420453
527869041
1731731150
1528325943
266494659
216589187
342410297
1076743740
789702966
1337081159
880041403
1652960141
1766528621
1251885923
1171037049
1414721131
999526195
1949729207
1346096941
518156372
1104786635
698026396
1011700017
731537485
900410569
77570925
2126788636
1180200647
1683596026
1496981416
133387550
522532831
2024850457
1865118700
2050858774
143861469
2081707887
245785424
1220605209
723927205
1582866583
2100646612
229403699
1201911556
1205048887
1400440748
469149040
57091434
1202686307
1815245981
575247806
159989294
365788729
1586947823
891526779
1266199298
1664518749
870831767
298916298
1200631127
220329536
432303848
1723163959
97696345
149938900
1626539085
241557814
84163139
1872324509
1462163023
808090345
1307707444
1415325987
1037494044
362135353
472891227
290451144
831284393
529982661
1493137451
499046726
1105230468
1653126745
864835455
544694643
397169877
2131034753
61729744
1268001644
282467403
1262360872
1488331180
714771251
838041183
1586027526
864710151
317096620
1827585340
948873291
41937482
1142264716
1756963636
1349644926
410107055
646974032
1711780279
882998282
937425176
395581024
1412980944
283078979
894627750
370727764
1936205724
1759463205
915422407
185891953
1743014311
977152152
1453893598
2025481714
92029376
794741130
592769318
930070559
233285008
1457479469
1247167179
2060870349
258869112
1289104661
1055651417
2015832748
491265940
1465758472
515323132
55562571
201273107
1452748308
451143596
1614254051
1735827287
1345771346
1984981815
1524549364
957750904
752920574
1710441317
553281567
1730072726
1016851267
431279633
1822102102
1811592398
1024048951
604689013
2044877406
334044773
1851856193
1958264107
592913885
993477206
866431876
461262986
1484743146
184706701
976586118
1540305718
385979808
281850779
1991449314
2000233859
2017678066
1189737012
1837732026
1394743782
4268
443168952
957701452
553285835
25758031
1974552719
984565469
1847860133
1638661469
2008614420
305065499
1536055228
195175545
9438044
1346835687
788089431
1002915250
65783916
1249352417
340174749
250490617
78454887
1880480467
636470425
360305666
1724446133
489220636
230500085
766699497
179469014
1625243867
766703766
622637966
435461671
1319989601
648395997
262530743
157071422
348772483
1901192212
18202195
653837982
1289763792
213377740
663276026
489115832
1001467171
1666191276
554899748
103335940
2006366025
805390365
181790828
1739362844
1441860790
542096494
1316325329
1931081426
772596579
2083024827
2110550440
250356799
702244945
585704758
685818470
2022234546
1234100756
948349213
31822321
1582873239
702057778
50024516
89227573
1991821570
263402256
752503599
333453754
1264869428
271211227
888353502
1368205368
130093605
1693743867
1549996196
1869456449
988121009
2092092691
1038298131
771718787
717205622
973839310
734785579
967562421
1676084255
1320490338
1653380892
1550835153
407107446
454246457
1582657474
1989980685
1156304235
1632681990
2079208258
1000642158
1896084247
684228209
1334095912
1013470027
955439436
74965767
234191747
1085533041
1768709634
1784187944
807505843
609346996
1728796987
1845803974
1381065783
298518961
672159636
2115851363
1266081383
200760243
1288858053
771978627
1751595396
1695965499
1226225084
1186769223
1538462536
235045672
671967565
1470187146
1235687830
420568164
6931707
422300094
1434038191
962371143
497265861
1668229939
2047904185
118491848
1304934235
707926380
727838844
886247574
406246706
2108904627
1184766535
1078406342
2077272342
303364270
1279166585
1218646747
1075342897
883278333
767128598
154084334
